0 0.446875 0.183333 0.162500 0.088889
0 0.442188 0.231944 0.162500 0.113889
0 0.407813 0.322222 0.168750 0.211111
0 0.329688 0.240278 0.081250 0.219444
0 0.266406 0.287500 0.092188 0.269444
0 0.235937 0.243056 0.062500 0.225000
0 0.932813 0.641667 0.056250 0.155556
0 0.896875 0.544444 0.043750 0.133333
0 0.857031 0.800000 0.085938 0.161111
0 0.692187 0.919444 0.190625 0.155556
0 0.497656 0.951389 0.067187 0.091667
0 0.693750 0.504167 0.162500 0.247222
0 0.694531 0.313889 0.098437 0.172222
0 0.742969 0.662500 0.120313 0.202778
0 0.633594 0.276389 0.123438 0.163889
0 0.892969 0.645833 0.114062 0.169444
0 0.826562 0.577778 0.053125 0.083333
0 0.517188 0.338889 0.103125 0.216667
0 0.581250 0.381944 0.071875 0.230556
0 0.598437 0.302778 0.106250 0.166667
0 0.441406 0.506944 0.142187 0.363889
0 0.557813 0.593056 0.125000 0.347222
0 0.327344 0.715278 0.223438 0.286111
0 0.317188 0.883333 0.150000 0.227778
0 0.773438 0.384722 0.050000 0.102778
0 0.697656 0.227778 0.076563 0.116667
0 0.673438 0.201389 0.090625 0.052778
0 0.579688 0.201389 0.125000 0.102778
0 0.700781 0.422222 0.135937 0.227778
0 0.770312 0.223611 0.100000 0.136111
0 0.767188 0.381944 0.046875 0.069444
0 0.762500 0.259722 0.109375 0.152778
0 0.875781 0.538889 0.035937 0.105556