0 0.550391 0.180694 0.159219 0.096944
0 0.555703 0.229028 0.159531 0.121944
0 0.582266 0.317917 0.173594 0.219722
0 0.666016 0.231806 0.084844 0.223611
0 0.730000 0.277083 0.096562 0.276944
0 0.759766 0.229583 0.066094 0.228056
0 0.108047 0.575833 0.044531 0.146667
0 0.319375 0.923194 0.186875 0.153611
0 0.403984 0.317361 0.120156 0.191944
0 0.559453 0.503889 0.149531 0.371111
0 0.077422 0.663611 0.055469 0.147222
0 0.156797 0.594028 0.081406 0.112500
0 0.145937 0.790556 0.109688 0.127778
0 0.442266 0.604306 0.121719 0.380833
0 0.352656 0.521389 0.155313 0.246667
0 0.377891 0.636806 0.144531 0.345833
0 0.463359 0.365833 0.100781 0.249444
0 0.377812 0.288056 0.133750 0.165000
0 0.297266 0.438194 0.141094 0.234722
0 0.328594 0.294861 0.104375 0.183056
0 0.700156 0.788472 0.208750 0.357500
0 0.416016 0.195694 0.127969 0.100833
0 0.232969 0.709444 0.117500 0.313889
0 0.253750 0.398611 0.079687 0.198333
0 0.287891 0.630278 0.112656 0.211111
0 0.751250 0.475972 0.109062 0.371944
0 0.203516 0.290278 0.043906 0.107778
0 0.227969 0.254028 0.030937 0.076389
0 0.285391 0.231806 0.116406 0.153056