0 0.714219 0.814583 0.150313 0.370833
0 0.748984 0.444861 0.143594 0.323611
0 0.528906 0.343889 0.129062 0.267778
0 0.605313 0.344861 0.141562 0.270833
0 0.391719 0.878750 0.273438 0.183056
0 0.541797 0.953889 0.124219 0.092222
0 0.557578 0.186389 0.135156 0.095556
0 0.721250 0.242639 0.157187 0.110278
0 0.701484 0.172639 0.157031 0.093611
0 0.436719 0.246806 0.139063 0.168056
0 0.334453 0.239583 0.083906 0.124722
0 0.371641 0.189167 0.094219 0.061111
0 0.272187 0.627917 0.139375 0.206944
0 0.201797 0.802083 0.142031 0.154167
0 0.088359 0.573750 0.067344 0.185278
0 0.282422 0.289306 0.050156 0.176389
0 0.247812 0.227083 0.069375 0.071389
0 0.256641 0.302500 0.038906 0.142778
0 0.223047 0.280694 0.061719 0.090833
0 0.302187 0.431528 0.146562 0.301389
0 0.171172 0.655417 0.100469 0.211389
0 0.115625 0.749722 0.071875 0.163333
0 0.322656 0.818333 0.183750 0.108333
0 0.307656 0.924722 0.209063 0.139444
0 0.356016 0.762361 0.177656 0.127500
0 0.227266 0.333472 0.033906 0.123056
0 0.423359 0.678194 0.199219 0.255833
0 0.244531 0.424167 0.054062 0.093333
0 0.140547 0.583750 0.084219 0.152500
0 0.200781 0.327222 0.017813 0.061667
0 0.117422 0.556528 0.049531 0.120833
0 0.107891 0.486806 0.028594 0.048056