0 0.717187 0.811111 0.146875 0.372222
0 0.755469 0.437500 0.126562 0.319444
0 0.527344 0.343056 0.126562 0.263889
0 0.603906 0.336111 0.139063 0.255556
0 0.403906 0.856944 0.214062 0.247222
0 0.517969 0.962500 0.123438 0.069444
0 0.250000 0.658333 0.106250 0.216667
0 0.720313 0.251389 0.153125 0.147222
0 0.689063 0.183333 0.184375 0.111111
0 0.434375 0.248611 0.137500 0.163889
0 0.324219 0.248611 0.085938 0.113889
0 0.371094 0.195833 0.092188 0.063889
0 0.335938 0.534722 0.175000 0.169444
0 0.184375 0.847222 0.109375 0.205556
0 0.086719 0.598611 0.060937 0.152778
0 0.285938 0.284722 0.046875 0.158333
0 0.245312 0.234722 0.068750 0.069444
0 0.259375 0.308333 0.040625 0.138889
0 0.217969 0.302778 0.067187 0.116667
0 0.296875 0.441667 0.125000 0.277778
0 0.163281 0.623611 0.098437 0.130556
0 0.117969 0.761111 0.070312 0.161111
0 0.654687 0.659722 0.225000 0.275000
0 0.310156 0.912500 0.210938 0.169444
0 0.346094 0.780556 0.210938 0.188889
0 0.417969 0.655556 0.229687 0.188889
0 0.227344 0.343056 0.039062 0.130556
0 0.239844 0.427778 0.048438 0.100000
0 0.200781 0.338889 0.023438 0.055556
0 0.120313 0.561111 0.043750 0.094444
0 0.111719 0.505556 0.029687 0.038889
0 0.137500 0.591667 0.065625 0.094444