0 0.444531 0.183333 0.157812 0.088889
0 0.439844 0.231944 0.157812 0.113889
0 0.414844 0.330556 0.170313 0.227778
0 0.329688 0.240278 0.081250 0.219444
0 0.282031 0.277778 0.070312 0.250000
0 0.235937 0.243056 0.062500 0.225000
0 0.882031 0.622222 0.067187 0.133333
0 0.592969 0.308333 0.117188 0.177778
0 0.925000 0.641667 0.053125 0.144444
0 0.841406 0.556944 0.082812 0.097222
0 0.858594 0.772222 0.107813 0.122222
0 0.695312 0.470833 0.156250 0.169444
0 0.676562 0.909722 0.200000 0.175000
0 0.610156 0.643056 0.114062 0.363889
0 0.521094 0.363889 0.123438 0.244444
0 0.620313 0.287500 0.134375 0.147222
0 0.693750 0.422222 0.140625 0.233333
0 0.657813 0.294444 0.109375 0.166667
0 0.514844 0.608333 0.164062 0.350000
0 0.578906 0.197222 0.126562 0.083333
0 0.251563 0.505556 0.112500 0.388889
0 0.756250 0.369444 0.065625 0.127778
0 0.735156 0.658333 0.157812 0.216667
0 0.792969 0.275000 0.042188 0.105556
0 0.651563 0.847222 0.200000 0.244444
0 0.662500 0.561111 0.165625 0.222222
0 0.680469 0.219444 0.101562 0.105556
0 0.757031 0.258333 0.082812 0.150000
0 0.785937 0.323611 0.028125 0.041667