0 0.555469 0.183333 0.157812 0.088889
0 0.560156 0.231944 0.157812 0.113889
0 0.585156 0.330556 0.170313 0.227778
0 0.670312 0.240278 0.081250 0.219444
0 0.717969 0.277778 0.070312 0.250000
0 0.764062 0.243056 0.062500 0.225000
0 0.126562 0.766667 0.068750 0.133333
0 0.240625 0.886111 0.203125 0.216667
0 0.233594 0.319444 0.060937 0.111111
0 0.438281 0.625000 0.148438 0.383333
0 0.485938 0.375000 0.153125 0.222222
0 0.385937 0.283333 0.131250 0.166667
0 0.714844 0.823611 0.145313 0.347222
0 0.396094 0.219444 0.104688 0.133333
0 0.408594 0.315278 0.160938 0.186111
0 0.271094 0.677778 0.120313 0.255556
0 0.753906 0.505556 0.085938 0.388889
0 0.278125 0.293056 0.062500 0.108333
0 0.632031 0.658333 0.123438 0.361111
0 0.218750 0.270833 0.065625 0.108333
0 0.464062 0.190278 0.071875 0.091667
0 0.185156 0.691667 0.098437 0.288889
0 0.519531 0.741667 0.198437 0.388889
0 0.110937 0.501389 0.043750 0.075000
0 0.322656 0.219444 0.092188 0.094444
0 0.300781 0.495833 0.160938 0.252778
0 0.281250 0.375000 0.093750 0.205556
0 0.223438 0.415278 0.043750 0.158333
0 0.067187 0.661111 0.090625 0.138889
0 0.153125 0.594444 0.109375 0.111111