0 0.742813 0.744028 0.179062 0.409722
0 0.739297 0.366250 0.167969 0.355833
0 0.512656 0.337083 0.149063 0.296944
0 0.588047 0.313611 0.161719 0.303333
0 0.393594 0.892083 0.301563 0.215833
0 0.567031 0.948194 0.132812 0.103611
0 0.526094 0.184167 0.145625 0.146667
0 0.691641 0.176389 0.163906 0.149444
0 0.665234 0.113750 0.162344 0.133056
0 0.412188 0.270972 0.150625 0.201389
0 0.310859 0.296389 0.092969 0.144444
0 0.342344 0.235139 0.097812 0.084722
0 0.288828 0.698611 0.154219 0.240000
0 0.236484 0.894028 0.162031 0.210278
0 0.102500 0.704167 0.081563 0.200000
0 0.264688 0.362222 0.063750 0.186667
0 0.224453 0.311944 0.074219 0.088333
0 0.240469 0.383333 0.050000 0.150556
0 0.300000 0.495278 0.169063 0.335000
0 0.207031 0.372083 0.061562 0.098056
0 0.192188 0.757917 0.116250 0.234167
0 0.147031 0.868333 0.084062 0.179444
0 0.355391 0.853611 0.160469 0.113889
0 0.344297 0.932361 0.232969 0.135278
0 0.385781 0.805278 0.180000 0.162222
0 0.214922 0.423056 0.043594 0.130000
0 0.240234 0.507222 0.063906 0.122778
0 0.445391 0.731389 0.222969 0.366667
0 0.158750 0.695972 0.080000 0.151389
0 0.189219 0.428056 0.020000 0.053889
0 0.129375 0.677917 0.058750 0.131944
0 0.112891 0.612083 0.032031 0.054722