0 0.717187 0.811111 0.146875 0.372222
0 0.751563 0.437500 0.134375 0.319444
0 0.421094 0.736111 0.210938 0.355556
0 0.353906 0.797222 0.189062 0.172222
0 0.317969 0.930556 0.214062 0.133333
0 0.527344 0.343056 0.126562 0.263889
0 0.604688 0.341667 0.140625 0.266667
0 0.612500 0.429167 0.159375 0.286111
0 0.546875 0.981944 0.168750 0.030556
0 0.557031 0.195833 0.132812 0.108333
0 0.719531 0.238889 0.160938 0.111111
0 0.698438 0.166667 0.156250 0.088889
0 0.434375 0.244444 0.134375 0.155556
0 0.342969 0.243056 0.082812 0.102778
0 0.374219 0.191667 0.089063 0.055556
0 0.273438 0.634722 0.137500 0.202778
0 0.167969 0.805556 0.139063 0.188889
0 0.096875 0.577778 0.034375 0.100000
0 0.280469 0.295833 0.048438 0.175000
0 0.245312 0.229167 0.068750 0.058333
0 0.253906 0.313889 0.042188 0.150000
0 0.219531 0.288889 0.064062 0.083333
0 0.306250 0.437500 0.153125 0.297222
0 0.167187 0.654167 0.084375 0.202778
0 0.114062 0.748611 0.056250 0.136111
0 0.067969 0.640278 0.057813 0.163889
0 0.332813 0.877778 0.212500 0.172222
0 0.225000 0.343056 0.034375 0.130556
0 0.241406 0.436111 0.048438 0.088889
0 0.140625 0.568056 0.062500 0.119444
0 0.111719 0.512500 0.039062 0.075000