0 0.707500 0.819306 0.157812 0.361389
0 0.753906 0.461667 0.142187 0.331667
0 0.338984 0.754444 0.156406 0.131111
0 0.305312 0.912639 0.217813 0.153611
0 0.532031 0.345833 0.134375 0.275556
0 0.611563 0.351944 0.153125 0.280000
0 0.418125 0.825972 0.268125 0.329722
0 0.511094 0.961667 0.130000 0.076667
0 0.566094 0.201806 0.135937 0.120833
0 0.726328 0.257361 0.159219 0.120278
0 0.708125 0.185972 0.158750 0.103611
0 0.442891 0.240139 0.143594 0.171389
0 0.336719 0.232778 0.092500 0.127778
0 0.378203 0.178333 0.095156 0.061667
0 0.269687 0.613056 0.143437 0.215556
0 0.194922 0.783889 0.153281 0.183333
0 0.087109 0.546944 0.071094 0.189444
0 0.286953 0.275278 0.053594 0.179444
0 0.253672 0.210972 0.070781 0.075833
0 0.263047 0.287083 0.043281 0.145278
0 0.304531 0.418889 0.154062 0.310556
0 0.229375 0.262778 0.057188 0.088333
0 0.165469 0.620972 0.088438 0.196389
0 0.108594 0.715833 0.070000 0.156111
0 0.284687 0.817500 0.132812 0.120556
0 0.407656 0.655278 0.171563 0.221111
0 0.230313 0.311667 0.034687 0.116667
0 0.245312 0.407500 0.057813 0.113333
0 0.139688 0.565972 0.085312 0.146389
0 0.116406 0.506528 0.043438 0.100833
0 0.115937 0.470417 0.029375 0.044167