0 0.695625 0.781806 0.132500 0.335833
0 0.730078 0.444722 0.114219 0.288333
0 0.524297 0.359583 0.114219 0.238056
0 0.593359 0.353333 0.125469 0.230556
0 0.381953 0.850833 0.215781 0.142778
0 0.515859 0.918611 0.111406 0.062778
0 0.286719 0.586389 0.126875 0.180556
0 0.698438 0.265417 0.138125 0.110278
0 0.670234 0.215417 0.166406 0.100278
0 0.440312 0.274167 0.124063 0.147778
0 0.340938 0.274444 0.077500 0.102778
0 0.383281 0.225417 0.083125 0.055278
0 0.218984 0.690417 0.084531 0.163056
0 0.222578 0.795556 0.102969 0.132778
0 0.126719 0.590000 0.055000 0.137778
0 0.306484 0.306944 0.042344 0.142778
0 0.269766 0.261944 0.062031 0.062778
0 0.280469 0.331944 0.032500 0.127778
0 0.247969 0.310694 0.055000 0.080278
0 0.320625 0.417083 0.118438 0.228056
0 0.202109 0.650417 0.078906 0.183056
0 0.154844 0.736806 0.063438 0.145278
0 0.492578 0.665417 0.202969 0.253056
0 0.338125 0.895833 0.181875 0.107778
0 0.350078 0.759306 0.211406 0.135278
0 0.398125 0.636528 0.132500 0.150278
0 0.253594 0.359444 0.035313 0.117778
0 0.264844 0.435972 0.043750 0.090278
0 0.229609 0.355833 0.021094 0.050000
0 0.155547 0.558750 0.036719 0.090278
0 0.149141 0.506111 0.026719 0.035000
0 0.172578 0.584028 0.059219 0.085278