0 0.498125 0.821250 0.146250 0.291944
0 0.296641 0.299722 0.152344 0.193889
0 0.791562 0.726806 0.055313 0.135278
0 0.522812 0.523889 0.109062 0.170000
0 0.247266 0.202639 0.116406 0.100833
0 0.636250 0.688611 0.153750 0.095556
0 0.625156 0.374028 0.068750 0.076944
0 0.570625 0.409722 0.046250 0.074444
0 0.692187 0.438889 0.059688 0.132778
0 0.678047 0.491944 0.064219 0.116667
0 0.472813 0.697778 0.128438 0.310556
0 0.252578 0.640833 0.246406 0.361111
0 0.383906 0.290278 0.174687 0.132778
0 0.275781 0.406944 0.155313 0.212222
0 0.273516 0.892778 0.123906 0.164444
0 0.567656 0.914167 0.100000 0.122222
0 0.723672 0.587778 0.062656 0.132778
0 0.457813 0.429722 0.128438 0.193889
0 0.203281 0.786806 0.132812 0.376944
0 0.210781 0.303611 0.073125 0.307778
0 0.259297 0.320972 0.071719 0.161944
0 0.378828 0.404583 0.071719 0.175278
0 0.165234 0.334028 0.056719 0.257500
0 0.377344 0.697778 0.122500 0.480556
0 0.505703 0.351528 0.110469 0.175278
0 0.756484 0.632778 0.044844 0.074444
0 0.738516 0.683194 0.071719 0.100833
0 0.548984 0.320833 0.077656 0.082222
0 0.318281 0.455000 0.126875 0.238889