0 0.728672 0.784028 0.160781 0.389167
0 0.751563 0.401250 0.139688 0.323056
0 0.521328 0.340139 0.136406 0.278611
0 0.597422 0.324028 0.148594 0.271944
0 0.368047 0.875139 0.213281 0.180278
0 0.535703 0.958611 0.125781 0.082778
0 0.213359 0.764444 0.112031 0.209444
0 0.710312 0.225278 0.158438 0.165556
0 0.676484 0.161111 0.188281 0.133333
0 0.424844 0.257083 0.143437 0.180278
0 0.315078 0.270694 0.090156 0.124167
0 0.359687 0.212222 0.094375 0.075000
0 0.306094 0.447083 0.167813 0.288056
0 0.206172 0.880833 0.116406 0.201667
0 0.096641 0.638056 0.068594 0.168333
0 0.281563 0.314861 0.052812 0.160833
0 0.235781 0.266250 0.071250 0.077500
0 0.250859 0.313056 0.036094 0.092778
0 0.215937 0.321528 0.062500 0.093056
0 0.223906 0.385972 0.076875 0.103056
0 0.160312 0.687500 0.111875 0.203889
0 0.128984 0.806806 0.076406 0.169167
0 0.495156 0.836667 0.206875 0.326667
0 0.319219 0.935417 0.178437 0.129167
0 0.353906 0.796111 0.229687 0.204444
0 0.243516 0.694028 0.109531 0.225833
0 0.220000 0.385139 0.043125 0.151389
0 0.239453 0.466111 0.052031 0.102778
0 0.195234 0.375556 0.025469 0.058333
0 0.122422 0.618333 0.047969 0.116111
0 0.112891 0.552639 0.031094 0.042500
0 0.152188 0.619028 0.045937 0.063611