0 0.714766 0.814306 0.149844 0.371389
0 0.755313 0.438194 0.130625 0.311389
0 0.528516 0.343750 0.128594 0.266944
0 0.605234 0.338611 0.141094 0.258889
0 0.368828 0.877222 0.220156 0.177778
0 0.514297 0.962917 0.123906 0.072500
0 0.155547 0.595556 0.085469 0.138333
0 0.722266 0.256944 0.154219 0.151111
0 0.691563 0.188194 0.185312 0.115833
0 0.436406 0.246944 0.138750 0.167222
0 0.327734 0.240139 0.080469 0.107500
0 0.373516 0.191111 0.092656 0.063333
0 0.294297 0.430972 0.146094 0.292500
0 0.187188 0.826944 0.112500 0.200000
0 0.087578 0.582639 0.062344 0.176389
0 0.298672 0.274028 0.054219 0.137500
0 0.245859 0.224167 0.066094 0.062778
0 0.266328 0.299583 0.040156 0.145278
0 0.229141 0.272222 0.068281 0.137778
0 0.115937 0.751389 0.071563 0.162778
0 0.466406 0.596528 0.142813 0.286944
0 0.301328 0.920139 0.185469 0.149167
0 0.344687 0.765417 0.217188 0.210833
0 0.237109 0.654583 0.106406 0.219167
0 0.233203 0.348750 0.039844 0.100833
0 0.241953 0.424167 0.049219 0.095556
0 0.201328 0.324444 0.025469 0.064444
0 0.115781 0.568333 0.043125 0.123333
0 0.111719 0.495972 0.030000 0.039722
0 0.131016 0.613056 0.027031 0.061667