0 0.552500 0.199583 0.150313 0.084722
0 0.557031 0.245972 0.150313 0.108611
0 0.580781 0.339861 0.162187 0.216944
0 0.661797 0.253889 0.077344 0.208889
0 0.707266 0.289583 0.067031 0.238056
0 0.751172 0.256667 0.059531 0.214444
0 0.128359 0.739444 0.034219 0.079444
0 0.211641 0.695694 0.090781 0.272500
0 0.321094 0.466667 0.151875 0.264444
0 0.411094 0.629722 0.081875 0.346667
0 0.485625 0.369028 0.120625 0.227500
0 0.392500 0.289583 0.130937 0.148056
0 0.704375 0.809583 0.138437 0.330833
0 0.348516 0.264583 0.114531 0.108611
0 0.411094 0.330556 0.144375 0.166667
0 0.475781 0.603056 0.086250 0.336111
0 0.424531 0.212778 0.120625 0.079444
0 0.741562 0.506528 0.081875 0.370278
0 0.254141 0.387500 0.047656 0.132222
0 0.301094 0.353194 0.070000 0.174722
0 0.220547 0.298889 0.040156 0.076667
0 0.271250 0.638750 0.138437 0.275278
0 0.514609 0.747361 0.184531 0.386389
0 0.240703 0.318611 0.047656 0.090000
0 0.318047 0.237917 0.127969 0.171944
0 0.163281 0.574028 0.080312 0.108611
0 0.170000 0.739444 0.064062 0.243333
0 0.092578 0.638889 0.102656 0.121667
0 0.152891 0.670556 0.077344 0.079444