0 0.532813 0.173611 0.162812 0.123333
0 0.540859 0.220694 0.164531 0.148056
0 0.572031 0.304722 0.183750 0.247222
0 0.650859 0.204583 0.096094 0.235833
0 0.717031 0.238611 0.110625 0.290556
0 0.743906 0.186667 0.077812 0.237222
0 0.343359 0.930139 0.193906 0.139722
0 0.362109 0.287222 0.100469 0.168889
0 0.094219 0.606111 0.060000 0.135556
0 0.394687 0.334444 0.129375 0.210556
0 0.559375 0.493750 0.168125 0.393056
0 0.088047 0.731944 0.063594 0.166111
0 0.162734 0.674722 0.104844 0.102222
0 0.705391 0.832083 0.148906 0.271944
0 0.133750 0.843750 0.056875 0.113056
0 0.448203 0.613889 0.141094 0.397778
0 0.357422 0.555556 0.201094 0.297222
0 0.385859 0.657222 0.161719 0.367222
0 0.456328 0.372500 0.113281 0.263889
0 0.286172 0.448333 0.135156 0.293333
0 0.292734 0.241250 0.086094 0.138611
0 0.640625 0.730278 0.292187 0.420556
0 0.237188 0.435556 0.079063 0.126111
0 0.274531 0.729444 0.146562 0.282222
0 0.400000 0.211389 0.132187 0.121667
0 0.275547 0.365417 0.036094 0.056944
0 0.213203 0.820278 0.151094 0.258889
0 0.749688 0.444028 0.129688 0.408611
0 0.193516 0.341806 0.049219 0.114167
0 0.233281 0.290833 0.080312 0.099444
0 0.265547 0.312917 0.098281 0.160278
0 0.133828 0.633472 0.051719 0.106389
0 0.171875 0.748194 0.134688 0.157500