0 0.579922 0.200417 0.163281 0.127500
0 0.580781 0.249722 0.165313 0.152222
0 0.597656 0.353472 0.186563 0.268056
0 0.689219 0.285417 0.097812 0.237500
0 0.733438 0.334444 0.089375 0.265000
0 0.781719 0.311389 0.079687 0.238333
0 0.110391 0.546250 0.077656 0.156944
0 0.281953 0.860139 0.196094 0.216389
0 0.423125 0.287083 0.130000 0.205278
0 0.068125 0.534306 0.064062 0.156389
0 0.157500 0.471250 0.089688 0.116944
0 0.123516 0.680000 0.116406 0.147778
0 0.387109 0.432361 0.129844 0.183611
0 0.379609 0.614028 0.141719 0.388611
0 0.489844 0.360000 0.141562 0.272778
0 0.396094 0.259167 0.147812 0.180000
0 0.311719 0.387917 0.155938 0.206389
0 0.361016 0.264444 0.126094 0.212222
0 0.220312 0.227500 0.070625 0.125556
0 0.476719 0.603472 0.190000 0.387500
0 0.445781 0.180694 0.131875 0.114167
0 0.745547 0.567361 0.142031 0.413056
0 0.261016 0.271389 0.081719 0.150000
0 0.281406 0.579583 0.149063 0.253056
0 0.227734 0.204167 0.050156 0.115000
0 0.322578 0.805972 0.217344 0.291944
0 0.325859 0.517917 0.133594 0.249167
0 0.343516 0.177083 0.108906 0.129722
0 0.269453 0.165556 0.082344 0.120556