0 0.730156 0.779861 0.162812 0.391389
0 0.744922 0.403194 0.154219 0.338056
0 0.520312 0.339861 0.137813 0.280833
0 0.596562 0.327639 0.150313 0.285278
0 0.366484 0.903333 0.263594 0.185556
0 0.538203 0.957639 0.126094 0.084722
0 0.302266 0.513611 0.152969 0.274444
0 0.707734 0.202083 0.158594 0.156944
0 0.674531 0.157917 0.188750 0.136389
0 0.423594 0.258472 0.144375 0.182500
0 0.312891 0.274028 0.088906 0.119722
0 0.359688 0.214306 0.094688 0.076389
0 0.271250 0.679583 0.162812 0.182500
0 0.221719 0.853611 0.145000 0.163333
0 0.092344 0.655972 0.067500 0.160833
0 0.277187 0.315278 0.053750 0.164444
0 0.234375 0.271111 0.071563 0.078889
0 0.249453 0.346944 0.045156 0.146667
0 0.212656 0.328333 0.064687 0.097222
0 0.299687 0.418056 0.143125 0.259444
0 0.176250 0.710972 0.091563 0.213611
0 0.130625 0.813472 0.077187 0.170278
0 0.343281 0.818750 0.176563 0.143056
0 0.340234 0.945139 0.207656 0.109722
0 0.362734 0.781111 0.203906 0.166111
0 0.427344 0.716389 0.211563 0.337778
0 0.221172 0.378750 0.037969 0.123611
0 0.238359 0.468333 0.050781 0.097778
0 0.147734 0.649583 0.090781 0.161389
0 0.193750 0.378333 0.024688 0.069444
0 0.109219 0.560278 0.029687 0.042778
0 0.123203 0.626389 0.055156 0.126111