0 0.697422 0.783750 0.133906 0.339167
0 0.732187 0.438056 0.115312 0.281111
0 0.524375 0.357222 0.115312 0.240556
0 0.594141 0.350833 0.126719 0.232778
0 0.367812 0.830417 0.183750 0.129167
0 0.515781 0.921667 0.112500 0.063333
0 0.228828 0.707778 0.091094 0.177222
0 0.700234 0.273472 0.139531 0.134167
0 0.671641 0.211528 0.167969 0.101389
0 0.439688 0.271111 0.125312 0.149444
0 0.339141 0.271111 0.078281 0.103889
0 0.382031 0.223056 0.084062 0.058333
0 0.325000 0.430556 0.143750 0.245556
0 0.218906 0.814167 0.099687 0.172222
0 0.127734 0.581250 0.057031 0.146944
0 0.307109 0.307778 0.042656 0.141667
0 0.267266 0.258333 0.062656 0.063333
0 0.280938 0.302778 0.035625 0.081111
0 0.247344 0.306528 0.054062 0.078611
0 0.255938 0.362083 0.071250 0.093611
0 0.180391 0.641944 0.113906 0.177222
0 0.151250 0.738194 0.064062 0.146944
0 0.478750 0.809028 0.186563 0.288611
0 0.325000 0.888750 0.158125 0.129167
0 0.356328 0.753194 0.203594 0.161944
0 0.257969 0.650833 0.092500 0.195000
0 0.248828 0.364583 0.034219 0.134167
0 0.263828 0.440694 0.044219 0.088611
0 0.226797 0.353333 0.021406 0.050556
0 0.151953 0.565972 0.039844 0.101389
0 0.145547 0.505278 0.027031 0.035556
0 0.178984 0.569583 0.039844 0.053056