0 0.445312 0.163889 0.150000 0.050000
0 0.439844 0.231944 0.157812 0.113889
0 0.403125 0.322222 0.162500 0.211111
0 0.329688 0.240278 0.081250 0.219444
0 0.266406 0.268056 0.092188 0.230556
0 0.235937 0.243056 0.062500 0.225000
0 0.932813 0.641667 0.056250 0.155556
0 0.896875 0.544444 0.043750 0.133333
0 0.855469 0.636111 0.104688 0.161111
0 0.857031 0.793056 0.085938 0.175000
0 0.676562 0.919444 0.221875 0.155556
0 0.497656 0.951389 0.067187 0.091667
0 0.782813 0.698611 0.087500 0.302778
0 0.720313 0.643056 0.134375 0.291667
0 0.694531 0.313889 0.098437 0.172222
0 0.633594 0.276389 0.123438 0.163889
0 0.607031 0.295833 0.110937 0.175000
0 0.504687 0.338889 0.128125 0.216667
0 0.581250 0.345833 0.071875 0.180556
0 0.599219 0.536111 0.114062 0.355556
0 0.480469 0.526389 0.176563 0.208333
0 0.332031 0.866667 0.167187 0.261111
0 0.343750 0.725000 0.281250 0.200000
0 0.297656 0.481944 0.167187 0.291667
0 0.771875 0.236111 0.053125 0.138889
0 0.676562 0.240278 0.109375 0.125000
0 0.577344 0.181944 0.145313 0.152778
0 0.691406 0.425000 0.139063 0.227778
0 0.779687 0.366667 0.034375 0.094444
0 0.805469 0.300000 0.048438 0.072222