0 0.555469 0.183333 0.157812 0.088889
0 0.560156 0.231944 0.157812 0.113889
0 0.577344 0.319444 0.182812 0.205556
0 0.670312 0.240278 0.081250 0.219444
0 0.733594 0.287500 0.092188 0.269444
0 0.764062 0.243056 0.062500 0.225000
0 0.137500 0.738889 0.059375 0.150000
0 0.185938 0.727778 0.068750 0.294444
0 0.307812 0.919444 0.190625 0.155556
0 0.366406 0.276389 0.123438 0.163889
0 0.107813 0.544444 0.040625 0.116667
0 0.401562 0.302778 0.106250 0.166667
0 0.558594 0.506944 0.142187 0.363889
0 0.071094 0.638889 0.042188 0.127778
0 0.226562 0.383333 0.043750 0.183333
0 0.144531 0.656944 0.107813 0.175000
0 0.682813 0.883333 0.150000 0.227778
0 0.087500 0.648611 0.068750 0.147222
0 0.440625 0.601389 0.115625 0.375000
0 0.312500 0.504167 0.131250 0.197222
0 0.366406 0.630556 0.135937 0.327778
0 0.340625 0.240278 0.103125 0.197222
0 0.452344 0.366667 0.101562 0.222222
0 0.432031 0.188889 0.104688 0.077778
0 0.666406 0.638889 0.260937 0.233333
0 0.312500 0.416667 0.115625 0.127778
0 0.207813 0.256944 0.075000 0.175000
0 0.307812 0.245833 0.059375 0.080556
0 0.233594 0.680556 0.107813 0.288889
0 0.267969 0.223611 0.048438 0.108333
0 0.128906 0.552778 0.032813 0.127778