0 0.550078 0.215000 0.142031 0.080000
0 0.554297 0.258750 0.142031 0.102500
0 0.576797 0.347500 0.153281 0.205000
0 0.653438 0.266250 0.073125 0.197500
0 0.696328 0.300000 0.063281 0.225000
0 0.737812 0.268750 0.056250 0.202500
0 0.154766 0.732778 0.043594 0.105000
0 0.266562 0.844028 0.182812 0.197500
0 0.260234 0.337500 0.054844 0.100000
0 0.444609 0.612500 0.133594 0.345000
0 0.487500 0.387500 0.137813 0.200000
0 0.401719 0.290000 0.106875 0.130000
0 0.693516 0.791528 0.130781 0.312500
0 0.367266 0.257500 0.060469 0.105000
0 0.422813 0.328750 0.120938 0.157500
0 0.308750 0.622778 0.109688 0.205000
0 0.728672 0.505000 0.077344 0.350000
0 0.300312 0.313750 0.056250 0.097500
0 0.638672 0.639028 0.091406 0.307500
0 0.246875 0.293750 0.059062 0.097500
0 0.442500 0.221250 0.115312 0.082500
0 0.228594 0.664028 0.092812 0.277500
0 0.517734 0.717778 0.178594 0.350000
0 0.154062 0.506250 0.059062 0.112500
0 0.334219 0.247500 0.070312 0.085000
0 0.331250 0.485000 0.123750 0.200000
0 0.317891 0.381250 0.091406 0.167500
0 0.256016 0.421250 0.040781 0.142500
0 0.143516 0.585278 0.082969 0.160000
0 0.197656 0.572778 0.070312 0.110000