0 0.707109 0.814444 0.164531 0.371111
0 0.762578 0.420556 0.117656 0.378333
0 0.410625 0.764028 0.229375 0.306944
0 0.340313 0.842361 0.211563 0.239722
0 0.310547 0.931667 0.221406 0.126111
0 0.525781 0.343750 0.135313 0.268056
0 0.609453 0.340833 0.108906 0.278333
0 0.682969 0.319444 0.152500 0.265556
0 0.738438 0.322778 0.125937 0.256667
0 0.562266 0.205972 0.135469 0.123611
0 0.714531 0.214722 0.168437 0.138333
0 0.702422 0.171528 0.158594 0.085278
0 0.434609 0.231389 0.143594 0.148889
0 0.369453 0.182222 0.105156 0.058889
0 0.343203 0.236806 0.104219 0.114167
0 0.285234 0.572639 0.157969 0.179722
0 0.195859 0.836528 0.134531 0.184722
0 0.089922 0.563750 0.067344 0.182500
0 0.310312 0.480417 0.172187 0.194167
0 0.296094 0.256250 0.044375 0.070833
0 0.266797 0.285972 0.062344 0.154722
0 0.247969 0.220139 0.063438 0.101944
0 0.204141 0.313056 0.020781 0.056111
0 0.233984 0.293194 0.049219 0.087500
0 0.289531 0.208750 0.067812 0.065833
0 0.237891 0.380972 0.061719 0.079722
0 0.295938 0.350833 0.072188 0.193889
0 0.123984 0.752361 0.082656 0.152500
0 0.117188 0.495139 0.012812 0.030833
0 0.161094 0.565972 0.087188 0.127500
0 0.118281 0.539583 0.031875 0.070278
0 0.235703 0.435000 0.039844 0.081667