0 0.497812 0.835972 0.153750 0.306389
0 0.287812 0.289028 0.159688 0.203611
0 0.805000 0.739306 0.058125 0.141944
0 0.512344 0.532083 0.134688 0.192500
0 0.362734 0.770000 0.117969 0.453333
0 0.236484 0.187361 0.122031 0.106389
0 0.642578 0.697917 0.161094 0.100833
0 0.631484 0.368889 0.072031 0.081111
0 0.574453 0.405972 0.048594 0.078056
0 0.701719 0.437361 0.062813 0.139167
0 0.686641 0.492639 0.067344 0.122500
0 0.466094 0.702639 0.120938 0.317500
0 0.241172 0.645694 0.258594 0.379167
0 0.379375 0.279722 0.183125 0.140000
0 0.265859 0.401250 0.162969 0.223056
0 0.267969 0.904167 0.115937 0.183889
0 0.570312 0.933611 0.105000 0.128333
0 0.734219 0.592917 0.065938 0.139167
0 0.459531 0.424861 0.119063 0.184167
0 0.189297 0.798194 0.139844 0.395278
0 0.198125 0.292778 0.077187 0.322778
0 0.248750 0.311111 0.075313 0.170000
0 0.373594 0.399444 0.075313 0.183889
0 0.150234 0.324306 0.059844 0.269722
0 0.503438 0.357083 0.119063 0.203611
0 0.768516 0.640417 0.047031 0.078056
0 0.749609 0.693333 0.075156 0.106111
0 0.543359 0.312778 0.098594 0.086667
0 0.300078 0.477917 0.150469 0.220278