0 0.698750 0.791944 0.151562 0.350556
0 0.747344 0.416389 0.107500 0.353333
0 0.419063 0.750278 0.213438 0.282778
0 0.353437 0.825972 0.197188 0.219722
0 0.326250 0.910972 0.207500 0.112500
0 0.523672 0.350972 0.125156 0.248611
0 0.602422 0.345694 0.100156 0.259167
0 0.672266 0.317083 0.139844 0.211944
0 0.723750 0.326111 0.122188 0.246111
0 0.556719 0.220139 0.126562 0.112500
0 0.700937 0.225417 0.161875 0.123056
0 0.693594 0.179583 0.147187 0.078611
0 0.436719 0.250278 0.136875 0.136111
0 0.352812 0.259583 0.092812 0.096944
0 0.380078 0.204583 0.094219 0.060278
0 0.310078 0.560278 0.169219 0.227778
0 0.198906 0.816944 0.141250 0.180556
0 0.103359 0.604861 0.038281 0.096944
0 0.296172 0.326111 0.064844 0.172778
0 0.277812 0.324722 0.016250 0.070556
0 0.259375 0.252778 0.061875 0.099444
0 0.221719 0.332778 0.019062 0.065556
0 0.265937 0.312917 0.039688 0.130833
0 0.302734 0.224167 0.057344 0.047222
0 0.305703 0.411111 0.110469 0.243333
0 0.173203 0.645417 0.119219 0.230278
0 0.139297 0.748750 0.057344 0.096944
0 0.114297 0.508056 0.048594 0.143889
0 0.130469 0.581111 0.060313 0.170000
0 0.235781 0.352361 0.029375 0.104722
0 0.252031 0.434722 0.041250 0.091667