0 0.555469 0.183333 0.157812 0.088889
0 0.560156 0.231944 0.157812 0.113889
0 0.585156 0.330556 0.170313 0.227778
0 0.670312 0.240278 0.081250 0.219444
0 0.717969 0.277778 0.070312 0.250000
0 0.764062 0.243056 0.062500 0.225000
0 0.135937 0.670833 0.118750 0.091667
0 0.412500 0.308333 0.128125 0.177778
0 0.075000 0.641667 0.053125 0.144444
0 0.146094 0.605556 0.104688 0.083333
0 0.141406 0.772222 0.107813 0.122222
0 0.304688 0.491667 0.156250 0.172222
0 0.314063 0.913889 0.181250 0.166667
0 0.402344 0.637500 0.076563 0.352778
0 0.478906 0.363889 0.123438 0.244444
0 0.379688 0.287500 0.134375 0.147222
0 0.323437 0.379167 0.156250 0.197222
0 0.342187 0.294444 0.109375 0.166667
0 0.483594 0.609722 0.107813 0.347222
0 0.421094 0.197222 0.126562 0.083333
0 0.732812 0.505556 0.125000 0.388889
0 0.260937 0.347222 0.071875 0.216667
0 0.264062 0.650000 0.131250 0.211111
0 0.207031 0.275000 0.042188 0.105556
0 0.348438 0.847222 0.200000 0.244444
0 0.328906 0.668056 0.148438 0.213889
0 0.232031 0.269444 0.042188 0.133333
0 0.319531 0.219444 0.101562 0.105556
0 0.218750 0.334722 0.037500 0.058333