0 0.530312 0.172778 0.163125 0.126667
0 0.538828 0.219861 0.165156 0.151389
0 0.571328 0.311389 0.186406 0.267222
0 0.648594 0.201111 0.097500 0.237222
0 0.698750 0.226528 0.089063 0.264722
0 0.741719 0.180694 0.079375 0.238056
0 0.131094 0.714583 0.076875 0.148611
0 0.393047 0.332917 0.129844 0.204722
0 0.090000 0.744444 0.063750 0.156111
0 0.166172 0.640000 0.089531 0.116667
0 0.165938 0.857361 0.116250 0.147500
0 0.304219 0.518889 0.167813 0.206111
0 0.356953 0.918889 0.211719 0.162222
0 0.401953 0.668611 0.141094 0.388333
0 0.468594 0.370278 0.141250 0.272222
0 0.364453 0.319028 0.144531 0.178611
0 0.301172 0.469167 0.151719 0.212778
0 0.327813 0.335139 0.121250 0.191944
0 0.493750 0.610972 0.189688 0.386944
0 0.398438 0.219583 0.131875 0.113611
0 0.746563 0.444722 0.141562 0.412778
0 0.237734 0.444306 0.080469 0.154722
0 0.283906 0.711944 0.157812 0.252222
0 0.192344 0.348889 0.050000 0.115000
0 0.376797 0.867778 0.217031 0.264444
0 0.343750 0.600278 0.181250 0.260556
0 0.299531 0.266389 0.108750 0.129444
0 0.214453 0.307083 0.111406 0.162500
0 0.201172 0.400000 0.039531 0.058333