0 0.550234 0.211667 0.143906 0.081111
0 0.554609 0.255833 0.143906 0.103889
0 0.577344 0.345833 0.155313 0.207778
0 0.655000 0.263611 0.074063 0.200000
0 0.698438 0.297917 0.064062 0.228056
0 0.740547 0.266250 0.057031 0.205278
0 0.150625 0.748611 0.045625 0.091111
0 0.303047 0.870278 0.159531 0.167222
0 0.325078 0.430694 0.143906 0.169722
0 0.260313 0.328056 0.042812 0.081111
0 0.415000 0.623194 0.078438 0.331944
0 0.486172 0.373611 0.115469 0.217778
0 0.393594 0.300417 0.129688 0.146944
0 0.695625 0.795556 0.132500 0.316667
0 0.361484 0.266111 0.065469 0.103889
0 0.421250 0.336944 0.122500 0.159444
0 0.476953 0.597778 0.082656 0.321667
0 0.731250 0.505417 0.078438 0.354722
0 0.272344 0.394167 0.064062 0.162222
0 0.312266 0.575278 0.121094 0.185000
0 0.243203 0.291389 0.059844 0.098889
0 0.437734 0.225556 0.121094 0.103889
0 0.252500 0.676389 0.129688 0.240556
0 0.519609 0.744722 0.176719 0.367222
0 0.151328 0.514167 0.052656 0.113889
0 0.324375 0.249444 0.074063 0.091111
0 0.406250 0.204167 0.089688 0.126667
0 0.188359 0.601667 0.072656 0.121667
0 0.196953 0.684028 0.072656 0.255833
0 0.122734 0.604306 0.075469 0.151944