0 0.710156 0.811111 0.160938 0.372222
0 0.761719 0.412500 0.114062 0.375000
0 0.400781 0.777778 0.226562 0.277778
0 0.343750 0.847222 0.209375 0.233333
0 0.314844 0.937500 0.220312 0.119444
0 0.524219 0.343056 0.132812 0.263889
0 0.607812 0.337500 0.106250 0.275000
0 0.681250 0.313889 0.150000 0.261111
0 0.734375 0.309722 0.128125 0.252778
0 0.559375 0.204167 0.134375 0.119444
0 0.718750 0.190278 0.162500 0.130556
0 0.693750 0.163889 0.143750 0.072222
0 0.433594 0.226389 0.151562 0.158333
0 0.340625 0.213889 0.096875 0.077778
0 0.374219 0.186111 0.098437 0.055556
0 0.287500 0.534722 0.143750 0.169444
0 0.194531 0.856944 0.145313 0.202778
0 0.111719 0.750000 0.064062 0.116667
0 0.335156 0.286111 0.073438 0.122222
0 0.189062 0.716667 0.106250 0.211111
0 0.148438 0.636111 0.121875 0.194444
0 0.314844 0.441667 0.151562 0.172222
0 0.288281 0.288889 0.048438 0.127778
0 0.267188 0.268056 0.031250 0.063889
0 0.245312 0.227778 0.062500 0.100000
0 0.201563 0.325000 0.018750 0.061111
0 0.238281 0.298611 0.051562 0.119444
0 0.121094 0.513889 0.023438 0.038889
0 0.292187 0.215278 0.068750 0.058333
0 0.220312 0.390278 0.031250 0.080556
0 0.120313 0.559722 0.037500 0.075000
0 0.265625 0.387500 0.071875 0.191667