0 0.556875 0.178611 0.160938 0.090556
0 0.561719 0.228056 0.160938 0.116111
0 0.587109 0.320139 0.173594 0.215278
0 0.673906 0.236528 0.082812 0.223611
0 0.738516 0.286250 0.093906 0.277500
0 0.769531 0.239444 0.063750 0.229444
0 0.079766 0.505556 0.060469 0.150000
0 0.309141 0.924861 0.187969 0.150278
0 0.376016 0.255139 0.092344 0.153056
0 0.405547 0.310139 0.119531 0.189722
0 0.560937 0.508611 0.146562 0.371111
0 0.067109 0.642917 0.054219 0.158611
0 0.140313 0.606250 0.101875 0.096389
0 0.105313 0.766250 0.050938 0.104722
0 0.439844 0.604722 0.117813 0.382222
0 0.341016 0.515556 0.172031 0.255000
0 0.373672 0.634444 0.141719 0.345556
0 0.465313 0.362639 0.098750 0.249167
0 0.294922 0.414861 0.140156 0.280278
0 0.327500 0.236667 0.081250 0.201111
0 0.582422 0.852639 0.119531 0.294722
0 0.239141 0.376944 0.073281 0.113333
0 0.693047 0.888056 0.140156 0.223889
0 0.420000 0.187083 0.129062 0.096389
0 0.229531 0.654306 0.066875 0.249167
0 0.268672 0.247917 0.055781 0.127500
0 0.295625 0.670000 0.100312 0.320000
0 0.756797 0.501250 0.105156 0.396389
0 0.201641 0.272083 0.042969 0.107500
0 0.245391 0.229444 0.076406 0.085000
0 0.246328 0.303194 0.055781 0.135833
0 0.118906 0.548056 0.049375 0.110556
0 0.138047 0.676944 0.135469 0.147222