0 0.553281 0.182222 0.158438 0.092222
0 0.558359 0.230556 0.158594 0.117222
0 0.583906 0.328750 0.171875 0.231389
0 0.668594 0.236667 0.082812 0.221111
0 0.716484 0.272917 0.072031 0.251389
0 0.762344 0.237361 0.064062 0.226389
0 0.118906 0.630417 0.068125 0.134722
0 0.411250 0.310278 0.129375 0.180556
0 0.075938 0.650833 0.054062 0.145556
0 0.159062 0.564444 0.083437 0.098889
0 0.143359 0.780000 0.108594 0.124444
0 0.304453 0.475000 0.157344 0.172778
0 0.316953 0.916250 0.182344 0.167500
0 0.403125 0.627222 0.078750 0.329444
0 0.478047 0.364444 0.125156 0.247222
0 0.378125 0.290139 0.135313 0.150278
0 0.311875 0.423611 0.154688 0.242222
0 0.340703 0.297917 0.110469 0.169167
0 0.453047 0.594167 0.101094 0.382778
0 0.419063 0.198889 0.127188 0.086111
0 0.748516 0.500139 0.115156 0.391389
0 0.250078 0.404167 0.052656 0.165000
0 0.265078 0.655000 0.132656 0.213889
0 0.205547 0.281250 0.042969 0.106389
0 0.350859 0.850556 0.201719 0.248889
0 0.319609 0.629028 0.138906 0.208611
0 0.317578 0.223333 0.102344 0.107778
0 0.240391 0.245972 0.063281 0.126389
0 0.217734 0.340972 0.037969 0.059167