0 0.554375 0.188750 0.155313 0.087500
0 0.559063 0.236528 0.155313 0.111944
0 0.583672 0.325278 0.167656 0.207778
0 0.667344 0.244583 0.080000 0.215833
0 0.726562 0.292500 0.093750 0.267778
0 0.759687 0.247361 0.061562 0.221389
0 0.109297 0.553472 0.049219 0.215833
0 0.315234 0.912917 0.181406 0.153056
0 0.408281 0.315694 0.115312 0.183056
0 0.081641 0.639722 0.052344 0.142222
0 0.153906 0.568750 0.080000 0.120278
0 0.146953 0.768194 0.106094 0.120278
0 0.367578 0.495000 0.122969 0.207778
0 0.377656 0.601389 0.136875 0.278889
0 0.465938 0.336250 0.095312 0.180278
0 0.383047 0.285694 0.129219 0.155833
0 0.308359 0.429306 0.142969 0.224167
0 0.339844 0.296806 0.110625 0.161389
0 0.435156 0.583750 0.095312 0.352500
0 0.519062 0.516667 0.152188 0.267778
0 0.422109 0.197083 0.124531 0.093056
0 0.674375 0.709444 0.232187 0.374444
0 0.237578 0.697083 0.102969 0.251389
0 0.252969 0.393750 0.056875 0.180278
0 0.306094 0.542778 0.153750 0.177778
0 0.211563 0.278889 0.041563 0.103889
0 0.363750 0.802222 0.207500 0.172222
0 0.253906 0.242083 0.080000 0.084722
0 0.320703 0.198333 0.090781 0.133889