0 0.501563 0.836111 0.153125 0.305556
0 0.801562 0.280556 0.071875 0.233333
0 0.712500 0.290278 0.159375 0.202778
0 0.846875 0.312500 0.059375 0.202778
0 0.764062 0.188889 0.121875 0.105556
0 0.339844 0.687500 0.092188 0.097222
0 0.247656 0.711111 0.057813 0.105556
0 0.442188 0.334722 0.103125 0.102778
0 0.368750 0.368056 0.071875 0.080556
0 0.427344 0.426389 0.067187 0.125000
0 0.303906 0.444444 0.070312 0.155556
0 0.312500 0.484722 0.068750 0.108333
0 0.557813 0.688889 0.181250 0.227778
0 0.829688 0.701389 0.143750 0.452778
0 0.612500 0.298611 0.165625 0.102778
0 0.705469 0.469444 0.167187 0.233333
0 0.656250 0.954167 0.137500 0.086111
0 0.428906 0.933333 0.104688 0.127778
0 0.563281 0.429167 0.139063 0.230556
0 0.486719 0.470833 0.082812 0.258333
0 0.734375 0.866667 0.290625 0.261111
0 0.754687 0.301389 0.068750 0.147222
0 0.611719 0.413889 0.104688 0.211111
0 0.600000 0.248611 0.118750 0.091667
0 0.266406 0.556944 0.076563 0.091667
0 0.215625 0.611111 0.065625 0.116667
0 0.194531 0.768056 0.073438 0.086111
0 0.489844 0.322222 0.117188 0.155556
0 0.252344 0.647222 0.079687 0.138889