0 0.282813 0.811111 0.146875 0.372222
0 0.245312 0.431944 0.128125 0.308333
0 0.472656 0.343056 0.126562 0.263889
0 0.396094 0.336111 0.139063 0.255556
0 0.650000 0.881944 0.206250 0.180556
0 0.482031 0.962500 0.123438 0.069444
0 0.793750 0.726389 0.106250 0.197222
0 0.279687 0.251389 0.153125 0.147222
0 0.310937 0.183333 0.184375 0.111111
0 0.565625 0.248611 0.137500 0.163889
0 0.675781 0.248611 0.085938 0.113889
0 0.628906 0.195833 0.092188 0.063889
0 0.691406 0.423611 0.157812 0.269444
0 0.807813 0.844444 0.109375 0.188889
0 0.907813 0.588889 0.062500 0.161111
0 0.710938 0.288889 0.046875 0.155556
0 0.754687 0.234722 0.068750 0.069444
0 0.742969 0.283333 0.029687 0.088889
0 0.776563 0.287500 0.059375 0.086111
0 0.767188 0.350000 0.075000 0.111111
0 0.848437 0.656944 0.112500 0.197222
0 0.882031 0.761111 0.070312 0.161111
0 0.482031 0.756944 0.195312 0.452778
0 0.687500 0.929167 0.193750 0.136111
0 0.657031 0.777778 0.223438 0.177778
0 0.765625 0.663889 0.106250 0.211111
0 0.775000 0.351389 0.037500 0.147222
0 0.758594 0.434722 0.048438 0.097222
0 0.799219 0.338889 0.023438 0.055556
0 0.881250 0.572222 0.043750 0.111111
0 0.888281 0.505556 0.029687 0.038889
0 0.851562 0.576389 0.043750 0.058333