0 0.444531 0.183333 0.157812 0.088889
0 0.439844 0.231944 0.157812 0.113889
0 0.414844 0.330556 0.170313 0.227778
0 0.329688 0.240278 0.081250 0.219444
0 0.282031 0.277778 0.070312 0.250000
0 0.235937 0.243056 0.062500 0.225000
0 0.866406 0.659722 0.089063 0.097222
0 0.587500 0.308333 0.128125 0.177778
0 0.925000 0.641667 0.053125 0.144444
0 0.853906 0.594444 0.104688 0.094444
0 0.858594 0.772222 0.107813 0.122222
0 0.690625 0.502778 0.146875 0.172222
0 0.685937 0.913889 0.181250 0.166667
0 0.597656 0.637500 0.076563 0.352778
0 0.521094 0.363889 0.123438 0.244444
0 0.620313 0.287500 0.134375 0.147222
0 0.676562 0.379167 0.156250 0.197222
0 0.657813 0.294444 0.109375 0.166667
0 0.516406 0.609722 0.107813 0.347222
0 0.578906 0.197222 0.126562 0.083333
0 0.267188 0.505556 0.125000 0.388889
0 0.741406 0.355556 0.067187 0.227778
0 0.778906 0.704167 0.085938 0.252778
0 0.792969 0.287500 0.042188 0.080556
0 0.651563 0.847222 0.200000 0.244444
0 0.702344 0.575000 0.151562 0.177778
0 0.680469 0.219444 0.101562 0.105556
0 0.771094 0.291667 0.051562 0.155556
0 0.783594 0.331944 0.032813 0.063889