0 0.696953 0.820694 0.175781 0.358611
0 0.764531 0.446528 0.129062 0.388611
0 0.397187 0.715139 0.244062 0.208056
0 0.329922 0.826250 0.218281 0.259722
0 0.297422 0.912361 0.224531 0.147500
0 0.530547 0.346528 0.143281 0.280278
0 0.614219 0.351806 0.117188 0.288056
0 0.677344 0.339306 0.140937 0.260833
0 0.751641 0.322361 0.128594 0.261944
0 0.475156 0.857778 0.168437 0.284444
0 0.571484 0.208333 0.135156 0.122222
0 0.707266 0.202222 0.173594 0.113333
0 0.443281 0.240694 0.150313 0.187500
0 0.377109 0.194444 0.130156 0.110556
0 0.310625 0.380833 0.134688 0.260000
0 0.181953 0.806944 0.157031 0.202222
0 0.102031 0.712917 0.065312 0.118611
0 0.348359 0.263056 0.078906 0.109444
0 0.147734 0.590833 0.131094 0.210000
0 0.286328 0.590694 0.152344 0.237500
0 0.205625 0.649861 0.095000 0.274167
0 0.340078 0.486389 0.187344 0.220000
0 0.299453 0.270694 0.046719 0.154722
0 0.276094 0.267639 0.060000 0.178611
0 0.260469 0.190417 0.073125 0.119722
0 0.210625 0.277222 0.016563 0.065556
0 0.243828 0.252500 0.066719 0.113333
0 0.128516 0.486667 0.028906 0.061667
0 0.302031 0.188889 0.063438 0.071667
0 0.231641 0.320417 0.037656 0.087500