0 0.562188 0.154444 0.173437 0.097778
0 0.567344 0.207639 0.173437 0.125278
0 0.594687 0.315972 0.187188 0.250278
0 0.688438 0.216944 0.089375 0.241111
0 0.740703 0.258194 0.077344 0.274722
0 0.791406 0.220000 0.068750 0.247222
0 0.081328 0.659583 0.073906 0.155833
0 0.295078 0.929861 0.202656 0.140278
0 0.398906 0.291528 0.128750 0.195278
0 0.034063 0.658056 0.058437 0.158889
0 0.125859 0.565139 0.091094 0.106944
0 0.107031 0.801667 0.118438 0.134444
0 0.372266 0.459722 0.130469 0.171111
0 0.380000 0.659722 0.125312 0.400000
0 0.477969 0.352639 0.135625 0.268611
0 0.378281 0.268750 0.128750 0.161944
0 0.282188 0.448889 0.149375 0.265556
0 0.322578 0.274861 0.123594 0.180278
0 0.304531 0.360278 0.149375 0.192222
0 0.484844 0.621528 0.180313 0.384722
0 0.414375 0.163611 0.139063 0.103889
0 0.774141 0.508472 0.123594 0.427500
0 0.236719 0.332917 0.058437 0.100833
0 0.244375 0.671667 0.135625 0.241111
0 0.179141 0.255000 0.046406 0.116111
0 0.202344 0.394028 0.055000 0.174167
0 0.334609 0.874861 0.219844 0.250278
0 0.298516 0.609306 0.127031 0.244167
0 0.227266 0.210694 0.091094 0.094722
0 0.302813 0.194167 0.111563 0.116111