0 0.736641 0.819167 0.159844 0.361667
0 0.777344 0.428333 0.139375 0.335556
0 0.529922 0.331667 0.137656 0.287222
0 0.613281 0.324028 0.151250 0.278056
0 0.360859 0.911389 0.237969 0.177222
0 0.519844 0.983889 0.134375 0.032222
0 0.121953 0.633750 0.107031 0.160278
0 0.740000 0.231806 0.166563 0.160278
0 0.701797 0.166667 0.205781 0.138889
0 0.428828 0.228889 0.149531 0.178333
0 0.310703 0.224306 0.086719 0.114722
0 0.360000 0.169861 0.100312 0.066389
0 0.283516 0.432778 0.171719 0.314444
0 0.162812 0.866389 0.120625 0.214444
0 0.052344 0.603472 0.066250 0.190278
0 0.279219 0.262083 0.057813 0.148056
0 0.204453 0.224167 0.037344 0.042222
0 0.241797 0.281667 0.040781 0.151111
0 0.193359 0.281667 0.056094 0.102778
0 0.253750 0.177500 0.112187 0.117778
0 0.084687 0.786528 0.076563 0.175278
0 0.298047 0.605139 0.190469 0.181389
0 0.287812 0.943056 0.200625 0.113889
0 0.330313 0.803194 0.227813 0.208611
0 0.212969 0.691250 0.112187 0.263056
0 0.209609 0.330000 0.044219 0.145000
0 0.223125 0.435972 0.061250 0.133056
0 0.173906 0.319444 0.027187 0.069444
0 0.077891 0.508333 0.032344 0.042222
0 0.085391 0.582500 0.044219 0.117778