0 0.679609 0.830139 0.192344 0.339722
0 0.766250 0.487917 0.146250 0.402500
0 0.390469 0.738611 0.250625 0.360556
0 0.314609 0.798472 0.227656 0.289722
0 0.277891 0.879444 0.228281 0.180556
0 0.538047 0.351944 0.154844 0.298333
0 0.621016 0.370278 0.129531 0.301667
0 0.695625 0.367639 0.171563 0.300278
0 0.747500 0.379861 0.141250 0.280833
0 0.585156 0.224722 0.143437 0.156111
0 0.735859 0.273889 0.181406 0.177778
0 0.732422 0.223611 0.161719 0.126667
0 0.455781 0.221389 0.154688 0.180556
0 0.396172 0.153611 0.108594 0.087222
0 0.365859 0.199722 0.111719 0.138889
0 0.359141 0.517222 0.178281 0.208889
0 0.171953 0.755972 0.147344 0.215833
0 0.092734 0.463194 0.088281 0.193611
0 0.352969 0.349444 0.145313 0.193889
0 0.312422 0.239167 0.065781 0.144444
0 0.292422 0.215278 0.059219 0.140000
0 0.272969 0.159028 0.070625 0.116389
0 0.224297 0.242083 0.027344 0.069167
0 0.263594 0.219583 0.072500 0.119722
0 0.318750 0.152500 0.064687 0.066667
0 0.279844 0.327083 0.075625 0.171389
0 0.234375 0.488333 0.171875 0.353889
0 0.105313 0.653750 0.089063 0.169722
0 0.120859 0.413472 0.016406 0.031389
0 0.138125 0.606944 0.110000 0.234444
0 0.115234 0.458333 0.046719 0.101667
0 0.235625 0.256667 0.037500 0.115000