0 0.444531 0.183333 0.157812 0.088889
0 0.439844 0.231944 0.157812 0.113889
0 0.414844 0.322222 0.170313 0.211111
0 0.329688 0.240278 0.081250 0.219444
0 0.266406 0.288889 0.092188 0.272222
0 0.235937 0.243056 0.062500 0.225000
0 0.910937 0.497222 0.056250 0.138889
0 0.687500 0.919444 0.184375 0.155556
0 0.621875 0.258333 0.090625 0.150000
0 0.592969 0.312500 0.117188 0.186111
0 0.440625 0.506944 0.143750 0.363889
0 0.925000 0.638889 0.053125 0.155556
0 0.855469 0.606944 0.114062 0.091667
0 0.887500 0.759722 0.050000 0.102778
0 0.559375 0.601389 0.115625 0.375000
0 0.651563 0.512500 0.206250 0.225000
0 0.624219 0.630556 0.139063 0.338889
0 0.534375 0.363889 0.096875 0.244444
0 0.701562 0.415278 0.137500 0.275000
0 0.658594 0.229167 0.082812 0.180556
0 0.421094 0.848611 0.095312 0.297222
0 0.756250 0.377778 0.071875 0.111111
0 0.310937 0.883333 0.137500 0.227778
0 0.578906 0.191667 0.126562 0.094444
0 0.768750 0.641667 0.071875 0.227778
0 0.713281 0.268056 0.042188 0.119444
0 0.696875 0.668056 0.115625 0.286111
0 0.248438 0.500000 0.103125 0.388889
0 0.792969 0.275000 0.042188 0.105556
0 0.753125 0.229167 0.068750 0.075000
0 0.750000 0.297222 0.056250 0.138889
0 0.874219 0.545833 0.048438 0.108333
0 0.862500 0.672222 0.118750 0.166667