0 0.690625 0.829722 0.174687 0.340556
0 0.756250 0.501250 0.153438 0.348611
0 0.402734 0.722500 0.235469 0.387778
0 0.326562 0.756806 0.211563 0.220278
0 0.285938 0.881111 0.222500 0.185000
0 0.539453 0.351389 0.146094 0.292778
0 0.611406 0.367917 0.141562 0.294167
0 0.620234 0.437639 0.173906 0.318611
0 0.580313 0.212917 0.140000 0.140278
0 0.739062 0.282222 0.168125 0.150000
0 0.725391 0.214306 0.165469 0.116944
0 0.454844 0.233472 0.148750 0.193611
0 0.358984 0.188333 0.095156 0.166667
0 0.409766 0.164722 0.075781 0.075556
0 0.264531 0.584167 0.150938 0.221111
0 0.179688 0.658056 0.159688 0.293333
0 0.091328 0.480278 0.079219 0.195000
0 0.258281 0.274028 0.104375 0.150278
0 0.299531 0.212778 0.044062 0.116111
0 0.275156 0.161806 0.057500 0.054722
0 0.218438 0.259861 0.023438 0.046389
0 0.273516 0.213333 0.031406 0.051111
0 0.234609 0.204861 0.058906 0.093056
0 0.310781 0.379722 0.161562 0.315556
0 0.155859 0.561111 0.089844 0.176111
0 0.322891 0.225556 0.054219 0.148333
0 0.303828 0.833889 0.222969 0.231111
0 0.238906 0.270556 0.043438 0.126667
0 0.249687 0.372778 0.056563 0.100556