0 0.555469 0.183333 0.157812 0.088889
0 0.560156 0.231944 0.157812 0.113889
0 0.577344 0.315278 0.182812 0.197222
0 0.670312 0.240278 0.081250 0.219444
0 0.733594 0.287500 0.092188 0.269444
0 0.764062 0.243056 0.062500 0.225000
0 0.312500 0.919444 0.184375 0.155556
0 0.373437 0.284722 0.125000 0.147222
0 0.103125 0.562500 0.046875 0.152778
0 0.407031 0.312500 0.117188 0.186111
0 0.553125 0.506944 0.131250 0.363889
0 0.064844 0.640278 0.035937 0.147222
0 0.148438 0.619444 0.112500 0.116667
0 0.680469 0.875000 0.132812 0.244444
0 0.115625 0.769444 0.084375 0.144444
0 0.440625 0.601389 0.115625 0.375000
0 0.360156 0.534722 0.126562 0.308333
0 0.365625 0.634722 0.125000 0.352778
0 0.453906 0.363889 0.104688 0.244444
0 0.421875 0.195833 0.125000 0.091667
0 0.291406 0.401389 0.117188 0.269444
0 0.306250 0.268056 0.103125 0.163889
0 0.676562 0.558333 0.112500 0.488889
0 0.227344 0.393056 0.039062 0.080556
0 0.285938 0.231944 0.043750 0.063889
0 0.272656 0.570833 0.151562 0.163889
0 0.186719 0.765278 0.139063 0.286111
0 0.190625 0.301389 0.043750 0.080556
0 0.242969 0.212500 0.060937 0.091667
0 0.223438 0.269444 0.046875 0.094444
0 0.125781 0.543056 0.023438 0.091667