0 0.701953 0.789167 0.136406 0.345556
0 0.736641 0.437361 0.118906 0.286389
0 0.525625 0.354722 0.117500 0.245000
0 0.596719 0.348056 0.129062 0.237222
0 0.369609 0.849861 0.208906 0.146944
0 0.527031 0.930000 0.097188 0.064444
0 0.704844 0.269444 0.142187 0.136667
0 0.314453 0.395833 0.116094 0.224444
0 0.441484 0.265833 0.132031 0.160000
0 0.340625 0.275972 0.090000 0.098056
0 0.289844 0.535278 0.133438 0.167778
0 0.212266 0.817639 0.102969 0.170278
0 0.118594 0.582917 0.060937 0.149722
0 0.303594 0.290000 0.036250 0.121111
0 0.262969 0.255278 0.065312 0.072222
0 0.277500 0.310833 0.033437 0.121111
0 0.239687 0.314722 0.047813 0.092778
0 0.381328 0.202500 0.116094 0.080000
0 0.145469 0.742917 0.065312 0.149722
0 0.267422 0.665417 0.152344 0.134167
0 0.326797 0.897500 0.181406 0.128889
0 0.355156 0.757083 0.194375 0.178056
0 0.186094 0.646111 0.065312 0.203889
0 0.252109 0.353333 0.037656 0.123889
0 0.275234 0.385694 0.057969 0.074722
0 0.223125 0.348056 0.020313 0.056667
0 0.139687 0.505556 0.027500 0.036111
0 0.167969 0.584167 0.040625 0.080000
0 0.144687 0.572639 0.040625 0.098056