0 0.726797 0.817500 0.173594 0.365000
0 0.782422 0.406111 0.122969 0.404444
0 0.393125 0.799722 0.244375 0.299444
0 0.331641 0.874444 0.225781 0.251111
0 0.300547 0.953889 0.237656 0.092222
0 0.526328 0.331111 0.143281 0.284444
0 0.616328 0.325000 0.114531 0.296667
0 0.695547 0.289167 0.161719 0.260556
0 0.754531 0.295278 0.138125 0.266667
0 0.564141 0.181389 0.144844 0.128889
0 0.702344 0.158611 0.175313 0.131667
0 0.428594 0.205417 0.163437 0.170833
0 0.356094 0.196250 0.129688 0.110833
0 0.347578 0.146944 0.092656 0.060000
0 0.273438 0.524306 0.160000 0.203611
0 0.170703 0.885139 0.156719 0.218611
0 0.329219 0.275694 0.089375 0.125833
0 0.276016 0.682917 0.182031 0.179722
0 0.125312 0.651667 0.136563 0.182778
0 0.294531 0.419444 0.175313 0.221667
0 0.265156 0.305556 0.072500 0.191667
0 0.241484 0.298056 0.062344 0.182778
0 0.225391 0.206667 0.067344 0.107778
0 0.180781 0.308472 0.021875 0.065833
0 0.217031 0.284444 0.060625 0.131667
0 0.091563 0.515417 0.025312 0.041944
0 0.274375 0.197778 0.077500 0.077778
0 0.198516 0.376111 0.027031 0.075000
0 0.088984 0.567778 0.053906 0.092778