0 0.445312 0.163889 0.150000 0.050000
0 0.420312 0.231944 0.118750 0.113889
0 0.403125 0.322222 0.162500 0.211111
0 0.329688 0.240278 0.081250 0.219444
0 0.266406 0.287500 0.092188 0.269444
0 0.235937 0.243056 0.062500 0.225000
0 0.932813 0.641667 0.056250 0.155556
0 0.896875 0.544444 0.043750 0.133333
0 0.855469 0.636111 0.104688 0.161111
0 0.857031 0.800000 0.085938 0.161111
0 0.692187 0.919444 0.190625 0.155556
0 0.497656 0.951389 0.067187 0.091667
0 0.700781 0.556944 0.148438 0.186111
0 0.694531 0.313889 0.098437 0.172222
0 0.740625 0.662500 0.112500 0.202778
0 0.633594 0.276389 0.123438 0.163889
0 0.607031 0.295833 0.110937 0.175000
0 0.504687 0.338889 0.128125 0.216667
0 0.581250 0.345833 0.071875 0.180556
0 0.480469 0.506944 0.173437 0.247222
0 0.560937 0.597222 0.121875 0.355556
0 0.317188 0.883333 0.150000 0.227778
0 0.284375 0.694444 0.146875 0.450000
0 0.535156 0.213889 0.123438 0.150000
0 0.753125 0.236111 0.071875 0.077778
0 0.710938 0.262500 0.081250 0.086111
0 0.663281 0.201389 0.070312 0.052778
0 0.600781 0.197222 0.045312 0.055556
0 0.699219 0.447222 0.139063 0.244444
0 0.758594 0.391667 0.070312 0.144444
0 0.805469 0.300000 0.048438 0.072222