0 0.489844 0.835556 0.160938 0.317778
0 0.293203 0.273056 0.164531 0.215556
0 0.244297 0.167639 0.124531 0.115278
0 0.648672 0.709722 0.160156 0.112778
0 0.634609 0.379028 0.073906 0.086389
0 0.562031 0.427083 0.069375 0.094167
0 0.698594 0.469028 0.077812 0.178056
0 0.695312 0.508889 0.087500 0.131667
0 0.437344 0.684028 0.186875 0.242500
0 0.239531 0.559167 0.289687 0.300556
0 0.384687 0.270972 0.186250 0.153611
0 0.281172 0.406944 0.183594 0.170000
0 0.279844 0.910139 0.172187 0.152500
0 0.559844 0.935278 0.107813 0.129444
0 0.490703 0.465833 0.092656 0.267778
0 0.194766 0.778194 0.186406 0.403056
0 0.479063 0.369167 0.057813 0.129444
0 0.203281 0.267083 0.102500 0.290833
0 0.242734 0.259306 0.090156 0.173611
0 0.397734 0.402500 0.123906 0.215000
0 0.158672 0.298194 0.065781 0.196389
0 0.548047 0.516528 0.062656 0.135278
0 0.425391 0.238056 0.099531 0.113333
0 0.773281 0.640556 0.088125 0.153889
0 0.798281 0.792639 0.075625 0.091944
0 0.744766 0.711944 0.077656 0.111667
0 0.532031 0.352361 0.132500 0.182500