0 0.282813 0.811111 0.146875 0.372222
0 0.247656 0.437500 0.132812 0.319444
0 0.578906 0.744444 0.210938 0.338889
0 0.651563 0.797222 0.200000 0.172222
0 0.682031 0.930556 0.214062 0.133333
0 0.472656 0.343056 0.126562 0.263889
0 0.400000 0.341667 0.121875 0.266667
0 0.389844 0.416667 0.154688 0.288889
0 0.442969 0.195833 0.132812 0.108333
0 0.280469 0.225000 0.160938 0.111111
0 0.299219 0.161111 0.160938 0.077778
0 0.565625 0.247222 0.137500 0.161111
0 0.664062 0.226389 0.084375 0.147222
0 0.615625 0.190278 0.071875 0.058333
0 0.726562 0.634722 0.137500 0.202778
0 0.803906 0.759722 0.107813 0.325000
0 0.906250 0.581944 0.065625 0.180556
0 0.728125 0.302778 0.034375 0.144444
0 0.754687 0.227778 0.071875 0.066667
0 0.750000 0.316667 0.040625 0.144444
0 0.786719 0.293056 0.054688 0.086111
0 0.696094 0.415278 0.139063 0.275000
0 0.840625 0.663889 0.075000 0.200000
0 0.885156 0.752778 0.051562 0.150000
0 0.696094 0.277778 0.048438 0.150000
0 0.667969 0.879167 0.210938 0.180556
0 0.776563 0.337500 0.034375 0.119444
0 0.757031 0.440278 0.048438 0.097222
0 0.852344 0.540278 0.054688 0.058333