0 0.551172 0.204583 0.147344 0.083056
0 0.555547 0.249861 0.147344 0.106389
0 0.578828 0.334028 0.158906 0.196944
0 0.658359 0.257639 0.075781 0.204722
0 0.717422 0.302917 0.086094 0.254167
0 0.745859 0.260278 0.058281 0.210000
0 0.324453 0.891528 0.172031 0.145278
0 0.381328 0.282222 0.116719 0.171111
0 0.128359 0.555694 0.053906 0.137500
0 0.412656 0.324861 0.109375 0.173611
0 0.549063 0.506528 0.122500 0.339722
0 0.099219 0.629583 0.039375 0.119167
0 0.171328 0.567500 0.075781 0.077778
0 0.667891 0.849861 0.123906 0.228056
0 0.172109 0.783750 0.088906 0.111389
0 0.444141 0.594722 0.107969 0.350000
0 0.356563 0.541389 0.131250 0.280000
0 0.379141 0.621806 0.115156 0.321389
0 0.467422 0.372917 0.090469 0.228056
0 0.426641 0.216111 0.116719 0.085556
0 0.304844 0.407917 0.109375 0.251389
0 0.307031 0.283611 0.096250 0.132222
0 0.505391 0.877083 0.142969 0.173611
0 0.251484 0.395000 0.049531 0.101111
0 0.298906 0.588194 0.135625 0.207500
0 0.180078 0.677639 0.134219 0.111389
0 0.211484 0.287500 0.068594 0.093333
0 0.260234 0.253750 0.049531 0.067500
0 0.324453 0.247361 0.110781 0.106389
0 0.145156 0.519444 0.017500 0.054444