0 0.282813 0.811111 0.146875 0.372222
0 0.238281 0.437500 0.114062 0.319444
0 0.578906 0.744444 0.210938 0.338889
0 0.651563 0.797222 0.200000 0.172222
0 0.682031 0.930556 0.214062 0.133333
0 0.475781 0.343056 0.132812 0.263889
0 0.392188 0.341667 0.106250 0.266667
0 0.293750 0.300000 0.178125 0.166667
0 0.442188 0.204167 0.137500 0.119444
0 0.285156 0.218056 0.157812 0.086111
0 0.296094 0.166667 0.154688 0.083333
0 0.564063 0.227778 0.137500 0.183333
0 0.662500 0.234722 0.090625 0.125000
0 0.628125 0.186111 0.090625 0.077778
0 0.739062 0.662500 0.140625 0.186111
0 0.817187 0.844444 0.143750 0.183333
0 0.906250 0.581944 0.065625 0.180556
0 0.428125 0.662500 0.215625 0.336111
0 0.725000 0.315278 0.046875 0.158333
0 0.762500 0.243056 0.056250 0.102778
0 0.795312 0.327778 0.025000 0.061111
0 0.750781 0.316667 0.032813 0.150000
0 0.707031 0.438889 0.132812 0.288889
0 0.829688 0.661111 0.100000 0.222222
0 0.881250 0.751389 0.062500 0.113889
0 0.696094 0.247222 0.076563 0.177778
0 0.667188 0.868056 0.209375 0.186111
0 0.777344 0.337500 0.032813 0.130556
0 0.759375 0.436111 0.046875 0.088889
0 0.860938 0.577778 0.071875 0.116667