0 0.441250 0.664722 0.194375 0.218889
0 0.189688 0.702917 0.124687 0.432500
0 0.391484 0.307222 0.151406 0.105556
0 0.237188 0.494306 0.089063 0.316389
0 0.300156 0.865139 0.170625 0.213611
0 0.340234 0.490556 0.078594 0.292778
0 0.440547 0.505000 0.151406 0.190000
0 0.424844 0.414167 0.146875 0.176667
0 0.502812 0.830694 0.148438 0.276944
0 0.527187 0.346806 0.135000 0.174167
0 0.154844 0.420694 0.075625 0.269167
0 0.511719 0.462778 0.124687 0.211111
0 0.789766 0.741111 0.054844 0.102778
0 0.238672 0.301944 0.109844 0.242778
0 0.293516 0.308472 0.139531 0.203056
0 0.177891 0.323056 0.068281 0.179444
0 0.254219 0.209583 0.111250 0.110833
0 0.778672 0.658056 0.050469 0.126667
0 0.662266 0.674028 0.060781 0.089722
0 0.740156 0.568472 0.065312 0.131944
0 0.403359 0.245278 0.109844 0.081667
0 0.731328 0.645000 0.062344 0.105556
0 0.615547 0.389167 0.097969 0.137222
0 0.636953 0.374306 0.042969 0.076389
0 0.571719 0.435139 0.057813 0.108056
0 0.686016 0.439028 0.066719 0.131944
0 0.690391 0.509028 0.090469 0.150278
0 0.588750 0.939028 0.047500 0.065833
0 0.703750 0.658056 0.045937 0.105556