0 0.553125 0.199167 0.150000 0.084444
0 0.557656 0.245556 0.150000 0.108333
0 0.581406 0.339444 0.161875 0.216667
0 0.662344 0.253472 0.077187 0.208611
0 0.707656 0.289167 0.066875 0.237778
0 0.751563 0.256111 0.059375 0.213889
0 0.146797 0.633889 0.089219 0.129444
0 0.424609 0.318194 0.136719 0.169167
0 0.096328 0.635000 0.050469 0.137222
0 0.163984 0.592778 0.099531 0.073889
0 0.141562 0.759167 0.066875 0.116111
0 0.313203 0.406667 0.130781 0.171667
0 0.323672 0.894028 0.172344 0.158611
0 0.412109 0.631111 0.081719 0.335556
0 0.480391 0.370972 0.117344 0.232500
0 0.386094 0.298333 0.127812 0.140000
0 0.310937 0.606111 0.161875 0.163889
0 0.353437 0.282500 0.092188 0.118889
0 0.484844 0.604861 0.102500 0.330278
0 0.425469 0.212361 0.120313 0.079167
0 0.721797 0.505694 0.118906 0.369722
0 0.282813 0.355278 0.055000 0.174444
0 0.209219 0.689306 0.077187 0.293056
0 0.221953 0.298333 0.040156 0.076667
0 0.356328 0.830694 0.190156 0.232500
0 0.317656 0.512222 0.121875 0.129444
0 0.328906 0.233750 0.096562 0.100278
0 0.242656 0.302222 0.049062 0.147778
0 0.230781 0.340694 0.031250 0.060833