0 0.705313 0.794306 0.139375 0.353056
0 0.740938 0.434861 0.121562 0.292500
0 0.525156 0.350417 0.120000 0.250278
0 0.597812 0.343750 0.131875 0.242500
0 0.377812 0.860278 0.207500 0.163333
0 0.516328 0.937917 0.117031 0.065833
0 0.169453 0.604583 0.084531 0.136944
0 0.708281 0.263472 0.145313 0.139722
0 0.691953 0.181944 0.162969 0.145000
0 0.437109 0.260833 0.130469 0.155556
0 0.334062 0.256667 0.075625 0.100000
0 0.377031 0.209583 0.087500 0.058056
0 0.314766 0.424167 0.140781 0.245000
0 0.205078 0.816806 0.105156 0.186944
0 0.108750 0.587500 0.057813 0.166111
0 0.306641 0.289861 0.050469 0.129167
0 0.241484 0.260833 0.032656 0.039444
0 0.277031 0.306806 0.047500 0.147500
0 0.233203 0.309583 0.048906 0.094722
0 0.282891 0.217361 0.094844 0.089722
0 0.136953 0.746944 0.066719 0.152778
0 0.322891 0.594028 0.168906 0.158056
0 0.322187 0.905000 0.185312 0.131667
0 0.351016 0.761389 0.198594 0.181667
0 0.239844 0.658750 0.103750 0.218611
0 0.245859 0.349028 0.038594 0.126389
0 0.257578 0.441250 0.053281 0.115833
0 0.214688 0.339722 0.023750 0.060556
0 0.130937 0.504583 0.028125 0.036944
0 0.137734 0.569167 0.038594 0.102778