0 0.805469 0.738889 0.057813 0.138889
0 0.506250 0.848611 0.165625 0.297222
0 0.514062 0.488889 0.093750 0.211111
0 0.384375 0.287500 0.156250 0.108333
0 0.285156 0.456944 0.195312 0.247222
0 0.297656 0.727778 0.157812 0.477778
0 0.437500 0.672222 0.184375 0.233333
0 0.170313 0.711111 0.121875 0.472222
0 0.325781 0.923611 0.189062 0.147222
0 0.530469 0.350000 0.129688 0.166667
0 0.138281 0.413889 0.070312 0.322222
0 0.291406 0.288889 0.145313 0.177778
0 0.163281 0.311111 0.073438 0.194444
0 0.400000 0.231944 0.112500 0.086111
0 0.240625 0.197222 0.115625 0.116667
0 0.635938 0.704167 0.150000 0.141667
0 0.754687 0.573611 0.068750 0.197222
0 0.751563 0.708333 0.078125 0.100000
0 0.594531 0.341667 0.079687 0.088889
0 0.644531 0.368056 0.045312 0.080556
0 0.575781 0.431944 0.060937 0.113889
0 0.696094 0.436111 0.070312 0.138889
0 0.700781 0.509722 0.095312 0.158333
0 0.438281 0.431944 0.145313 0.225000
0 0.216406 0.287500 0.114062 0.191667
0 0.397656 0.393056 0.123438 0.169444
0 0.796094 0.622222 0.035937 0.105556
0 0.571094 0.933333 0.104688 0.127778
0 0.736719 0.618056 0.051562 0.080556