0 0.554219 0.186389 0.155625 0.087778
0 0.558750 0.234444 0.155625 0.112222
0 0.583516 0.331528 0.167969 0.224722
0 0.667578 0.242639 0.080156 0.216389
0 0.714531 0.279722 0.069375 0.246667
0 0.760078 0.245417 0.061719 0.221944
0 0.122656 0.639861 0.066250 0.139722
0 0.314531 0.904444 0.181875 0.170000
0 0.407813 0.313750 0.115625 0.183611
0 0.080234 0.638472 0.052344 0.142500
0 0.162734 0.557778 0.081719 0.090556
0 0.145703 0.767500 0.106406 0.120556
0 0.350781 0.504306 0.155625 0.230278
0 0.390781 0.640000 0.112500 0.358889
0 0.478672 0.364444 0.121719 0.241111
0 0.385391 0.283611 0.123281 0.156111
0 0.302969 0.456250 0.134063 0.227500
0 0.339219 0.294722 0.110937 0.161667
0 0.305391 0.391944 0.129531 0.197222
0 0.484844 0.605694 0.161875 0.345278
0 0.421641 0.194583 0.124844 0.093056
0 0.744531 0.504306 0.110937 0.383611
0 0.262109 0.346667 0.052344 0.090556
0 0.265937 0.657639 0.118750 0.219167
0 0.210469 0.276806 0.041563 0.104167
0 0.231250 0.401389 0.049375 0.156111
0 0.345469 0.841389 0.209687 0.241111
0 0.312969 0.635694 0.114062 0.219167
0 0.253672 0.237222 0.081719 0.085000
0 0.321484 0.222083 0.100156 0.104167
0 0.451719 0.968889 0.064687 0.041111