0 0.541563 0.176528 0.161250 0.110278
0 0.548359 0.224306 0.162344 0.135278
0 0.577188 0.311111 0.179062 0.233889
0 0.658438 0.217500 0.090625 0.230000
0 0.723594 0.257361 0.103750 0.284167
0 0.752031 0.207361 0.072188 0.233056
0 0.331406 0.926944 0.190625 0.146111
0 0.364453 0.302778 0.131094 0.163889
0 0.106094 0.614306 0.064062 0.154722
0 0.399219 0.325833 0.125000 0.201667
0 0.553203 0.499583 0.146719 0.380833
0 0.078516 0.697778 0.047656 0.133333
0 0.152422 0.615000 0.084219 0.083333
0 0.696250 0.849028 0.143125 0.261944
0 0.161328 0.855972 0.086094 0.127500
0 0.445156 0.609306 0.131562 0.389722
0 0.349297 0.565417 0.153281 0.318611
0 0.377187 0.648056 0.138125 0.360556
0 0.459687 0.369028 0.107187 0.256944
0 0.408828 0.207639 0.128594 0.108611
0 0.287734 0.430417 0.128594 0.284722
0 0.287656 0.302222 0.106563 0.171667
0 0.560078 0.832917 0.150781 0.331944
0 0.230234 0.424306 0.057656 0.115278
0 0.283984 0.612083 0.167969 0.229722
0 0.143672 0.720694 0.104531 0.231944
0 0.198750 0.295000 0.114375 0.172778
0 0.240156 0.272639 0.029063 0.061944
0 0.293984 0.249861 0.137969 0.145833
0 0.128203 0.580556 0.029531 0.072778