0 0.556016 0.183750 0.157969 0.089722
0 0.560547 0.232361 0.157969 0.114722
0 0.577656 0.315694 0.183125 0.198056
0 0.670781 0.240972 0.081563 0.219722
0 0.734063 0.245556 0.092500 0.183889
0 0.764375 0.244306 0.062813 0.225278
0 0.141172 0.610694 0.070469 0.103056
0 0.307188 0.918611 0.190938 0.156667
0 0.373750 0.284167 0.125312 0.147778
0 0.107734 0.542361 0.040781 0.116944
0 0.407344 0.311944 0.117500 0.186667
0 0.553125 0.507222 0.131875 0.364444
0 0.064687 0.638194 0.036250 0.147500
0 0.226719 0.387639 0.044062 0.172500
0 0.131641 0.675833 0.117344 0.139444
0 0.679922 0.875833 0.133281 0.245000
0 0.078750 0.654861 0.036250 0.164167
0 0.440469 0.601111 0.116250 0.375556
0 0.310078 0.504583 0.177031 0.284167
0 0.360703 0.645000 0.131719 0.331111
0 0.454141 0.363611 0.105156 0.245000
0 0.423203 0.188333 0.120469 0.078333
0 0.315156 0.266944 0.120625 0.203333
0 0.712578 0.439861 0.184844 0.273056
0 0.302500 0.389167 0.123750 0.181111
0 0.199609 0.258333 0.082969 0.131111
0 0.208984 0.693056 0.116094 0.311667
0 0.298047 0.230833 0.123594 0.097778
0 0.227734 0.265139 0.073594 0.133611
0 0.124922 0.542639 0.031406 0.116944