0 0.440937 0.690139 0.189688 0.244167
0 0.154766 0.726389 0.124219 0.485556
0 0.382188 0.288889 0.166875 0.110556
0 0.205391 0.402222 0.088281 0.360556
0 0.280625 0.895972 0.202813 0.208056
0 0.343594 0.459028 0.168437 0.229722
0 0.498984 0.493889 0.122656 0.200556
0 0.821172 0.767222 0.060469 0.113333
0 0.295469 0.755556 0.209375 0.462222
0 0.510469 0.857222 0.175000 0.276111
0 0.530078 0.329722 0.142344 0.186111
0 0.121172 0.415278 0.080156 0.311111
0 0.214453 0.284583 0.122656 0.270278
0 0.283047 0.288889 0.152031 0.209444
0 0.143281 0.304861 0.068750 0.194722
0 0.230078 0.181389 0.121094 0.122222
0 0.817109 0.645139 0.039219 0.119167
0 0.651094 0.705972 0.145625 0.130833
0 0.777813 0.589861 0.085000 0.206389
0 0.395234 0.220556 0.121094 0.090000
0 0.764766 0.711944 0.081719 0.090000
0 0.616797 0.364444 0.102969 0.122222
0 0.652813 0.363056 0.047500 0.084444
0 0.580781 0.429861 0.063750 0.119167
0 0.706797 0.434306 0.073594 0.145278
0 0.711562 0.511250 0.099687 0.165833
0 0.491641 0.368750 0.075156 0.119167
0 0.417266 0.400833 0.093281 0.188889
0 0.591406 0.964306 0.062187 0.071389
0 0.731250 0.655278 0.040938 0.122222