0 0.565156 0.189306 0.160312 0.104167
0 0.568359 0.238194 0.161094 0.129167
0 0.590234 0.339167 0.177031 0.243889
0 0.677969 0.257083 0.087813 0.226944
0 0.724453 0.299306 0.077969 0.256389
0 0.771563 0.269306 0.069375 0.230833
0 0.191797 0.674444 0.103906 0.295000
0 0.313828 0.445556 0.167656 0.292778
0 0.242422 0.277222 0.055469 0.082778
0 0.403047 0.625556 0.097031 0.371667
0 0.489531 0.359861 0.133750 0.250833
0 0.391172 0.275139 0.149219 0.196944
0 0.704609 0.831806 0.155781 0.336389
0 0.349297 0.236389 0.123594 0.125556
0 0.412734 0.311944 0.156719 0.189444
0 0.471797 0.604444 0.101406 0.361111
0 0.430547 0.190000 0.128906 0.095556
0 0.753437 0.530278 0.097812 0.396667
0 0.247734 0.359861 0.054531 0.151944
0 0.297109 0.331389 0.077031 0.176111
0 0.213984 0.259167 0.044531 0.084444
0 0.256094 0.620972 0.154062 0.302500
0 0.507656 0.759444 0.205938 0.423889
0 0.328437 0.202361 0.104688 0.115278
0 0.250937 0.207083 0.100312 0.123056
0 0.149609 0.547917 0.080781 0.099167
0 0.137813 0.724722 0.080000 0.276111
0 0.075937 0.601806 0.094375 0.133611
0 0.100000 0.710000 0.051250 0.096111