0 0.680391 0.829583 0.191406 0.340833
0 0.766094 0.485694 0.145313 0.401944
0 0.378906 0.733333 0.245625 0.309444
0 0.315312 0.800000 0.227188 0.288333
0 0.278906 0.881250 0.228125 0.178611
0 0.537578 0.351667 0.154219 0.297222
0 0.620703 0.369028 0.128906 0.300833
0 0.688281 0.372500 0.160000 0.312222
0 0.749687 0.376944 0.148125 0.279444
0 0.584375 0.224167 0.143125 0.155000
0 0.737187 0.231528 0.175937 0.150833
0 0.455937 0.228889 0.159688 0.205000
0 0.392656 0.184583 0.127812 0.134722
0 0.391875 0.139583 0.083750 0.079722
0 0.290234 0.456944 0.164844 0.230556
0 0.169062 0.763333 0.166875 0.236667
0 0.360312 0.254306 0.093750 0.141389
0 0.135859 0.458750 0.046719 0.069167
0 0.271250 0.610556 0.186875 0.223333
0 0.139453 0.562500 0.150156 0.250556
0 0.314141 0.375139 0.163594 0.233056
0 0.296719 0.257778 0.077187 0.192778
0 0.279375 0.248611 0.071875 0.183333
0 0.272109 0.160833 0.070469 0.116111
0 0.221563 0.240972 0.021563 0.056944
0 0.258125 0.230000 0.066250 0.136111
0 0.124531 0.409444 0.026562 0.045000
0 0.319219 0.165417 0.086563 0.093611
0 0.233984 0.314722 0.036406 0.087778
0 0.127969 0.459444 0.069687 0.123889