0 0.696562 0.826111 0.169063 0.347778
0 0.750859 0.486389 0.159531 0.345000
0 0.536875 0.349306 0.142187 0.286944
0 0.613125 0.363056 0.154688 0.292222
0 0.345391 0.863750 0.292656 0.215833
0 0.496328 0.958750 0.131719 0.082500
0 0.573281 0.208333 0.143437 0.134444
0 0.733750 0.280556 0.161875 0.135556
0 0.717891 0.207500 0.160781 0.118889
0 0.451328 0.234722 0.147969 0.184444
0 0.348828 0.213056 0.089844 0.137778
0 0.388672 0.166528 0.096406 0.070833
0 0.266484 0.589444 0.149219 0.228333
0 0.186328 0.752639 0.157969 0.197500
0 0.086250 0.505278 0.076563 0.195000
0 0.294453 0.254167 0.058906 0.183333
0 0.263359 0.186528 0.072656 0.082500
0 0.268047 0.262917 0.046094 0.148056
0 0.307344 0.399167 0.162812 0.323889
0 0.237422 0.235972 0.059531 0.093611
0 0.164453 0.600139 0.110781 0.226389
0 0.102266 0.675972 0.074531 0.161944
0 0.297109 0.791250 0.154531 0.093056
0 0.289297 0.891806 0.202344 0.170833
0 0.346406 0.746528 0.188125 0.162500
0 0.237266 0.288889 0.040156 0.127778
0 0.248828 0.381944 0.061094 0.118333
0 0.412266 0.696667 0.215156 0.350556
0 0.137734 0.522222 0.072031 0.147778
0 0.212734 0.279861 0.021094 0.066944
0 0.118359 0.493472 0.056406 0.117500
0 0.110313 0.421806 0.030937 0.052500