0 0.717187 0.811111 0.146875 0.372222
0 0.748437 0.437500 0.140625 0.319444
0 0.527344 0.343056 0.126562 0.263889
0 0.603906 0.341667 0.139063 0.266667
0 0.392188 0.893056 0.293750 0.158333
0 0.525000 0.962500 0.128125 0.069444
0 0.554688 0.195833 0.137500 0.108333
0 0.718750 0.236111 0.156250 0.105556
0 0.698438 0.166667 0.156250 0.088889
0 0.434375 0.248611 0.137500 0.163889
0 0.332031 0.244444 0.082812 0.122222
0 0.368750 0.193056 0.093750 0.058333
0 0.273438 0.634722 0.137500 0.202778
0 0.203906 0.812500 0.148438 0.169444
0 0.089063 0.586111 0.065625 0.183333
0 0.280469 0.295833 0.048438 0.175000
0 0.245312 0.234722 0.068750 0.069444
0 0.254688 0.309722 0.037500 0.141667
0 0.300781 0.437500 0.145313 0.297222
0 0.222656 0.288889 0.054688 0.083333
0 0.172656 0.665278 0.098437 0.208333
0 0.117969 0.761111 0.070312 0.161111
0 0.324219 0.826389 0.170313 0.086111
0 0.310937 0.927778 0.193750 0.138889
0 0.360156 0.765278 0.182812 0.130556
0 0.225781 0.341667 0.032813 0.122222
0 0.242969 0.431944 0.054688 0.108333
0 0.425000 0.712500 0.196875 0.313889
0 0.142187 0.595833 0.068750 0.141667
0 0.201563 0.340278 0.015625 0.047222
0 0.117969 0.568056 0.048438 0.119444
0 0.107813 0.498611 0.028125 0.047222