0 0.707656 0.819167 0.157812 0.361667
0 0.756406 0.456111 0.137187 0.320000
0 0.531953 0.345833 0.134219 0.275556
0 0.608750 0.346111 0.146562 0.268333
0 0.348281 0.862500 0.229375 0.179444
0 0.515000 0.962500 0.106563 0.075000
0 0.727422 0.272361 0.157344 0.161389
0 0.306562 0.377361 0.138437 0.259167
0 0.444375 0.241528 0.147187 0.185278
0 0.335547 0.242500 0.099844 0.114444
0 0.407109 0.178333 0.030781 0.038889
0 0.270859 0.552083 0.161094 0.233611
0 0.180000 0.812083 0.116250 0.193611
0 0.087031 0.549861 0.070312 0.166944
0 0.292500 0.246667 0.032813 0.108333
0 0.252812 0.212361 0.072500 0.084167
0 0.270937 0.260000 0.040625 0.111667
0 0.225859 0.273750 0.054531 0.104722
0 0.364297 0.172778 0.087344 0.113333
0 0.110625 0.724583 0.075000 0.167500
0 0.212031 0.682778 0.112500 0.173889
0 0.300859 0.909722 0.199219 0.157222
0 0.335703 0.761111 0.214844 0.211111
0 0.158516 0.641667 0.085781 0.215556
0 0.237891 0.316528 0.044531 0.136944
0 0.299375 0.300139 0.090312 0.108056
0 0.206797 0.308194 0.023594 0.063056
0 0.112109 0.468889 0.030781 0.041667
0 0.140000 0.556389 0.046250 0.090000
0 0.115469 0.541389 0.046875 0.109444
0 0.228516 0.365833 0.039531 0.075556