0 0.724922 0.815000 0.152031 0.370000
0 0.771016 0.436111 0.117969 0.330556
0 0.418516 0.753611 0.218281 0.350556
0 0.343359 0.808333 0.207031 0.178333
0 0.311875 0.938611 0.221563 0.122778
0 0.525312 0.338194 0.137500 0.273056
0 0.611875 0.336806 0.110000 0.275833
0 0.697422 0.289306 0.171406 0.192500
0 0.560078 0.194583 0.142344 0.123611
0 0.722500 0.213472 0.156875 0.103611
0 0.708750 0.157083 0.168125 0.094722
0 0.431406 0.223472 0.140625 0.186944
0 0.332813 0.236250 0.075938 0.126389
0 0.359531 0.177361 0.103438 0.089167
0 0.258437 0.657361 0.140625 0.175278
0 0.178516 0.730694 0.126094 0.253056
0 0.079922 0.585694 0.067969 0.186944
0 0.526094 0.457639 0.110000 0.356389
0 0.256875 0.293889 0.037187 0.132222
0 0.228672 0.234861 0.058281 0.106389
0 0.194687 0.322500 0.025938 0.063333
0 0.242422 0.312500 0.040469 0.152222
0 0.272266 0.185972 0.067969 0.106389
0 0.291719 0.441944 0.139063 0.296111
0 0.156641 0.648750 0.088906 0.192500
0 0.100078 0.763750 0.059844 0.158056
0 0.285078 0.240556 0.061406 0.181111
0 0.325547 0.885833 0.216719 0.178333
0 0.214766 0.332500 0.033906 0.129444
0 0.231719 0.430139 0.048438 0.094722