0 0.717187 0.811111 0.146875 0.372222
0 0.761719 0.437500 0.114062 0.319444
0 0.421094 0.744444 0.210938 0.338889
0 0.348438 0.797222 0.200000 0.172222
0 0.317969 0.930556 0.214062 0.133333
0 0.524219 0.343056 0.132812 0.263889
0 0.607812 0.341667 0.106250 0.266667
0 0.706250 0.300000 0.178125 0.166667
0 0.557813 0.204167 0.137500 0.119444
0 0.714844 0.218056 0.157812 0.086111
0 0.703906 0.166667 0.154688 0.083333
0 0.435937 0.227778 0.137500 0.183333
0 0.337500 0.234722 0.090625 0.125000
0 0.371875 0.186111 0.090625 0.077778
0 0.260937 0.662500 0.140625 0.186111
0 0.182812 0.844444 0.143750 0.183333
0 0.093750 0.581944 0.065625 0.180556
0 0.571875 0.662500 0.215625 0.336111
0 0.275000 0.315278 0.046875 0.158333
0 0.237500 0.243056 0.056250 0.102778
0 0.204687 0.327778 0.025000 0.061111
0 0.249219 0.316667 0.032813 0.150000
0 0.292969 0.438889 0.132812 0.288889
0 0.170313 0.661111 0.100000 0.222222
0 0.118750 0.751389 0.062500 0.113889
0 0.303906 0.247222 0.076563 0.177778
0 0.332813 0.868056 0.209375 0.186111
0 0.222656 0.337500 0.032813 0.130556
0 0.240625 0.436111 0.046875 0.088889
0 0.139063 0.577778 0.071875 0.116667