0 0.717187 0.811111 0.146875 0.372222
0 0.754687 0.431944 0.128125 0.308333
0 0.527344 0.343056 0.126562 0.263889
0 0.603906 0.336111 0.139063 0.255556
0 0.365625 0.873611 0.221875 0.152778
0 0.517969 0.962500 0.123438 0.069444
0 0.159375 0.593056 0.065625 0.097222
0 0.720313 0.251389 0.153125 0.147222
0 0.306250 0.398611 0.125000 0.219444
0 0.436719 0.247222 0.142187 0.172222
0 0.317188 0.261111 0.106250 0.105556
0 0.385937 0.194444 0.059375 0.055556
0 0.296094 0.479167 0.129688 0.175000
0 0.189844 0.841667 0.110937 0.183333
0 0.089063 0.588889 0.065625 0.161111
0 0.283594 0.281944 0.032813 0.119444
0 0.244531 0.236111 0.070312 0.077778
0 0.259375 0.304167 0.034375 0.141667
0 0.219531 0.300000 0.051562 0.100000
0 0.332031 0.191667 0.085938 0.116667
0 0.117969 0.761111 0.070312 0.161111
0 0.314844 0.581944 0.185938 0.197222
0 0.313281 0.927778 0.195312 0.138889
0 0.343750 0.776389 0.209375 0.191667
0 0.227344 0.659722 0.114062 0.225000
0 0.232813 0.341667 0.040625 0.133333
0 0.245312 0.438889 0.056250 0.122222
0 0.200000 0.331944 0.025000 0.063889
0 0.111719 0.505556 0.029687 0.038889
0 0.139844 0.598611 0.035937 0.086111
0 0.118750 0.573611 0.040625 0.108333