0 0.710156 0.811111 0.160938 0.372222
0 0.761719 0.412500 0.114062 0.375000
0 0.400781 0.763889 0.226562 0.250000
0 0.348438 0.861111 0.240625 0.205556
0 0.314844 0.937500 0.220312 0.119444
0 0.524219 0.343056 0.132812 0.263889
0 0.607812 0.337500 0.106250 0.275000
0 0.670312 0.316667 0.131250 0.244444
0 0.743750 0.279167 0.118750 0.225000
0 0.559375 0.201389 0.128125 0.108333
0 0.694531 0.176389 0.170313 0.091667
0 0.432812 0.248611 0.143750 0.169444
0 0.364844 0.211111 0.126562 0.094444
0 0.306250 0.405556 0.125000 0.244444
0 0.190625 0.855556 0.150000 0.194444
0 0.111719 0.763889 0.060937 0.111111
0 0.339062 0.283333 0.075000 0.100000
0 0.118750 0.516667 0.046875 0.111111
0 0.152344 0.636111 0.123438 0.194444
0 0.289062 0.613889 0.137500 0.227778
0 0.207031 0.693056 0.079687 0.263889
0 0.332813 0.506944 0.165625 0.197222
0 0.289844 0.301389 0.039062 0.147222
0 0.261719 0.313889 0.045312 0.211111
0 0.235156 0.351389 0.029687 0.113889
0 0.248438 0.222222 0.068750 0.111111
0 0.207031 0.319444 0.023438 0.077778
0 0.289844 0.215278 0.060937 0.063889
0 0.225781 0.329167 0.042188 0.119444