0 0.555469 0.183333 0.157812 0.088889
0 0.560156 0.231944 0.157812 0.113889
0 0.585156 0.330556 0.170313 0.227778
0 0.670312 0.240278 0.081250 0.219444
0 0.717969 0.277778 0.070312 0.250000
0 0.764062 0.243056 0.062500 0.225000
0 0.128125 0.784722 0.071875 0.141667
0 0.229687 0.891667 0.153125 0.183333
0 0.308594 0.443056 0.157812 0.147222
0 0.233594 0.319444 0.060937 0.111111
0 0.407031 0.634722 0.085938 0.363889
0 0.485156 0.361111 0.126562 0.238889
0 0.365625 0.275000 0.106250 0.161111
0 0.714844 0.823611 0.145313 0.347222
0 0.352344 0.233333 0.067187 0.127778
0 0.375781 0.315278 0.120313 0.163889
0 0.475000 0.606944 0.090625 0.352778
0 0.753906 0.505556 0.085938 0.388889
0 0.269531 0.250000 0.098437 0.111111
0 0.293750 0.597222 0.140625 0.188889
0 0.218750 0.270833 0.065625 0.108333
0 0.432031 0.198611 0.132812 0.113889
0 0.200781 0.706944 0.107813 0.308333
0 0.519531 0.752778 0.198437 0.411111
0 0.117969 0.515278 0.057813 0.125000
0 0.325781 0.188889 0.067187 0.055556
0 0.432031 0.226389 0.085938 0.213889
0 0.264062 0.362500 0.068750 0.186111
0 0.230469 0.408333 0.042188 0.161111
0 0.065625 0.691667 0.093750 0.150000
0 0.146094 0.625000 0.120313 0.122222