0 0.710156 0.811111 0.160938 0.372222
0 0.761719 0.412500 0.114062 0.375000
0 0.400781 0.777778 0.226562 0.277778
0 0.343750 0.847222 0.209375 0.233333
0 0.314844 0.937500 0.220312 0.119444
0 0.524219 0.343056 0.132812 0.263889
0 0.607812 0.337500 0.106250 0.275000
0 0.681250 0.313889 0.150000 0.261111
0 0.734375 0.309722 0.128125 0.252778
0 0.559375 0.204167 0.134375 0.119444
0 0.710938 0.206944 0.162500 0.119444
0 0.697656 0.168056 0.142187 0.086111
0 0.430469 0.237500 0.145313 0.152778
0 0.366406 0.186111 0.104688 0.055556
0 0.342187 0.238889 0.103125 0.105556
0 0.279687 0.572222 0.156250 0.205556
0 0.199219 0.868056 0.148438 0.191667
0 0.293750 0.293056 0.115625 0.152778
0 0.147656 0.681944 0.079687 0.213889
0 0.164844 0.579167 0.085938 0.130556
0 0.316406 0.437500 0.167187 0.186111
0 0.257812 0.262500 0.053125 0.075000
0 0.245312 0.227778 0.062500 0.100000
0 0.203906 0.323611 0.017188 0.063889
0 0.232813 0.298611 0.043750 0.080556
0 0.121094 0.513889 0.023438 0.038889
0 0.292187 0.215278 0.068750 0.058333
0 0.213281 0.366667 0.014063 0.033333
0 0.120313 0.559722 0.037500 0.075000
0 0.235937 0.405556 0.043750 0.177778