0 0.550547 0.211667 0.143906 0.081111
0 0.554766 0.256111 0.143906 0.103889
0 0.577500 0.346111 0.155313 0.207778
0 0.655312 0.263750 0.074063 0.200278
0 0.698828 0.297917 0.064219 0.228056
0 0.740859 0.266250 0.057031 0.205278
0 0.159141 0.743889 0.062656 0.121667
0 0.263281 0.853056 0.185312 0.197778
0 0.256875 0.335972 0.055625 0.101389
0 0.443672 0.614583 0.135469 0.349722
0 0.487031 0.386667 0.139688 0.202778
0 0.395781 0.302917 0.119687 0.151944
0 0.695937 0.795833 0.132500 0.316667
0 0.405156 0.247222 0.101250 0.126667
0 0.416563 0.332083 0.146875 0.169722
0 0.292500 0.645000 0.101250 0.238333
0 0.731563 0.505694 0.078438 0.354722
0 0.297422 0.311944 0.057031 0.098889
0 0.620391 0.645000 0.112656 0.329444
0 0.243359 0.291667 0.059844 0.098889
0 0.469922 0.217917 0.059844 0.083611
0 0.212734 0.675417 0.089844 0.263611
0 0.517734 0.720972 0.181094 0.354722
0 0.144922 0.501944 0.039844 0.068333
0 0.338125 0.244722 0.084062 0.086111
0 0.326797 0.481528 0.135469 0.210278
0 0.303203 0.381528 0.085469 0.177500
0 0.247578 0.423333 0.039844 0.144444
0 0.102891 0.649028 0.087031 0.114167
0 0.183516 0.586806 0.099844 0.101389