0 0.551250 0.211250 0.143750 0.080833
0 0.555469 0.255694 0.143750 0.103611
0 0.578203 0.345417 0.155156 0.207500
0 0.655781 0.263194 0.074063 0.199722
0 0.699219 0.297500 0.064062 0.227778
0 0.741094 0.265833 0.056875 0.205000
0 0.151406 0.627639 0.092500 0.083611
0 0.199609 0.683333 0.083906 0.250556
0 0.329922 0.482083 0.145156 0.222500
0 0.248125 0.308750 0.064062 0.134167
0 0.416016 0.616250 0.078281 0.303611
0 0.484375 0.378472 0.118125 0.207500
0 0.395313 0.305139 0.130937 0.166944
0 0.696328 0.794444 0.132344 0.316111
0 0.352656 0.278333 0.102500 0.118889
0 0.416016 0.336667 0.137969 0.159444
0 0.477969 0.597361 0.082500 0.321389
0 0.428906 0.224028 0.115312 0.075833
0 0.731953 0.504861 0.078281 0.354167
0 0.292266 0.383472 0.078281 0.212500
0 0.233906 0.306389 0.038437 0.073333
0 0.280156 0.637778 0.105313 0.260556
0 0.518437 0.728750 0.172187 0.326389
0 0.336250 0.244167 0.092500 0.096111
0 0.155547 0.541528 0.055469 0.083611
0 0.201875 0.569444 0.054062 0.073333
0 0.175547 0.688194 0.103906 0.184722
0 0.246719 0.413750 0.041250 0.106389