0 0.444531 0.183333 0.157812 0.088889
0 0.439844 0.231944 0.157812 0.113889
0 0.414844 0.330556 0.170313 0.227778
0 0.329688 0.240278 0.081250 0.219444
0 0.282031 0.277778 0.070312 0.250000
0 0.235937 0.243056 0.062500 0.225000
0 0.871875 0.784722 0.071875 0.141667
0 0.770312 0.891667 0.153125 0.183333
0 0.685937 0.443056 0.143750 0.147222
0 0.766406 0.319444 0.060937 0.111111
0 0.592969 0.634722 0.085938 0.363889
0 0.514844 0.361111 0.126562 0.238889
0 0.635938 0.265278 0.103125 0.180556
0 0.285156 0.823611 0.145313 0.347222
0 0.647656 0.233333 0.067187 0.127778
0 0.525000 0.606944 0.090625 0.352778
0 0.246094 0.505556 0.085938 0.388889
0 0.735156 0.261111 0.073438 0.116667
0 0.706250 0.609722 0.146875 0.241667
0 0.781250 0.270833 0.065625 0.108333
0 0.567969 0.198611 0.132812 0.113889
0 0.799219 0.706944 0.107813 0.308333
0 0.480469 0.752778 0.198437 0.411111
0 0.882031 0.515278 0.057813 0.125000
0 0.692969 0.226389 0.064062 0.097222
0 0.585156 0.297222 0.120313 0.238889
0 0.731250 0.373611 0.053125 0.180556
0 0.771094 0.412500 0.045312 0.158333
0 0.910156 0.650000 0.089063 0.177778
0 0.834375 0.650000 0.128125 0.155556