0 0.558516 0.185000 0.148906 0.088333
0 0.560859 0.233194 0.153594 0.113056
0 0.591094 0.322917 0.167500 0.209722
0 0.668750 0.241389 0.080625 0.217778
0 0.731563 0.288194 0.091563 0.267500
0 0.761797 0.244167 0.062031 0.223333
0 0.069766 0.640000 0.055781 0.154444
0 0.105469 0.543472 0.043438 0.132500
0 0.145156 0.783472 0.085312 0.187500
0 0.308672 0.915833 0.189219 0.154444
0 0.258359 0.681389 0.119531 0.242778
0 0.366875 0.277222 0.122500 0.162778
0 0.375547 0.386250 0.108594 0.204167
0 0.148203 0.631806 0.103906 0.121389
0 0.416641 0.393056 0.076094 0.251111
0 0.117969 0.537778 0.040313 0.082778
0 0.401797 0.303333 0.105469 0.165556
0 0.557813 0.506250 0.141250 0.361389
0 0.318906 0.544722 0.184688 0.162778
0 0.238125 0.383472 0.045000 0.181944
0 0.435234 0.186111 0.107031 0.140556
0 0.671094 0.713194 0.221875 0.284167
0 0.681172 0.880000 0.148906 0.226111
0 0.440703 0.600139 0.114844 0.372500
0 0.228125 0.384861 0.049688 0.101944
0 0.280938 0.338056 0.049688 0.162778
0 0.420469 0.202639 0.124063 0.101944
0 0.228828 0.252361 0.057344 0.101944
0 0.308828 0.245556 0.068281 0.077222
0 0.301094 0.437083 0.133438 0.195833
0 0.265313 0.222222 0.052812 0.096667