0 0.555469 0.183333 0.157812 0.088889
0 0.560156 0.231944 0.157812 0.113889
0 0.585156 0.330556 0.170313 0.227778
0 0.670312 0.240278 0.081250 0.219444
0 0.717969 0.277778 0.070312 0.250000
0 0.764062 0.243056 0.062500 0.225000
0 0.128125 0.784722 0.071875 0.141667
0 0.229687 0.891667 0.153125 0.183333
0 0.364063 0.587500 0.140625 0.375000
0 0.233594 0.319444 0.060937 0.111111
0 0.407031 0.634722 0.085938 0.363889
0 0.492188 0.361111 0.140625 0.216667
0 0.362500 0.262500 0.103125 0.202778
0 0.714844 0.823611 0.145313 0.347222
0 0.352344 0.233333 0.067187 0.127778
0 0.475000 0.606944 0.090625 0.352778
0 0.753906 0.505556 0.085938 0.388889
0 0.268750 0.287500 0.075000 0.163889
0 0.283594 0.544444 0.098437 0.150000
0 0.218750 0.270833 0.065625 0.108333
0 0.432812 0.191667 0.134375 0.088889
0 0.200781 0.706944 0.107813 0.308333
0 0.519531 0.752778 0.198437 0.411111
0 0.122656 0.505556 0.057813 0.072222
0 0.315625 0.219444 0.078125 0.094444
0 0.379688 0.329167 0.162500 0.269444
0 0.268750 0.384722 0.053125 0.236111
0 0.228906 0.412500 0.045312 0.158333
0 0.498437 0.951389 0.137500 0.091667
0 0.084375 0.658333 0.093750 0.194444
0 0.150781 0.647222 0.129688 0.205556