0 0.557891 0.178333 0.160781 0.090556
0 0.562734 0.228056 0.160781 0.116111
0 0.588125 0.328194 0.173437 0.231944
0 0.674844 0.236528 0.082812 0.223611
0 0.723281 0.274583 0.071563 0.254722
0 0.770234 0.239306 0.063594 0.229167
0 0.121094 0.772361 0.070000 0.135833
0 0.237188 0.889028 0.206875 0.221944
0 0.230078 0.316806 0.062031 0.113056
0 0.438516 0.628194 0.151094 0.390278
0 0.487031 0.373472 0.155938 0.226389
0 0.386797 0.274583 0.127344 0.169722
0 0.720234 0.826806 0.147969 0.346389
0 0.352500 0.230833 0.071563 0.116111
0 0.413906 0.307222 0.136875 0.178333
0 0.274609 0.660556 0.112969 0.246111
0 0.760000 0.506667 0.087500 0.396111
0 0.275391 0.290139 0.063594 0.110278
0 0.650156 0.662222 0.119375 0.367778
0 0.215000 0.267361 0.066875 0.110278
0 0.436172 0.185556 0.130469 0.093333
0 0.180781 0.695972 0.100312 0.294167
0 0.521172 0.746944 0.202031 0.396111
0 0.105078 0.502361 0.044531 0.076389
0 0.313672 0.215000 0.079531 0.096111
0 0.310469 0.483750 0.140000 0.231944
0 0.290469 0.381944 0.090625 0.192222
0 0.219766 0.414444 0.044531 0.161111
0 0.097969 0.589861 0.090625 0.172500
0 0.156094 0.612639 0.120938 0.138611