0 0.720781 0.786944 0.173750 0.389444
0 0.758125 0.383194 0.127188 0.386944
0 0.410313 0.774444 0.235000 0.275000
0 0.356406 0.864028 0.217188 0.256389
0 0.330625 0.942778 0.224062 0.114444
0 0.518594 0.340833 0.141875 0.278333
0 0.601797 0.325694 0.115781 0.286389
0 0.668359 0.302917 0.147031 0.292500
0 0.728750 0.283611 0.136563 0.261111
0 0.548672 0.197917 0.138281 0.134167
0 0.697188 0.146667 0.169063 0.123889
0 0.423906 0.252500 0.152500 0.182778
0 0.356719 0.233611 0.123750 0.116111
0 0.343516 0.193333 0.086406 0.073333
0 0.290703 0.538750 0.161719 0.225278
0 0.209141 0.884722 0.158281 0.213889
0 0.333750 0.314028 0.088438 0.128611
0 0.134297 0.606528 0.064844 0.076389
0 0.290156 0.696250 0.179375 0.196944
0 0.156797 0.688889 0.139844 0.220000
0 0.303828 0.444028 0.157344 0.233056
0 0.272266 0.346111 0.068594 0.181667
0 0.254062 0.339722 0.063750 0.175556
0 0.236250 0.256667 0.065938 0.106667
0 0.195078 0.354583 0.025469 0.060833
0 0.230859 0.329722 0.060469 0.128333
0 0.122422 0.556250 0.024844 0.041389
0 0.282578 0.243333 0.083594 0.081111
0 0.216328 0.424583 0.032656 0.089167
0 0.131875 0.603889 0.064687 0.115000