0 0.723984 0.795417 0.155156 0.382500
0 0.746875 0.419583 0.147812 0.329167
0 0.523750 0.341111 0.132500 0.272778
0 0.600156 0.334306 0.145000 0.276389
0 0.364531 0.900417 0.242500 0.175278
0 0.528359 0.960833 0.124844 0.078333
0 0.294141 0.492639 0.145156 0.281944
0 0.714141 0.223194 0.155781 0.133056
0 0.681641 0.169861 0.186719 0.124167
0 0.428672 0.253472 0.141094 0.173611
0 0.318594 0.261389 0.088438 0.120000
0 0.364219 0.203889 0.093437 0.067778
0 0.273359 0.645417 0.150781 0.190833
0 0.215859 0.830278 0.146094 0.185000
0 0.089375 0.628194 0.064375 0.156944
0 0.281172 0.300278 0.050469 0.161667
0 0.239531 0.253333 0.070312 0.074444
0 0.252969 0.330139 0.039062 0.144167
0 0.216641 0.309028 0.062969 0.093056
0 0.300156 0.410139 0.144375 0.251389
0 0.172734 0.684722 0.092031 0.206111
0 0.124141 0.788333 0.073906 0.166111
0 0.318438 0.799444 0.189062 0.157778
0 0.334141 0.933056 0.204531 0.133889
0 0.360078 0.778333 0.198594 0.166667
0 0.423047 0.726389 0.206094 0.355556
0 0.221484 0.357361 0.040469 0.133056
0 0.238437 0.447917 0.047188 0.089167
0 0.197344 0.360556 0.024688 0.057222
0 0.120469 0.591111 0.042812 0.102778
0 0.112109 0.533333 0.030469 0.041111
0 0.135078 0.616528 0.052344 0.111944