0 0.719219 0.806528 0.149375 0.375278
0 0.751094 0.432222 0.136563 0.322222
0 0.422734 0.737778 0.213281 0.360000
0 0.355859 0.800278 0.190156 0.176111
0 0.320937 0.932778 0.215000 0.134444
0 0.526328 0.342500 0.128281 0.266667
0 0.603672 0.339583 0.142344 0.269722
0 0.692031 0.347222 0.106250 0.232778
0 0.514062 0.967778 0.137813 0.061111
0 0.555078 0.194722 0.133594 0.111111
0 0.717734 0.234167 0.161719 0.114444
0 0.696250 0.162500 0.156875 0.092222
0 0.432734 0.245833 0.135469 0.158333
0 0.340469 0.246389 0.085000 0.104444
0 0.372188 0.194306 0.089375 0.057500
0 0.274453 0.639444 0.138906 0.205556
0 0.168437 0.822222 0.137187 0.200000
0 0.086641 0.616944 0.053906 0.123333
0 0.279141 0.300556 0.049531 0.176111
0 0.243437 0.234583 0.069062 0.059722
0 0.252656 0.319028 0.043125 0.150833
0 0.218125 0.294861 0.064687 0.084722
0 0.301953 0.441806 0.147344 0.300278
0 0.166797 0.666667 0.082656 0.210000
0 0.110234 0.755556 0.049219 0.123333
0 0.111172 0.542778 0.057031 0.109444
0 0.335391 0.881389 0.213594 0.176667
0 0.221641 0.343333 0.030469 0.120000
0 0.242656 0.444444 0.052187 0.095556
0 0.141172 0.575694 0.063281 0.120833