0 0.289844 0.811111 0.160938 0.372222
0 0.238281 0.412500 0.114062 0.375000
0 0.599219 0.763889 0.226562 0.250000
0 0.660156 0.861111 0.223438 0.205556
0 0.685156 0.937500 0.220312 0.119444
0 0.475781 0.343056 0.132812 0.263889
0 0.392188 0.337500 0.106250 0.275000
0 0.329688 0.316667 0.131250 0.244444
0 0.256250 0.279167 0.118750 0.225000
0 0.441406 0.895833 0.129688 0.202778
0 0.443750 0.201389 0.134375 0.108333
0 0.305469 0.176389 0.170313 0.091667
0 0.567187 0.229167 0.143750 0.175000
0 0.635156 0.191667 0.126562 0.138889
0 0.693750 0.405556 0.125000 0.244444
0 0.809375 0.855556 0.150000 0.194444
0 0.889844 0.752778 0.054688 0.138889
0 0.658594 0.275000 0.079687 0.116667
0 0.851562 0.616667 0.121875 0.166667
0 0.710938 0.613889 0.137500 0.227778
0 0.792969 0.693056 0.079687 0.263889
0 0.656250 0.506944 0.175000 0.191667
0 0.712500 0.297222 0.043750 0.144444
0 0.743750 0.277778 0.053125 0.172222
0 0.757812 0.365278 0.043750 0.102778
0 0.789844 0.241667 0.079687 0.105556
0 0.791406 0.319444 0.029687 0.077778
0 0.871875 0.536111 0.025000 0.061111
0 0.774219 0.329167 0.042188 0.119444
0 0.710156 0.218056 0.048438 0.052778