0 0.564609 0.188889 0.160156 0.103333
0 0.567969 0.237778 0.160938 0.128333
0 0.589922 0.338472 0.176719 0.243056
0 0.677656 0.256389 0.087500 0.226667
0 0.724219 0.298056 0.077500 0.256111
0 0.771172 0.267778 0.068906 0.230556
0 0.120313 0.750139 0.075938 0.148056
0 0.218672 0.866389 0.158281 0.197222
0 0.368984 0.460139 0.166406 0.314167
0 0.239219 0.295278 0.064062 0.116667
0 0.403203 0.625972 0.096406 0.371389
0 0.496172 0.360556 0.146719 0.229444
0 0.369609 0.250139 0.108906 0.211944
0 0.705156 0.831389 0.155313 0.337222
0 0.360234 0.220278 0.070781 0.133889
0 0.471953 0.604444 0.100781 0.360556
0 0.753438 0.529028 0.097188 0.396389
0 0.284297 0.253472 0.086406 0.132500
0 0.289062 0.541667 0.124687 0.221667
0 0.225781 0.245139 0.068750 0.114167
0 0.441797 0.185833 0.136719 0.101111
0 0.195234 0.679167 0.116719 0.317778
0 0.512109 0.754167 0.210156 0.428889
0 0.118047 0.480139 0.061406 0.130278
0 0.323984 0.202917 0.080781 0.101389
0 0.380391 0.312222 0.163906 0.283333
0 0.277813 0.368333 0.070312 0.222222
0 0.231797 0.387500 0.049844 0.162222
0 0.458125 0.943889 0.107500 0.109444
0 0.086484 0.621806 0.102031 0.189167
0 0.157891 0.614444 0.134844 0.192222