0 0.282813 0.811111 0.146875 0.372222
0 0.251563 0.437500 0.140625 0.319444
0 0.472656 0.343056 0.126562 0.263889
0 0.396094 0.341667 0.139063 0.266667
0 0.607812 0.893056 0.293750 0.158333
0 0.475000 0.962500 0.128125 0.069444
0 0.445312 0.195833 0.137500 0.108333
0 0.281250 0.236111 0.156250 0.105556
0 0.301563 0.166667 0.156250 0.088889
0 0.565625 0.248611 0.137500 0.163889
0 0.667969 0.244444 0.082812 0.122222
0 0.631250 0.193056 0.093750 0.058333
0 0.726562 0.634722 0.137500 0.202778
0 0.796094 0.812500 0.148438 0.169444
0 0.910937 0.586111 0.065625 0.183333
0 0.719531 0.295833 0.048438 0.175000
0 0.754687 0.234722 0.068750 0.069444
0 0.745313 0.309722 0.037500 0.141667
0 0.699219 0.437500 0.145313 0.297222
0 0.777344 0.288889 0.054688 0.083333
0 0.827344 0.665278 0.098437 0.208333
0 0.882031 0.761111 0.070312 0.161111
0 0.675781 0.826389 0.170313 0.086111
0 0.689063 0.927778 0.193750 0.138889
0 0.639844 0.765278 0.182812 0.130556
0 0.774219 0.341667 0.032813 0.122222
0 0.757031 0.431944 0.054688 0.108333
0 0.575000 0.712500 0.196875 0.313889
0 0.857812 0.595833 0.068750 0.141667
0 0.798438 0.340278 0.015625 0.047222
0 0.882031 0.568056 0.048438 0.119444
0 0.892188 0.498611 0.028125 0.047222