0 0.697344 0.793056 0.151250 0.350000
0 0.745781 0.418472 0.107187 0.352500
0 0.418203 0.751250 0.212969 0.281944
0 0.352813 0.827222 0.196875 0.219444
0 0.325781 0.911944 0.207187 0.112222
0 0.522578 0.353194 0.124844 0.248056
0 0.601172 0.347917 0.099844 0.258611
0 0.670234 0.325833 0.141094 0.245556
0 0.722422 0.326944 0.116094 0.237778
0 0.555703 0.222500 0.126406 0.112222
0 0.698906 0.226250 0.157187 0.125278
0 0.687188 0.185972 0.148438 0.075833
0 0.435937 0.249861 0.133750 0.135833
0 0.374219 0.208194 0.098437 0.046944
0 0.349922 0.257778 0.097031 0.104444
0 0.290469 0.594583 0.136563 0.161944
0 0.216953 0.825694 0.124844 0.169722
0 0.114922 0.572361 0.061719 0.169722
0 0.352891 0.466528 0.111719 0.281944
0 0.304375 0.299583 0.044062 0.109722
0 0.277891 0.300972 0.047031 0.128056
0 0.260313 0.244722 0.058750 0.093889
0 0.221406 0.325556 0.019062 0.041667
0 0.256641 0.303611 0.060156 0.096667
0 0.299219 0.233056 0.063125 0.060000
0 0.250781 0.401389 0.063125 0.115000
0 0.294063 0.441806 0.094063 0.221944
0 0.148672 0.748889 0.076406 0.141111
0 0.181719 0.565833 0.089688 0.120000
0 0.138359 0.555417 0.032344 0.073056
0 0.249219 0.449722 0.033750 0.086111