0 0.701250 0.823333 0.164375 0.353333
0 0.766328 0.472778 0.123906 0.323889
0 0.534922 0.347778 0.138906 0.282222
0 0.611406 0.352639 0.150938 0.275833
0 0.387969 0.835417 0.214375 0.277500
0 0.495391 0.959722 0.126406 0.080556
0 0.241719 0.620417 0.122812 0.235833
0 0.731563 0.286250 0.159688 0.170278
0 0.703750 0.213750 0.189062 0.139167
0 0.446875 0.239444 0.145000 0.184444
0 0.337109 0.222500 0.091094 0.126667
0 0.386406 0.177222 0.095000 0.077778
0 0.333203 0.510556 0.169531 0.180000
0 0.168672 0.797500 0.118906 0.221667
0 0.083438 0.534722 0.068125 0.161667
0 0.297188 0.252778 0.054375 0.165000
0 0.259219 0.196528 0.071875 0.079722
0 0.269531 0.272083 0.047188 0.144722
0 0.228672 0.260278 0.072656 0.126667
0 0.297812 0.399167 0.131250 0.283889
0 0.156953 0.569722 0.092344 0.151667
0 0.106719 0.701528 0.077812 0.171389
0 0.643594 0.626667 0.203437 0.402222
0 0.286719 0.870000 0.225625 0.224444
0 0.330000 0.752639 0.231250 0.211389
0 0.410703 0.642361 0.237969 0.223611
0 0.236094 0.301667 0.045312 0.136111
0 0.245547 0.395139 0.052969 0.104167
0 0.209766 0.293611 0.026094 0.058889
0 0.118750 0.502639 0.048125 0.100833
0 0.112891 0.445833 0.031406 0.043333
0 0.134375 0.535694 0.070000 0.104167