0 0.711875 0.816389 0.153125 0.367222
0 0.755625 0.451111 0.133438 0.326111
0 0.417187 0.731667 0.216875 0.366667
0 0.348906 0.789167 0.191875 0.182222
0 0.310781 0.920694 0.216250 0.144722
0 0.530000 0.344722 0.130937 0.270556
0 0.607422 0.347361 0.145156 0.274167
0 0.661094 0.358611 0.142813 0.229444
0 0.524219 0.958333 0.159062 0.083333
0 0.562109 0.199028 0.134531 0.115278
0 0.723984 0.243750 0.162969 0.128056
0 0.703984 0.177500 0.157656 0.097222
0 0.439453 0.245278 0.138594 0.165556
0 0.333203 0.239583 0.091094 0.124167
0 0.380234 0.186528 0.097656 0.058056
0 0.271250 0.622500 0.140937 0.210000
0 0.162109 0.787639 0.144531 0.240833
0 0.087813 0.563889 0.068750 0.186667
0 0.283984 0.284028 0.051406 0.177500
0 0.249922 0.221250 0.069844 0.073056
0 0.207656 0.319028 0.025938 0.054167
0 0.258750 0.299306 0.041563 0.149167
0 0.303437 0.426944 0.150313 0.305000
0 0.223281 0.268472 0.068437 0.081389
0 0.169531 0.631111 0.096875 0.191111
0 0.111563 0.731944 0.068125 0.153333
0 0.326641 0.856111 0.209219 0.191667
0 0.227812 0.322778 0.033125 0.115556
0 0.245781 0.416944 0.056250 0.097222
0 0.140703 0.580694 0.083594 0.143056
0 0.116641 0.525417 0.035781 0.082500
0 0.116406 0.485000 0.024063 0.040000