0 0.516406 0.834722 0.168750 0.330000
0 0.277266 0.327222 0.169531 0.228889
0 0.220547 0.235139 0.127031 0.125833
0 0.680312 0.655000 0.062500 0.101111
0 0.721016 0.656250 0.072344 0.113611
0 0.548594 0.322917 0.108438 0.125278
0 0.623594 0.346528 0.075938 0.092500
0 0.568359 0.414306 0.073594 0.135833
0 0.694297 0.419444 0.082344 0.183889
0 0.694063 0.459861 0.090625 0.138611
0 0.452578 0.697917 0.192656 0.257500
0 0.191484 0.732500 0.173594 0.448889
0 0.367656 0.302083 0.189375 0.169167
0 0.293828 0.504444 0.178906 0.260556
0 0.390937 0.969306 0.121875 0.061389
0 0.593984 0.919444 0.111094 0.145000
0 0.470000 0.409028 0.153438 0.215278
0 0.507422 0.493194 0.106406 0.259167
0 0.283281 0.889167 0.334375 0.221667
0 0.187812 0.343889 0.110000 0.298333
0 0.230859 0.339306 0.096406 0.186389
0 0.387109 0.414722 0.121406 0.193333
0 0.148281 0.382639 0.066250 0.200278
0 0.540312 0.533611 0.054375 0.121667
0 0.409062 0.253194 0.100312 0.115833
0 0.779219 0.554306 0.101250 0.162500
0 0.818359 0.714861 0.077656 0.098056
0 0.503906 0.326250 0.118125 0.162500
0 0.756797 0.648889 0.088281 0.179444