0 0.555469 0.183333 0.157812 0.088889
0 0.560156 0.231944 0.157812 0.113889
0 0.582031 0.319444 0.176563 0.205556
0 0.670312 0.240278 0.081250 0.219444
0 0.733594 0.287500 0.092188 0.269444
0 0.764062 0.243056 0.062500 0.225000
0 0.149219 0.723611 0.076563 0.180556
0 0.215625 0.702778 0.112500 0.300000
0 0.307812 0.919444 0.190625 0.155556
0 0.366406 0.276389 0.123438 0.163889
0 0.107813 0.544444 0.040625 0.116667
0 0.401562 0.302778 0.106250 0.166667
0 0.558594 0.506944 0.142187 0.363889
0 0.071094 0.638889 0.042188 0.127778
0 0.226562 0.383333 0.043750 0.183333
0 0.143750 0.665278 0.093750 0.169444
0 0.682813 0.883333 0.150000 0.227778
0 0.088281 0.645833 0.054688 0.141667
0 0.440625 0.601389 0.115625 0.375000
0 0.321875 0.455556 0.146875 0.183333
0 0.350781 0.629167 0.151562 0.275000
0 0.342969 0.227778 0.095312 0.161111
0 0.452344 0.366667 0.101562 0.222222
0 0.440625 0.188889 0.084375 0.077778
0 0.668750 0.644444 0.243750 0.250000
0 0.292969 0.405556 0.089063 0.155556
0 0.207813 0.262500 0.068750 0.175000
0 0.307812 0.245833 0.059375 0.080556
0 0.266406 0.609722 0.104688 0.152778
0 0.267969 0.223611 0.048438 0.108333
0 0.127344 0.552778 0.039062 0.122222