0 0.717187 0.811111 0.146875 0.372222
0 0.761719 0.437500 0.114062 0.319444
0 0.421094 0.744444 0.210938 0.338889
0 0.348438 0.797222 0.200000 0.172222
0 0.317969 0.930556 0.214062 0.133333
0 0.524219 0.343056 0.132812 0.263889
0 0.607812 0.341667 0.106250 0.266667
0 0.707812 0.311111 0.175000 0.172222
0 0.560937 0.204167 0.131250 0.119444
0 0.715625 0.215278 0.153125 0.113889
0 0.700781 0.161111 0.160938 0.077778
0 0.435156 0.231944 0.132812 0.180556
0 0.338281 0.244444 0.073438 0.122222
0 0.364063 0.187500 0.100000 0.086111
0 0.271875 0.638889 0.125000 0.194444
0 0.212500 0.723611 0.137500 0.302778
0 0.093750 0.581944 0.065625 0.180556
0 0.503125 0.320833 0.096875 0.286111
0 0.261719 0.300000 0.035937 0.144444
0 0.237500 0.243056 0.056250 0.102778
0 0.204687 0.327778 0.025000 0.061111
0 0.250781 0.318056 0.039062 0.147222
0 0.284375 0.206944 0.078125 0.091667
0 0.303125 0.430556 0.134375 0.288889
0 0.164062 0.666667 0.081250 0.216667
0 0.121875 0.768056 0.075000 0.163889
0 0.297656 0.272222 0.057813 0.188889
0 0.327344 0.866667 0.201563 0.172222
0 0.222656 0.337500 0.032813 0.125000
0 0.240625 0.431944 0.046875 0.091667