0 0.277344 0.811111 0.135937 0.372222
0 0.238281 0.434722 0.114062 0.325000
0 0.578906 0.758333 0.210938 0.316667
0 0.651563 0.800000 0.200000 0.177778
0 0.682031 0.930556 0.214062 0.133333
0 0.475781 0.343056 0.132812 0.263889
0 0.392188 0.337500 0.106250 0.275000
0 0.293750 0.300000 0.178125 0.166667
0 0.546875 0.954167 0.168750 0.086111
0 0.442188 0.204167 0.137500 0.119444
0 0.290625 0.220833 0.146875 0.080556
0 0.296094 0.166667 0.154688 0.083333
0 0.566406 0.231944 0.139063 0.180556
0 0.660937 0.223611 0.078125 0.125000
0 0.628125 0.186111 0.090625 0.077778
0 0.739062 0.662500 0.140625 0.186111
0 0.817187 0.844444 0.143750 0.183333
0 0.906250 0.581944 0.065625 0.180556
0 0.672656 0.461111 0.170313 0.255556
0 0.724219 0.300000 0.051562 0.138889
0 0.761719 0.244444 0.060937 0.094444
0 0.795312 0.327778 0.025000 0.061111
0 0.749219 0.313889 0.039062 0.150000
0 0.706250 0.405556 0.118750 0.233333
0 0.846875 0.654167 0.115625 0.202778
0 0.881250 0.751389 0.062500 0.113889
0 0.694531 0.229167 0.076563 0.147222
0 0.674219 0.855556 0.207813 0.172222
0 0.777344 0.337500 0.032813 0.130556
0 0.769531 0.431944 0.039062 0.097222
0 0.860156 0.544444 0.067187 0.083333