0 0.555469 0.183333 0.157812 0.088889
0 0.560156 0.231944 0.157812 0.113889
0 0.577344 0.315278 0.182812 0.197222
0 0.670312 0.240278 0.081250 0.219444
0 0.733594 0.268056 0.092188 0.230556
0 0.764062 0.243056 0.062500 0.225000
0 0.312500 0.919444 0.184375 0.155556
0 0.373437 0.284722 0.125000 0.147222
0 0.107813 0.523611 0.040625 0.075000
0 0.407031 0.312500 0.117188 0.186111
0 0.553125 0.506944 0.131250 0.363889
0 0.064844 0.640278 0.035937 0.147222
0 0.148438 0.633333 0.118750 0.127778
0 0.680469 0.875000 0.132812 0.244444
0 0.072656 0.633333 0.067187 0.111111
0 0.440625 0.601389 0.115625 0.375000
0 0.360156 0.527778 0.132812 0.288889
0 0.365625 0.634722 0.125000 0.352778
0 0.453906 0.363889 0.104688 0.244444
0 0.421875 0.195833 0.125000 0.091667
0 0.285156 0.406944 0.114062 0.269444
0 0.314844 0.268056 0.120313 0.202778
0 0.732812 0.462500 0.131250 0.436111
0 0.230469 0.405556 0.045312 0.100000
0 0.285938 0.231944 0.043750 0.063889
0 0.271094 0.576389 0.135937 0.191667
0 0.192969 0.768056 0.110937 0.269444
0 0.214062 0.315278 0.056250 0.086111
0 0.241406 0.222222 0.070312 0.116667
0 0.187500 0.263889 0.040625 0.083333
0 0.125000 0.536111 0.028125 0.094444