0 0.555469 0.183333 0.157812 0.088889
0 0.560156 0.231944 0.157812 0.113889
0 0.585156 0.330556 0.170313 0.227778
0 0.670312 0.240278 0.081250 0.219444
0 0.717969 0.277778 0.070312 0.250000
0 0.764062 0.243056 0.062500 0.225000
0 0.127344 0.691667 0.051562 0.138889
0 0.197656 0.704167 0.095312 0.286111
0 0.312500 0.463889 0.159375 0.277778
0 0.235937 0.302778 0.053125 0.077778
0 0.407031 0.634722 0.085938 0.363889
0 0.482031 0.366667 0.129688 0.227778
0 0.384375 0.286111 0.143750 0.183333
0 0.714844 0.823611 0.145313 0.347222
0 0.339062 0.250000 0.112500 0.122222
0 0.407031 0.320833 0.151562 0.175000
0 0.475000 0.606944 0.090625 0.352778
0 0.421094 0.197222 0.126562 0.083333
0 0.753906 0.505556 0.085938 0.388889
0 0.239844 0.369444 0.054688 0.122222
0 0.292187 0.337500 0.075000 0.202778
0 0.203906 0.297222 0.035937 0.061111
0 0.253906 0.658333 0.117188 0.322222
0 0.515625 0.758333 0.193750 0.405556
0 0.319531 0.219444 0.101562 0.105556
0 0.229687 0.247222 0.096875 0.150000
0 0.113281 0.519444 0.032813 0.050000
0 0.151562 0.583333 0.071875 0.100000
0 0.155469 0.733333 0.085938 0.227778
0 0.067969 0.634722 0.070312 0.225000