0 0.718750 0.812917 0.147187 0.373056
0 0.763437 0.438472 0.114375 0.320278
0 0.422109 0.737917 0.211406 0.356389
0 0.354766 0.799028 0.189531 0.172500
0 0.318672 0.932639 0.214531 0.133611
0 0.528594 0.343889 0.126875 0.264444
0 0.606094 0.342500 0.140937 0.267222
0 0.703828 0.370278 0.092344 0.239444
0 0.512031 0.970278 0.137813 0.058333
0 0.558281 0.196250 0.133125 0.108611
0 0.721094 0.239306 0.161250 0.111389
0 0.700000 0.167083 0.156562 0.089167
0 0.435313 0.244861 0.134688 0.155833
0 0.342891 0.243750 0.084531 0.103056
0 0.375078 0.191944 0.089219 0.055556
0 0.274062 0.636111 0.137813 0.203333
0 0.192656 0.743333 0.131562 0.245000
0 0.090859 0.592917 0.059531 0.172500
0 0.281172 0.296528 0.048594 0.175278
0 0.245859 0.229722 0.068906 0.058333
0 0.205156 0.342500 0.021875 0.050000
0 0.256016 0.313194 0.039219 0.147500
0 0.302969 0.438333 0.145625 0.297778
0 0.214609 0.286806 0.072031 0.072500
0 0.167578 0.653056 0.087656 0.186667
0 0.111953 0.753194 0.054844 0.141944
0 0.333516 0.867083 0.206719 0.180833
0 0.223125 0.338194 0.029687 0.119722
0 0.243516 0.439861 0.051719 0.094722
0 0.136172 0.594306 0.075156 0.119722
0 0.119766 0.545694 0.039219 0.072500
0 0.115156 0.508056 0.020313 0.036111