0 0.282813 0.811111 0.146875 0.372222
0 0.251563 0.437500 0.140625 0.319444
0 0.472656 0.343056 0.126562 0.263889
0 0.396094 0.341667 0.139063 0.266667
0 0.646875 0.865278 0.259375 0.169444
0 0.467969 0.952778 0.123438 0.088889
0 0.697656 0.486111 0.142187 0.255556
0 0.279687 0.231944 0.153125 0.136111
0 0.310937 0.183333 0.184375 0.111111
0 0.565625 0.248611 0.137500 0.163889
0 0.682031 0.252778 0.095312 0.116667
0 0.631250 0.197222 0.093750 0.066667
0 0.734375 0.641667 0.137500 0.166667
0 0.794531 0.806944 0.145313 0.175000
0 0.913281 0.598611 0.060937 0.152778
0 0.714063 0.284722 0.046875 0.158333
0 0.754687 0.234722 0.068750 0.069444
0 0.743750 0.311111 0.034375 0.144444
0 0.778906 0.288889 0.060937 0.088889
0 0.692969 0.390278 0.135937 0.208333
0 0.828906 0.658333 0.095312 0.205556
0 0.882031 0.761111 0.070312 0.161111
0 0.668750 0.797222 0.150000 0.111111
0 0.682813 0.927778 0.203125 0.138889
0 0.650781 0.770833 0.195312 0.147222
0 0.775000 0.343056 0.031250 0.119444
0 0.578906 0.713889 0.204687 0.300000
0 0.757812 0.430556 0.050000 0.088889
0 0.857812 0.600000 0.081250 0.138889
0 0.801562 0.333333 0.021875 0.061111
0 0.880469 0.575000 0.045312 0.122222
0 0.892188 0.505556 0.028125 0.038889