0 0.684922 0.832917 0.179844 0.334167
0 0.757500 0.508472 0.155313 0.341944
0 0.541641 0.353333 0.149531 0.297778
0 0.617891 0.369444 0.161094 0.293333
0 0.325547 0.825000 0.212344 0.202222
0 0.474297 0.954444 0.128281 0.091111
0 0.184141 0.637222 0.133594 0.271667
0 0.740547 0.320278 0.164844 0.190556
0 0.716094 0.244167 0.192188 0.164444
0 0.458906 0.232639 0.150938 0.202500
0 0.350391 0.200000 0.095469 0.137778
0 0.401562 0.161806 0.096875 0.090278
0 0.318438 0.367639 0.180938 0.312500
0 0.164062 0.747917 0.125625 0.218611
0 0.089609 0.466528 0.076719 0.177500
0 0.319766 0.221667 0.063594 0.149444
0 0.273906 0.162778 0.074375 0.088889
0 0.283828 0.231944 0.052656 0.159444
0 0.255938 0.192500 0.037500 0.064444
0 0.230859 0.223056 0.044531 0.106667
0 0.140156 0.516944 0.115000 0.202222
0 0.098828 0.643750 0.084531 0.179722
0 0.467734 0.810139 0.266094 0.379722
0 0.267500 0.860833 0.195312 0.197222
0 0.323594 0.720000 0.231875 0.266667
0 0.226797 0.580972 0.123594 0.244722
0 0.251563 0.354583 0.056563 0.107500
0 0.220078 0.252222 0.028281 0.061667
0 0.117266 0.457917 0.053594 0.122500
0 0.116641 0.390000 0.032969 0.047222