0 0.723437 0.811111 0.134375 0.372222
0 0.761719 0.412500 0.114062 0.375000
0 0.418750 0.752778 0.215625 0.322222
0 0.348438 0.837500 0.200000 0.252778
0 0.317969 0.930556 0.214062 0.133333
0 0.524219 0.343056 0.132812 0.263889
0 0.607812 0.337500 0.106250 0.275000
0 0.682031 0.295833 0.145313 0.275000
0 0.735938 0.311111 0.131250 0.250000
0 0.559375 0.204167 0.134375 0.119444
0 0.710156 0.187500 0.160938 0.141667
0 0.687500 0.161111 0.125000 0.061111
0 0.433594 0.237500 0.142187 0.175000
0 0.344531 0.229167 0.095312 0.130556
0 0.371875 0.181944 0.100000 0.052778
0 0.263281 0.645833 0.129688 0.208333
0 0.182812 0.844444 0.143750 0.183333
0 0.094531 0.583333 0.076563 0.200000
0 0.259375 0.341667 0.050000 0.161111
0 0.285938 0.263889 0.056250 0.100000
0 0.248438 0.227778 0.053125 0.094444
0 0.204687 0.330556 0.021875 0.044444
0 0.250781 0.291667 0.039062 0.094444
0 0.291406 0.213889 0.057813 0.055556
0 0.292969 0.425000 0.123438 0.288889
0 0.150000 0.627778 0.118750 0.183333
0 0.124219 0.762500 0.064062 0.125000
0 0.207031 0.252778 0.048438 0.111111
0 0.220312 0.336111 0.031250 0.105556
0 0.232813 0.429167 0.037500 0.080556