0 0.710156 0.811111 0.160938 0.372222
0 0.761719 0.412500 0.114062 0.375000
0 0.413281 0.766667 0.226562 0.300000
0 0.343750 0.847222 0.209375 0.233333
0 0.314844 0.937500 0.220312 0.119444
0 0.524219 0.343056 0.132812 0.263889
0 0.607812 0.337500 0.106250 0.275000
0 0.681250 0.313889 0.150000 0.261111
0 0.733594 0.311111 0.120313 0.250000
0 0.559375 0.204167 0.134375 0.119444
0 0.712500 0.209722 0.171875 0.130556
0 0.704688 0.161111 0.156250 0.083333
0 0.431250 0.237500 0.143750 0.141667
0 0.366406 0.184722 0.104688 0.058333
0 0.340625 0.241667 0.103125 0.111111
0 0.360156 0.547222 0.182812 0.177778
0 0.199219 0.845833 0.132812 0.180556
0 0.094531 0.579167 0.073438 0.175000
0 0.295312 0.347222 0.115625 0.161111
0 0.296094 0.265278 0.051562 0.069444
0 0.269531 0.277778 0.048438 0.127778
0 0.245312 0.227778 0.062500 0.100000
0 0.203125 0.325000 0.021875 0.072222
0 0.245312 0.297222 0.053125 0.133333
0 0.289844 0.208333 0.060937 0.050000
0 0.267969 0.434722 0.085938 0.208333
0 0.221875 0.672222 0.146875 0.205556
0 0.124219 0.763889 0.076563 0.150000
0 0.117188 0.523611 0.012500 0.030556
0 0.107031 0.619444 0.073438 0.127778
0 0.120313 0.552778 0.037500 0.050000
0 0.219531 0.343056 0.029687 0.125000
0 0.231250 0.427778 0.037500 0.083333