0 0.575781 0.196806 0.162500 0.120833
0 0.577266 0.246111 0.164219 0.145556
0 0.595625 0.349306 0.184062 0.261389
0 0.686094 0.277083 0.095000 0.234722
0 0.731016 0.324167 0.086094 0.262778
0 0.778984 0.299306 0.076719 0.236389
0 0.101484 0.687083 0.055156 0.117500
0 0.224453 0.827361 0.202031 0.256944
0 0.247187 0.265694 0.067812 0.123056
0 0.413672 0.617639 0.138594 0.385278
0 0.501250 0.360417 0.153750 0.244167
0 0.406641 0.245694 0.127344 0.168056
0 0.692266 0.839167 0.167031 0.321667
0 0.376719 0.208750 0.074375 0.129722
0 0.437422 0.292500 0.158906 0.204444
0 0.338047 0.425972 0.175156 0.196944
0 0.751797 0.557778 0.110781 0.403889
0 0.291797 0.245556 0.067656 0.098333
0 0.299687 0.578750 0.159062 0.278056
0 0.235625 0.214444 0.072188 0.121111
0 0.456641 0.179306 0.133281 0.117500
0 0.207266 0.620972 0.144844 0.340278
0 0.502891 0.755139 0.223906 0.449167
0 0.117734 0.427778 0.073281 0.137778
0 0.335156 0.183333 0.083750 0.110000
0 0.319062 0.379861 0.150938 0.246389
0 0.301953 0.316250 0.113281 0.257500
0 0.236406 0.357222 0.055313 0.166667
0 0.145078 0.670972 0.090156 0.184722
0 0.076406 0.578611 0.103750 0.182222
0 0.138984 0.595556 0.143906 0.209444