0 0.709453 0.820972 0.152031 0.358056
0 0.764219 0.442222 0.127188 0.387222
0 0.411562 0.740417 0.220938 0.356389
0 0.336641 0.819722 0.208594 0.275000
0 0.302969 0.909167 0.218438 0.157222
0 0.529766 0.346111 0.142031 0.278333
0 0.613438 0.349861 0.115937 0.286389
0 0.688984 0.316806 0.154844 0.290833
0 0.742188 0.338333 0.140000 0.264444
0 0.569844 0.211389 0.138437 0.134444
0 0.720938 0.211944 0.165625 0.159444
0 0.699219 0.183056 0.126875 0.075000
0 0.442344 0.230556 0.146562 0.190556
0 0.350391 0.218750 0.107656 0.144722
0 0.383516 0.168056 0.101719 0.063889
0 0.260781 0.623194 0.135000 0.214167
0 0.171094 0.807917 0.150000 0.199167
0 0.092422 0.537500 0.083594 0.208333
0 0.271953 0.310000 0.059219 0.177778
0 0.294844 0.240278 0.059688 0.106111
0 0.255547 0.200833 0.059219 0.092222
0 0.212891 0.296389 0.027031 0.061111
0 0.255234 0.271806 0.036094 0.098056
0 0.302031 0.190972 0.059688 0.061944
0 0.297578 0.402083 0.140156 0.314167
0 0.148359 0.589722 0.126719 0.199444
0 0.113594 0.709583 0.066562 0.123611
0 0.213828 0.228194 0.056719 0.111389
0 0.226719 0.304722 0.035000 0.108889
0 0.235937 0.399028 0.037187 0.084167