0 0.289844 0.811111 0.160938 0.372222
0 0.238281 0.412500 0.114062 0.375000
0 0.601562 0.727778 0.221875 0.177778
0 0.656250 0.847222 0.209375 0.233333
0 0.685156 0.937500 0.220312 0.119444
0 0.475781 0.343056 0.132812 0.263889
0 0.392188 0.337500 0.106250 0.275000
0 0.327344 0.316667 0.132812 0.238889
0 0.271875 0.295833 0.150000 0.247222
0 0.499219 0.831944 0.160938 0.330556
0 0.440625 0.200000 0.131250 0.105556
0 0.305469 0.176389 0.170313 0.091667
0 0.571875 0.247222 0.146875 0.177778
0 0.631250 0.209722 0.134375 0.102778
0 0.701562 0.416667 0.112500 0.238889
0 0.804688 0.847222 0.150000 0.183333
0 0.893750 0.752778 0.059375 0.105556
0 0.660937 0.283333 0.075000 0.100000
0 0.846094 0.652778 0.110937 0.211111
0 0.709375 0.618056 0.143750 0.219444
0 0.787500 0.687500 0.084375 0.263889
0 0.664062 0.513889 0.165625 0.172222
0 0.709375 0.295833 0.046875 0.130556
0 0.734375 0.304167 0.059375 0.180556
0 0.754687 0.223611 0.062500 0.108333
0 0.795312 0.316667 0.018750 0.066667
0 0.765625 0.283333 0.059375 0.105556
0 0.713281 0.219444 0.054688 0.055556
0 0.777344 0.379167 0.042188 0.108333
0 0.876563 0.530556 0.031250 0.088889