0 0.711406 0.816667 0.153750 0.366667
0 0.749453 0.452083 0.146406 0.327500
0 0.530234 0.344722 0.131406 0.271111
0 0.606797 0.347917 0.143906 0.274722
0 0.337422 0.878056 0.251406 0.183889
0 0.509375 0.962500 0.124687 0.075000
0 0.305156 0.464861 0.164375 0.284167
0 0.725000 0.251944 0.155313 0.131111
0 0.694922 0.194583 0.186406 0.121944
0 0.439141 0.244861 0.140469 0.171944
0 0.328984 0.238611 0.087969 0.118889
0 0.378359 0.188472 0.093281 0.069167
0 0.268047 0.615694 0.150156 0.189167
0 0.202969 0.792500 0.145313 0.183333
0 0.085156 0.574306 0.063750 0.156389
0 0.290078 0.272500 0.049844 0.161111
0 0.250313 0.220000 0.070000 0.073333
0 0.260703 0.298472 0.038594 0.143611
0 0.225156 0.272639 0.062500 0.092500
0 0.305234 0.378750 0.132344 0.238056
0 0.165234 0.640139 0.096094 0.219167
0 0.113359 0.738611 0.073281 0.165000
0 0.318828 0.789444 0.166094 0.120556
0 0.315312 0.931111 0.211250 0.123333
0 0.350000 0.749583 0.199375 0.155833
0 0.413906 0.715972 0.204687 0.353056
0 0.228203 0.321667 0.039844 0.132778
0 0.241250 0.414028 0.046875 0.088611
0 0.203984 0.321528 0.024531 0.056944
0 0.120781 0.548611 0.052187 0.122222
0 0.111797 0.482778 0.030469 0.040556
0 0.131328 0.568611 0.052031 0.111111