0 0.444531 0.183333 0.157812 0.088889
0 0.439844 0.231944 0.157812 0.113889
0 0.414844 0.322222 0.170313 0.211111
0 0.329688 0.240278 0.081250 0.219444
0 0.266406 0.288889 0.092188 0.272222
0 0.235937 0.243056 0.062500 0.225000
0 0.687500 0.919444 0.184375 0.155556
0 0.621875 0.255556 0.090625 0.155556
0 0.913281 0.516667 0.057813 0.116667
0 0.592969 0.312500 0.117188 0.186111
0 0.440625 0.506944 0.143750 0.363889
0 0.925000 0.638889 0.053125 0.155556
0 0.834375 0.573611 0.053125 0.086111
0 0.319531 0.875000 0.132812 0.244444
0 0.885156 0.754167 0.035937 0.086111
0 0.559375 0.601389 0.115625 0.375000
0 0.650000 0.511111 0.171875 0.238889
0 0.624219 0.630556 0.139063 0.338889
0 0.534375 0.363889 0.096875 0.244444
0 0.708594 0.401389 0.117188 0.269444
0 0.667188 0.204167 0.065625 0.136111
0 0.493750 0.925000 0.143750 0.144444
0 0.756250 0.377778 0.071875 0.111111
0 0.744531 0.652778 0.129688 0.194444
0 0.574219 0.191667 0.142187 0.094444
0 0.718750 0.297222 0.031250 0.094444
0 0.821875 0.743056 0.109375 0.258333
0 0.248438 0.500000 0.103125 0.388889
0 0.792969 0.275000 0.042188 0.105556
0 0.750000 0.233333 0.075000 0.083333
0 0.700000 0.248611 0.050000 0.163889
0 0.874219 0.565278 0.039062 0.130556
0 0.857812 0.641667 0.103125 0.100000