0 0.498984 0.845417 0.158594 0.309167
0 0.280469 0.283889 0.165000 0.210000
0 0.816797 0.746944 0.059844 0.146667
0 0.525625 0.527083 0.118125 0.184167
0 0.227188 0.178750 0.126250 0.109167
0 0.648438 0.705417 0.166563 0.103611
0 0.636406 0.364444 0.074375 0.083333
0 0.577422 0.403333 0.050156 0.080556
0 0.709219 0.435000 0.064687 0.143889
0 0.693828 0.492500 0.069531 0.126667
0 0.471328 0.716944 0.142344 0.305000
0 0.232656 0.653333 0.266875 0.391111
0 0.375078 0.273889 0.189219 0.143889
0 0.257891 0.400278 0.168281 0.230000
0 0.265937 0.911528 0.135937 0.176944
0 0.574219 0.941806 0.108438 0.116389
0 0.743203 0.596111 0.067969 0.143889
0 0.452813 0.423333 0.127812 0.195556
0 0.179375 0.803750 0.144063 0.392500
0 0.187422 0.288194 0.079219 0.333611
0 0.240078 0.306944 0.077656 0.175556
0 0.369453 0.397361 0.077656 0.189722
0 0.138047 0.321111 0.061406 0.278889
0 0.376797 0.725278 0.105156 0.517778
0 0.507812 0.344444 0.111563 0.192778
0 0.778828 0.644722 0.048594 0.080556
0 0.759297 0.699306 0.077656 0.109167
0 0.545000 0.306806 0.101875 0.089167
0 0.292578 0.475139 0.134219 0.253056