0 0.709688 0.817778 0.155625 0.364444
0 0.754375 0.456389 0.138750 0.328889
0 0.415313 0.738333 0.218750 0.354444
0 0.341484 0.785694 0.203906 0.186944
0 0.307891 0.916528 0.217031 0.149167
0 0.531016 0.345139 0.132656 0.273056
0 0.611406 0.350000 0.112500 0.274444
0 0.678281 0.336667 0.134375 0.212222
0 0.564219 0.200417 0.135313 0.118056
0 0.725781 0.241806 0.163437 0.123056
0 0.708672 0.176528 0.162656 0.089722
0 0.445938 0.238889 0.123750 0.161667
0 0.341094 0.176667 0.062500 0.071111
0 0.392109 0.172222 0.069531 0.038333
0 0.270313 0.624444 0.141875 0.198889
0 0.201797 0.709722 0.152031 0.296667
0 0.092109 0.551528 0.069844 0.185278
0 0.373125 0.243056 0.131562 0.159444
0 0.275312 0.281667 0.041250 0.161111
0 0.233438 0.229722 0.040938 0.086111
0 0.208984 0.305972 0.026406 0.063056
0 0.252969 0.296667 0.040938 0.150000
0 0.277344 0.195417 0.067812 0.101944
0 0.305000 0.413194 0.147187 0.293611
0 0.160703 0.630139 0.085156 0.172500
0 0.115781 0.739444 0.078750 0.169444
0 0.306797 0.271528 0.060469 0.181944
0 0.318672 0.858889 0.199219 0.186667
0 0.226016 0.314167 0.034219 0.127222
0 0.243984 0.416806 0.052031 0.092500
0 0.146719 0.529167 0.078750 0.100000