0 0.444531 0.183333 0.157812 0.088889
0 0.439844 0.231944 0.157812 0.113889
0 0.414844 0.322222 0.170313 0.211111
0 0.329688 0.240278 0.081250 0.219444
0 0.266406 0.288889 0.092188 0.272222
0 0.235937 0.243056 0.062500 0.225000
0 0.917969 0.520833 0.060937 0.136111
0 0.687500 0.919444 0.184375 0.155556
0 0.621875 0.258333 0.090625 0.150000
0 0.592969 0.312500 0.117188 0.186111
0 0.440625 0.506944 0.143750 0.363889
0 0.925000 0.647222 0.053125 0.133333
0 0.853125 0.597222 0.100000 0.066667
0 0.858594 0.779167 0.107813 0.169444
0 0.559375 0.601389 0.115625 0.375000
0 0.651563 0.515278 0.184375 0.241667
0 0.624219 0.630556 0.139063 0.338889
0 0.534375 0.363889 0.096875 0.244444
0 0.701562 0.436111 0.137500 0.233333
0 0.678906 0.276389 0.089063 0.197222
0 0.322656 0.826389 0.235937 0.319444
0 0.768750 0.386111 0.046875 0.094444
0 0.778125 0.702778 0.090625 0.250000
0 0.578906 0.191667 0.126562 0.094444
0 0.754687 0.373611 0.071875 0.163889
0 0.724219 0.652778 0.095312 0.233333
0 0.248438 0.500000 0.103125 0.388889
0 0.792969 0.275000 0.042188 0.105556
0 0.771875 0.241667 0.031250 0.061111
0 0.734375 0.251389 0.065625 0.130556
0 0.874219 0.545833 0.048438 0.108333
0 0.896875 0.693056 0.118750 0.119444