0 0.553828 0.194167 0.152969 0.086111
0 0.558359 0.241250 0.152969 0.110278
0 0.582656 0.337083 0.165000 0.220833
0 0.665156 0.249444 0.078750 0.212778
0 0.711406 0.285833 0.068125 0.242222
0 0.756094 0.252083 0.060625 0.218056
0 0.207109 0.698889 0.092344 0.277222
0 0.318438 0.466250 0.154375 0.269167
0 0.244141 0.310139 0.051406 0.075278
0 0.410078 0.631528 0.083281 0.352500
0 0.485703 0.366528 0.122656 0.231389
0 0.388047 0.293889 0.139219 0.177778
0 0.708359 0.814583 0.140781 0.336389
0 0.346406 0.260139 0.116562 0.110278
0 0.410000 0.327500 0.146875 0.169444
0 0.475938 0.604861 0.087813 0.341944
0 0.423672 0.207917 0.122656 0.080833
0 0.746172 0.506528 0.083281 0.376944
0 0.251172 0.384167 0.056094 0.142778
0 0.298750 0.367917 0.060625 0.180278
0 0.222266 0.295278 0.052969 0.072778
0 0.261641 0.654444 0.113594 0.312222
0 0.515313 0.751528 0.187812 0.393056
0 0.325313 0.229167 0.098437 0.102222
0 0.247969 0.241250 0.098437 0.110278
0 0.126172 0.521250 0.036406 0.061944
0 0.160938 0.580556 0.075625 0.088889
0 0.141328 0.771667 0.090781 0.137222
0 0.089844 0.645139 0.087813 0.115833