0 0.444531 0.183333 0.157812 0.088889
0 0.439844 0.231944 0.157812 0.113889
0 0.414844 0.330556 0.170313 0.227778
0 0.329688 0.240278 0.081250 0.219444
0 0.282031 0.277778 0.070312 0.250000
0 0.235937 0.243056 0.062500 0.225000
0 0.871875 0.784722 0.071875 0.141667
0 0.776563 0.891667 0.140625 0.183333
0 0.689063 0.838889 0.168750 0.311111
0 0.766406 0.319444 0.060937 0.111111
0 0.592969 0.634722 0.085938 0.363889
0 0.507812 0.361111 0.140625 0.216667
0 0.625781 0.273611 0.126562 0.180556
0 0.285156 0.823611 0.145313 0.347222
0 0.647656 0.233333 0.067187 0.127778
0 0.556250 0.277778 0.081250 0.111111
0 0.525000 0.606944 0.090625 0.352778
0 0.246094 0.505556 0.085938 0.388889
0 0.717969 0.305556 0.054688 0.100000
0 0.714844 0.555556 0.101562 0.161111
0 0.781250 0.270833 0.065625 0.108333
0 0.561719 0.165278 0.123438 0.113889
0 0.799219 0.706944 0.107813 0.308333
0 0.480469 0.752778 0.198437 0.411111
0 0.883594 0.502778 0.032813 0.072222
0 0.684375 0.219444 0.078125 0.094444
0 0.650000 0.377778 0.159375 0.266667
0 0.728125 0.383333 0.046875 0.227778
0 0.771094 0.412500 0.045312 0.158333
0 0.685937 0.701389 0.171875 0.252778
0 0.910937 0.656944 0.109375 0.186111
0 0.852344 0.652778 0.132812 0.188889