0 0.712656 0.802778 0.143437 0.363333
0 0.747031 0.438194 0.129688 0.311944
0 0.423594 0.737917 0.205938 0.330833
0 0.352656 0.789306 0.195312 0.168056
0 0.322891 0.919583 0.208906 0.130278
0 0.527266 0.345972 0.123594 0.257500
0 0.598203 0.344583 0.118906 0.260278
0 0.608125 0.417917 0.150938 0.281944
0 0.556250 0.202361 0.129688 0.105833
0 0.715000 0.230556 0.157187 0.108333
0 0.696719 0.168472 0.157187 0.075833
0 0.436484 0.252500 0.134219 0.157222
0 0.340391 0.232083 0.082344 0.143611
0 0.387734 0.196806 0.070156 0.056944
0 0.279453 0.630694 0.134219 0.198056
0 0.203906 0.752778 0.105313 0.317222
0 0.104062 0.579306 0.064062 0.176389
0 0.277891 0.306667 0.033594 0.141111
0 0.251953 0.233333 0.070156 0.065000
0 0.300000 0.348889 0.001563 0.002778
0 0.256562 0.320278 0.039688 0.141111
0 0.220781 0.297361 0.053438 0.084167
0 0.309141 0.416389 0.135781 0.268333
0 0.168047 0.659306 0.073281 0.195278
0 0.124531 0.745972 0.050313 0.146389
0 0.309141 0.282361 0.047344 0.146389
0 0.336719 0.869306 0.205938 0.176389
0 0.230703 0.340556 0.033594 0.116667
0 0.249766 0.440833 0.047344 0.095000
0 0.156719 0.538472 0.053438 0.056944