0 0.565937 0.155417 0.163437 0.096944
0 0.579453 0.208472 0.146406 0.124167
0 0.601641 0.306667 0.183906 0.230000
0 0.686797 0.217361 0.088594 0.239167
0 0.755859 0.268750 0.100469 0.293611
0 0.789062 0.220417 0.068125 0.245278
0 0.030625 0.655000 0.061250 0.169444
0 0.068672 0.549028 0.047656 0.145278
0 0.112109 0.827500 0.093594 0.175556
0 0.291719 0.936389 0.207813 0.127222
0 0.290000 0.550417 0.177187 0.172500
0 0.236328 0.698889 0.131094 0.263333
0 0.355547 0.256806 0.134531 0.178611
0 0.355703 0.580556 0.107344 0.378333
0 0.118906 0.635139 0.117500 0.105833
0 0.410156 0.383889 0.083437 0.275556
0 0.086484 0.544306 0.059531 0.105833
0 0.405078 0.285556 0.137969 0.181667
0 0.565156 0.508056 0.155000 0.396667
0 0.224375 0.373194 0.076563 0.199722
0 0.463672 0.209861 0.119219 0.211944
0 0.689453 0.735139 0.243594 0.311944
0 0.700469 0.897083 0.163437 0.205833
0 0.436484 0.610972 0.126094 0.408611
0 0.203203 0.374861 0.054531 0.111944
0 0.301953 0.246250 0.081719 0.211944
0 0.414375 0.175139 0.136250 0.111944
0 0.205625 0.235556 0.042500 0.136111
0 0.282344 0.415833 0.148125 0.248333
0 0.250000 0.211250 0.076563 0.105833