0 0.551094 0.198472 0.141875 0.070278
0 0.554766 0.250278 0.152031 0.106667
0 0.586953 0.334861 0.157969 0.197500
0 0.660078 0.258194 0.076094 0.205278
0 0.719219 0.302500 0.086250 0.252222
0 0.747656 0.260833 0.058437 0.210556
0 0.095703 0.633611 0.052656 0.145556
0 0.129375 0.542639 0.040938 0.124722
0 0.166641 0.781806 0.080469 0.150833
0 0.320937 0.893611 0.178437 0.145556
0 0.502812 0.923472 0.062813 0.085833
0 0.319297 0.505139 0.152031 0.231389
0 0.318672 0.326944 0.092031 0.161111
0 0.273281 0.653194 0.112500 0.189722
0 0.375703 0.291944 0.115469 0.153333
0 0.083281 0.642917 0.071563 0.158611
0 0.195156 0.574028 0.049688 0.078056
0 0.484687 0.350556 0.096562 0.202778
0 0.424531 0.390694 0.067187 0.215833
0 0.408594 0.316528 0.099375 0.155833
0 0.555391 0.507778 0.132969 0.340556
0 0.446641 0.588333 0.117031 0.325000
0 0.662187 0.702778 0.209063 0.267778
0 0.671719 0.859861 0.140313 0.213056
0 0.238984 0.393333 0.035156 0.096111
0 0.312734 0.270000 0.089219 0.098889
0 0.338359 0.221667 0.084844 0.049444
0 0.426172 0.221667 0.117031 0.096111
0 0.312812 0.428472 0.127188 0.213056
0 0.256484 0.246389 0.078906 0.114444
0 0.250703 0.390833 0.043906 0.065000
0 0.240469 0.289306 0.099375 0.116944
0 0.148359 0.550694 0.035156 0.109167