0 0.473438 0.831667 0.174375 0.336667
0 0.304922 0.242222 0.172969 0.238333
0 0.785156 0.806944 0.067812 0.153889
0 0.534375 0.534861 0.098125 0.193611
0 0.261328 0.129583 0.128594 0.133056
0 0.627031 0.729028 0.166875 0.136944
0 0.639844 0.400000 0.077187 0.096667
0 0.569375 0.415556 0.073125 0.082222
0 0.699063 0.482639 0.080000 0.154167
0 0.685625 0.535417 0.075625 0.136944
0 0.424766 0.683889 0.194844 0.327222
0 0.230781 0.570833 0.291250 0.415000
0 0.396250 0.254167 0.191562 0.180556
0 0.271328 0.342222 0.168906 0.245556
0 0.239297 0.844722 0.128594 0.214444
0 0.538359 0.935278 0.113281 0.129444
0 0.725469 0.645694 0.075313 0.153056
0 0.405469 0.542222 0.186250 0.211667
0 0.170234 0.724861 0.167031 0.423611
0 0.506641 0.389444 0.099844 0.196667
0 0.215547 0.225278 0.099844 0.337222
0 0.264531 0.255278 0.086875 0.185556
0 0.427266 0.334306 0.110469 0.134167
0 0.169844 0.246806 0.074687 0.204167
0 0.402422 0.455972 0.198906 0.217500
0 0.433437 0.230694 0.116875 0.138611
0 0.758828 0.696944 0.040781 0.077222
0 0.733594 0.748611 0.082187 0.122222
0 0.552031 0.321667 0.110000 0.107222
0 0.326016 0.393056 0.155156 0.223333