0 0.282813 0.811111 0.146875 0.372222
0 0.238281 0.437500 0.114062 0.319444
0 0.578906 0.736111 0.210938 0.355556
0 0.646094 0.797222 0.189062 0.172222
0 0.682031 0.930556 0.214062 0.133333
0 0.472656 0.343056 0.126562 0.263889
0 0.395313 0.341667 0.140625 0.266667
0 0.296875 0.368056 0.103125 0.258333
0 0.489063 0.968056 0.137500 0.058333
0 0.442969 0.195833 0.132812 0.108333
0 0.280469 0.238889 0.160938 0.111111
0 0.301563 0.166667 0.156250 0.088889
0 0.565625 0.244444 0.134375 0.155556
0 0.657813 0.243056 0.084375 0.102778
0 0.625000 0.193056 0.096875 0.052778
0 0.726562 0.634722 0.137500 0.202778
0 0.831250 0.831944 0.134375 0.191667
0 0.913281 0.595833 0.048438 0.158333
0 0.719531 0.295833 0.048438 0.175000
0 0.754687 0.233333 0.068750 0.066667
0 0.793750 0.334722 0.021875 0.052778
0 0.744531 0.312500 0.039062 0.147222
0 0.697656 0.437500 0.145313 0.297222
0 0.784375 0.281944 0.068750 0.075000
0 0.829688 0.658333 0.090625 0.211111
0 0.887500 0.751389 0.056250 0.147222
0 0.667188 0.865278 0.206250 0.180556
0 0.777344 0.337500 0.029687 0.119444
0 0.757031 0.438889 0.051562 0.094444
0 0.857812 0.602778 0.078125 0.144444
0 0.878906 0.543056 0.035937 0.080556
0 0.885938 0.505556 0.025000 0.038889