0 0.444531 0.183333 0.157812 0.088889
0 0.439844 0.231944 0.157812 0.113889
0 0.414844 0.322222 0.170313 0.211111
0 0.329688 0.240278 0.081250 0.219444
0 0.279687 0.276389 0.075000 0.247222
0 0.235937 0.243056 0.062500 0.225000
0 0.896875 0.554167 0.050000 0.219444
0 0.687500 0.911111 0.184375 0.172222
0 0.592969 0.312500 0.117188 0.186111
0 0.925000 0.641667 0.053125 0.144444
0 0.851562 0.569444 0.081250 0.122222
0 0.858594 0.772222 0.107813 0.122222
0 0.634375 0.494444 0.125000 0.211111
0 0.624219 0.633333 0.139063 0.344444
0 0.520312 0.355556 0.125000 0.261111
0 0.618750 0.281944 0.131250 0.158333
0 0.694531 0.430556 0.145313 0.194444
0 0.662500 0.293056 0.112500 0.163889
0 0.662500 0.345833 0.081250 0.075000
0 0.528125 0.611111 0.150000 0.355556
0 0.578906 0.191667 0.126562 0.094444
0 0.260937 0.465278 0.118750 0.336111
0 0.766406 0.700000 0.104688 0.255556
0 0.746094 0.390278 0.070312 0.186111
0 0.792969 0.275000 0.042188 0.105556
0 0.707031 0.552778 0.132812 0.177778
0 0.638281 0.806944 0.210938 0.175000
0 0.750000 0.237500 0.081250 0.086111
0 0.682813 0.216667 0.084375 0.100000