0 0.559375 0.166250 0.166875 0.094167
0 0.564375 0.217500 0.166875 0.120556
0 0.590859 0.313056 0.180156 0.223333
0 0.680937 0.226389 0.085938 0.232222
0 0.747969 0.277917 0.097500 0.288056
0 0.780078 0.229306 0.066094 0.238056
0 0.085156 0.560000 0.044688 0.152778
0 0.302500 0.931250 0.195000 0.137500
0 0.402422 0.302917 0.123906 0.196944
0 0.563516 0.508611 0.152031 0.385000
0 0.051250 0.651111 0.056250 0.152778
0 0.136406 0.582083 0.084375 0.114722
0 0.121406 0.789028 0.114062 0.129167
0 0.438047 0.608333 0.122344 0.396667
0 0.343828 0.515833 0.162031 0.252778
0 0.369297 0.639306 0.147031 0.358611
0 0.464375 0.357083 0.102500 0.258611
0 0.375234 0.270417 0.138906 0.167500
0 0.287578 0.424583 0.145469 0.240833
0 0.323125 0.274861 0.107500 0.188056
0 0.709141 0.810833 0.208281 0.378333
0 0.417266 0.175000 0.133906 0.100000
0 0.214844 0.708333 0.119063 0.326111
0 0.242031 0.380556 0.080937 0.205556
0 0.274375 0.627639 0.115625 0.217500
0 0.766875 0.489444 0.109062 0.387778
0 0.190938 0.263056 0.044688 0.111667
0 0.216406 0.230694 0.029687 0.076389
0 0.278438 0.205972 0.120625 0.155833