0 0.550937 0.181111 0.159062 0.096111
0 0.556250 0.229444 0.159375 0.121111
0 0.582734 0.326806 0.173594 0.235278
0 0.666563 0.232639 0.084375 0.223056
0 0.714766 0.267917 0.073906 0.253056
0 0.760313 0.231111 0.065625 0.227778
0 0.129453 0.655694 0.106719 0.149167
0 0.409844 0.312361 0.130625 0.183611
0 0.077109 0.660833 0.055156 0.146667
0 0.138594 0.578889 0.060625 0.088889
0 0.145391 0.788194 0.109531 0.126944
0 0.304844 0.514306 0.158750 0.184722
0 0.320078 0.917361 0.183594 0.165278
0 0.404375 0.641944 0.081563 0.356111
0 0.477031 0.365000 0.126875 0.250000
0 0.376641 0.293056 0.136406 0.153333
0 0.311406 0.427917 0.156562 0.245833
0 0.339297 0.301667 0.111719 0.171667
0 0.489766 0.604722 0.119219 0.363333
0 0.416797 0.200972 0.127656 0.089167
0 0.732734 0.495000 0.130469 0.394444
0 0.256719 0.374861 0.070000 0.197500
0 0.266328 0.660694 0.134219 0.216944
0 0.203906 0.288472 0.043750 0.107500
0 0.353437 0.853889 0.203437 0.253333
0 0.331328 0.675833 0.151406 0.220556
0 0.315547 0.227778 0.102969 0.110000
0 0.224688 0.265278 0.051562 0.107778
0 0.216484 0.347500 0.038281 0.060000