0 0.715078 0.814028 0.149219 0.371944
0 0.748828 0.442500 0.142656 0.322222
0 0.528359 0.343472 0.128281 0.266389
0 0.604922 0.343889 0.140781 0.269444
0 0.346719 0.880139 0.258750 0.155278
0 0.514922 0.962917 0.123906 0.071944
0 0.302422 0.481944 0.143906 0.258333
0 0.722031 0.236528 0.154062 0.139167
0 0.691172 0.187222 0.185156 0.115000
0 0.436016 0.247222 0.138594 0.166667
0 0.325000 0.245000 0.085000 0.110000
0 0.374609 0.193194 0.092656 0.065833
0 0.263203 0.642500 0.157344 0.164444
0 0.205000 0.807778 0.140000 0.147222
0 0.086094 0.590000 0.061875 0.153889
0 0.287422 0.280139 0.047969 0.159167
0 0.247109 0.229583 0.069219 0.070833
0 0.258281 0.307639 0.040000 0.142500
0 0.222500 0.283056 0.061562 0.090000
0 0.299219 0.391667 0.139063 0.238889
0 0.165313 0.658333 0.087188 0.204444
0 0.116328 0.753194 0.071406 0.162500
0 0.327734 0.792361 0.172656 0.123056
0 0.320547 0.937917 0.210156 0.115278
0 0.352187 0.756667 0.196250 0.140000
0 0.416641 0.704028 0.200469 0.315278
0 0.228359 0.334722 0.033594 0.120000
0 0.241094 0.426528 0.047500 0.092500
0 0.141562 0.592500 0.085312 0.151667
0 0.201172 0.330000 0.022344 0.067222
0 0.107813 0.497500 0.028437 0.039444
0 0.118359 0.565833 0.050781 0.120556