0 0.710156 0.811111 0.160938 0.372222
0 0.761719 0.412500 0.114062 0.375000
0 0.413281 0.766667 0.226562 0.300000
0 0.343750 0.847222 0.209375 0.233333
0 0.314844 0.937500 0.220312 0.119444
0 0.524219 0.343056 0.132812 0.263889
0 0.607812 0.337500 0.106250 0.275000
0 0.681250 0.313889 0.150000 0.261111
0 0.733594 0.311111 0.120313 0.250000
0 0.559375 0.204167 0.134375 0.119444
0 0.712500 0.209722 0.171875 0.130556
0 0.704688 0.161111 0.156250 0.083333
0 0.431250 0.237500 0.143750 0.141667
0 0.366406 0.179167 0.104688 0.069444
0 0.340625 0.241667 0.103125 0.111111
0 0.357031 0.550000 0.151562 0.155556
0 0.199219 0.845833 0.132812 0.180556
0 0.094531 0.579167 0.073438 0.175000
0 0.376563 0.406944 0.143750 0.197222
0 0.292969 0.291667 0.054688 0.127778
0 0.269531 0.277778 0.048438 0.127778
0 0.245312 0.227778 0.062500 0.100000
0 0.202344 0.323611 0.017188 0.058333
0 0.241406 0.290278 0.064062 0.102778
0 0.289844 0.208333 0.060937 0.050000
0 0.266406 0.376389 0.076563 0.158333
0 0.244531 0.565278 0.164062 0.275000
0 0.124219 0.763889 0.076563 0.150000
0 0.115625 0.519444 0.012500 0.027778
0 0.181250 0.725000 0.087500 0.227778
0 0.117969 0.566667 0.042188 0.088889
0 0.218750 0.340278 0.028125 0.119444