0 0.444531 0.183333 0.157812 0.088889
0 0.439844 0.231944 0.157812 0.113889
0 0.414844 0.322222 0.170313 0.211111
0 0.329688 0.240278 0.081250 0.219444
0 0.266406 0.288889 0.092188 0.272222
0 0.235937 0.243056 0.062500 0.225000
0 0.907031 0.483333 0.051562 0.144444
0 0.687500 0.919444 0.184375 0.155556
0 0.621875 0.258333 0.090625 0.150000
0 0.592969 0.312500 0.117188 0.186111
0 0.440625 0.506944 0.143750 0.363889
0 0.925000 0.638889 0.053125 0.155556
0 0.853125 0.597222 0.100000 0.066667
0 0.858594 0.795833 0.107813 0.136111
0 0.559375 0.601389 0.115625 0.375000
0 0.651563 0.515278 0.184375 0.241667
0 0.624219 0.630556 0.139063 0.338889
0 0.534375 0.363889 0.096875 0.244444
0 0.701562 0.415278 0.137500 0.275000
0 0.671094 0.237500 0.098437 0.197222
0 0.565625 0.977778 0.043750 0.038889
0 0.768750 0.386111 0.046875 0.094444
0 0.343750 0.836111 0.184375 0.322222
0 0.578906 0.191667 0.126562 0.094444
0 0.778906 0.701389 0.098437 0.247222
0 0.737500 0.354167 0.050000 0.175000
0 0.726562 0.637500 0.100000 0.219444
0 0.248438 0.500000 0.103125 0.388889
0 0.792969 0.275000 0.042188 0.105556
0 0.750000 0.233333 0.075000 0.083333
0 0.743750 0.276389 0.050000 0.113889
0 0.874219 0.545833 0.048438 0.108333
0 0.861719 0.690278 0.129688 0.163889