0 0.550937 0.212917 0.142813 0.080278
0 0.555156 0.257083 0.142813 0.103056
0 0.577813 0.346389 0.154062 0.206111
0 0.654687 0.264583 0.073438 0.198611
0 0.697891 0.298611 0.063594 0.226111
0 0.739531 0.267083 0.056563 0.203611
0 0.207422 0.670417 0.111719 0.190833
0 0.428594 0.326250 0.130000 0.160833
0 0.116250 0.627500 0.048125 0.130556
0 0.182734 0.560000 0.082031 0.085556
0 0.166484 0.753333 0.060781 0.095556
0 0.322656 0.410278 0.124375 0.163333
0 0.332578 0.874028 0.163906 0.150833
0 0.416719 0.624028 0.077812 0.319167
0 0.481641 0.376389 0.111719 0.221111
0 0.391875 0.307361 0.121562 0.133056
0 0.306328 0.675417 0.134219 0.185833
0 0.360156 0.289583 0.091875 0.123056
0 0.485938 0.598750 0.097500 0.314167
0 0.429297 0.225694 0.114531 0.075278
0 0.723984 0.504444 0.087656 0.351667
0 0.295781 0.366389 0.076250 0.135556
0 0.377734 0.550972 0.104531 0.233611
0 0.235625 0.307222 0.038125 0.072778
0 0.363594 0.813611 0.180938 0.221111
0 0.301406 0.569861 0.110312 0.150833
0 0.261875 0.311250 0.059375 0.140833
0 0.337500 0.245833 0.091875 0.095556
0 0.244219 0.347500 0.029687 0.057778