0 0.439375 0.680694 0.195625 0.247500
0 0.180469 0.720139 0.136250 0.461389
0 0.384609 0.299722 0.160781 0.107222
0 0.231094 0.447083 0.100000 0.334722
0 0.306484 0.894306 0.160781 0.211389
0 0.333750 0.463194 0.131875 0.272500
0 0.490937 0.518333 0.127500 0.180556
0 0.370078 0.543333 0.165781 0.343333
0 0.510469 0.844167 0.161875 0.290556
0 0.809062 0.740139 0.059375 0.110833
0 0.523438 0.334861 0.144687 0.184167
0 0.136484 0.433472 0.082344 0.292500
0 0.508203 0.421806 0.118281 0.194167
0 0.222969 0.305694 0.120938 0.263611
0 0.286250 0.308333 0.125000 0.219444
0 0.158359 0.328056 0.074531 0.189444
0 0.237109 0.210694 0.115781 0.124722
0 0.795391 0.657361 0.056406 0.121944
0 0.679844 0.673889 0.074687 0.095000
0 0.758750 0.563194 0.068125 0.180833
0 0.394687 0.236806 0.116875 0.091389
0 0.746953 0.658056 0.065156 0.080556
0 0.620078 0.377917 0.105156 0.149167
0 0.642578 0.361528 0.046406 0.082500
0 0.574688 0.428611 0.062500 0.116667
0 0.695078 0.427083 0.072344 0.141944
0 0.700781 0.500556 0.097500 0.162778
0 0.419375 0.380000 0.100312 0.135000
0 0.601719 0.940000 0.051562 0.107778
0 0.720234 0.648333 0.037656 0.123889