0 0.736797 0.818611 0.159531 0.362778
0 0.785078 0.433472 0.123906 0.346944
0 0.415156 0.766806 0.229063 0.368056
0 0.336250 0.824306 0.217188 0.186944
0 0.303125 0.948333 0.232500 0.103333
0 0.527109 0.330833 0.144219 0.286667
0 0.618047 0.329583 0.115469 0.289722
0 0.706172 0.269167 0.179844 0.211111
0 0.563750 0.180139 0.149375 0.129722
0 0.734219 0.199583 0.164688 0.108611
0 0.719844 0.140833 0.176563 0.099444
0 0.428828 0.210278 0.147656 0.196111
0 0.325156 0.223889 0.079687 0.132778
0 0.353203 0.162083 0.108594 0.093611
0 0.247109 0.665972 0.147656 0.184167
0 0.151328 0.764028 0.139219 0.156944
0 0.059688 0.590278 0.071250 0.196111
0 0.544219 0.548333 0.164688 0.377222
0 0.240469 0.281250 0.042500 0.114722
0 0.215703 0.222222 0.061094 0.111667
0 0.180156 0.314306 0.027187 0.066389
0 0.230156 0.303889 0.042500 0.160000
0 0.280313 0.445694 0.152812 0.304722
0 0.143594 0.634306 0.106875 0.156944
0 0.275234 0.234583 0.064531 0.184167
0 0.320234 0.909028 0.225781 0.181944
0 0.201406 0.324861 0.035625 0.135833
0 0.219219 0.427500 0.050938 0.099444