0 0.289844 0.811111 0.160938 0.372222
0 0.238281 0.412500 0.114062 0.375000
0 0.600000 0.736111 0.225000 0.194444
0 0.656250 0.847222 0.209375 0.233333
0 0.685156 0.937500 0.220312 0.119444
0 0.475781 0.343056 0.132812 0.263889
0 0.392188 0.337500 0.106250 0.275000
0 0.329688 0.316667 0.131250 0.244444
0 0.256250 0.290278 0.118750 0.247222
0 0.512500 0.861111 0.165625 0.272222
0 0.440625 0.200000 0.131250 0.105556
0 0.305469 0.176389 0.170313 0.091667
0 0.567187 0.248611 0.143750 0.169444
0 0.635156 0.211111 0.126562 0.094444
0 0.693750 0.405556 0.125000 0.244444
0 0.804688 0.847222 0.150000 0.183333
0 0.888281 0.763889 0.060937 0.111111
0 0.660937 0.283333 0.075000 0.100000
0 0.847656 0.636111 0.123438 0.194444
0 0.709375 0.618056 0.143750 0.219444
0 0.792969 0.693056 0.079687 0.263889
0 0.663281 0.506944 0.173437 0.197222
0 0.710156 0.300000 0.042188 0.150000
0 0.736719 0.298611 0.054688 0.158333
0 0.751563 0.222222 0.068750 0.111111
0 0.799219 0.315278 0.010937 0.058333
0 0.768750 0.281944 0.065625 0.102778
0 0.871094 0.531944 0.026562 0.058333
0 0.710156 0.215278 0.060937 0.063889
0 0.775000 0.358333 0.034375 0.088889