0 0.710156 0.811111 0.160938 0.372222
0 0.761719 0.412500 0.114062 0.375000
0 0.400781 0.777778 0.226562 0.277778
0 0.343750 0.847222 0.209375 0.233333
0 0.314844 0.937500 0.220312 0.119444
0 0.524219 0.343056 0.132812 0.263889
0 0.607812 0.337500 0.106250 0.275000
0 0.681250 0.313889 0.150000 0.261111
0 0.734375 0.309722 0.128125 0.252778
0 0.559375 0.204167 0.134375 0.119444
0 0.714063 0.197222 0.153125 0.116667
0 0.689063 0.168056 0.128125 0.080556
0 0.430469 0.237500 0.145313 0.152778
0 0.366406 0.186111 0.104688 0.055556
0 0.332813 0.248611 0.084375 0.125000
0 0.282031 0.570833 0.164062 0.202778
0 0.194531 0.856944 0.145313 0.202778
0 0.100000 0.727778 0.034375 0.072222
0 0.302344 0.279167 0.117188 0.158333
0 0.150781 0.691667 0.089063 0.216667
0 0.157031 0.580556 0.095312 0.133333
0 0.310937 0.447222 0.165625 0.188889
0 0.253906 0.272222 0.057813 0.100000
0 0.245312 0.227778 0.062500 0.100000
0 0.205469 0.326389 0.023438 0.063889
0 0.238281 0.298611 0.051562 0.119444
0 0.121094 0.513889 0.023438 0.038889
0 0.292187 0.215278 0.068750 0.058333
0 0.219531 0.377778 0.023438 0.066667
0 0.120313 0.559722 0.037500 0.075000
0 0.249219 0.376389 0.054688 0.175000