0 0.705156 0.820833 0.160312 0.358333
0 0.750156 0.466806 0.152188 0.335278
0 0.533047 0.346528 0.136094 0.278056
0 0.609453 0.354306 0.148594 0.282500
0 0.335313 0.865000 0.262813 0.180000
0 0.500859 0.960833 0.125781 0.078333
0 0.303359 0.463056 0.151406 0.271667
0 0.729688 0.258333 0.157812 0.153889
0 0.700469 0.206250 0.188125 0.132500
0 0.443828 0.241528 0.143281 0.179722
0 0.333203 0.228472 0.088281 0.118056
0 0.384219 0.181389 0.094375 0.074444
0 0.259063 0.619306 0.161875 0.179167
0 0.195938 0.778889 0.144063 0.160556
0 0.083984 0.550139 0.066406 0.159722
0 0.294453 0.260139 0.052656 0.163611
0 0.255781 0.205278 0.071250 0.077222
0 0.264453 0.284306 0.044219 0.145833
0 0.229531 0.256528 0.064062 0.095833
0 0.305703 0.375556 0.146094 0.257222
0 0.161016 0.625972 0.093281 0.212500
0 0.109141 0.715833 0.076094 0.168889
0 0.319062 0.775278 0.175937 0.139444
0 0.311484 0.916389 0.214844 0.143889
0 0.342734 0.750139 0.203281 0.164722
0 0.410547 0.695417 0.209531 0.333611
0 0.233906 0.308750 0.037187 0.123056
0 0.243672 0.401806 0.050156 0.096944
0 0.139219 0.557778 0.089688 0.159444
0 0.206719 0.301250 0.024375 0.069167
0 0.108516 0.459722 0.029531 0.042222
0 0.116875 0.528611 0.054375 0.125000