0 0.501563 0.836111 0.153125 0.305556
0 0.801562 0.312500 0.071875 0.297222
0 0.712500 0.290278 0.159375 0.202778
0 0.849219 0.309722 0.054688 0.197222
0 0.764062 0.188889 0.121875 0.105556
0 0.353125 0.698611 0.140625 0.119444
0 0.248438 0.700000 0.071875 0.077778
0 0.442188 0.329167 0.103125 0.113889
0 0.368750 0.368056 0.071875 0.080556
0 0.427344 0.426389 0.067187 0.125000
0 0.303906 0.436111 0.070312 0.138889
0 0.312500 0.484722 0.068750 0.108333
0 0.557813 0.688889 0.181250 0.227778
0 0.829688 0.688889 0.137500 0.444444
0 0.612500 0.298611 0.165625 0.102778
0 0.705469 0.469444 0.167187 0.233333
0 0.657813 0.958333 0.131250 0.077778
0 0.428906 0.933333 0.104688 0.127778
0 0.568750 0.436111 0.150000 0.216667
0 0.482031 0.466667 0.082812 0.261111
0 0.746094 0.801389 0.235937 0.391667
0 0.753125 0.301389 0.062500 0.136111
0 0.607812 0.395833 0.112500 0.175000
0 0.600000 0.248611 0.118750 0.091667
0 0.261719 0.545833 0.082812 0.086111
0 0.217188 0.600000 0.062500 0.111111
0 0.194531 0.768056 0.073438 0.086111
0 0.483594 0.327778 0.114062 0.144444
0 0.257812 0.629167 0.078125 0.136111