0 0.710156 0.811111 0.160938 0.372222
0 0.761719 0.412500 0.114062 0.375000
0 0.400781 0.777778 0.226562 0.277778
0 0.343750 0.847222 0.209375 0.233333
0 0.314844 0.937500 0.220312 0.119444
0 0.524219 0.343056 0.132812 0.263889
0 0.607812 0.337500 0.106250 0.275000
0 0.681250 0.313889 0.150000 0.261111
0 0.735938 0.309722 0.121875 0.252778
0 0.559375 0.204167 0.134375 0.119444
0 0.714844 0.202778 0.167187 0.133333
0 0.702344 0.163889 0.157812 0.066667
0 0.430469 0.237500 0.145313 0.152778
0 0.366406 0.186111 0.104688 0.055556
0 0.340625 0.241667 0.103125 0.111111
0 0.287500 0.593056 0.156250 0.175000
0 0.199219 0.868056 0.148438 0.191667
0 0.097656 0.598611 0.104688 0.225000
0 0.151562 0.712500 0.096875 0.208333
0 0.172656 0.580556 0.095312 0.144444
0 0.309375 0.430556 0.162500 0.194444
0 0.282031 0.301389 0.064062 0.158333
0 0.263281 0.270833 0.054688 0.097222
0 0.245312 0.227778 0.062500 0.100000
0 0.200781 0.320833 0.020313 0.052778
0 0.231250 0.302778 0.043750 0.088889
0 0.117188 0.504167 0.012500 0.013889
0 0.282813 0.218056 0.065625 0.058333
0 0.214062 0.370833 0.015625 0.041667
0 0.243750 0.397222 0.046875 0.166667