0 0.555469 0.183333 0.157812 0.088889
0 0.560156 0.231944 0.157812 0.113889
0 0.585156 0.330556 0.170313 0.227778
0 0.670312 0.240278 0.081250 0.219444
0 0.717969 0.277778 0.070312 0.250000
0 0.764062 0.243056 0.062500 0.225000
0 0.117969 0.690278 0.060937 0.141667
0 0.192969 0.733333 0.123438 0.238889
0 0.303125 0.475000 0.140625 0.255556
0 0.235937 0.302778 0.053125 0.077778
0 0.407031 0.634722 0.085938 0.363889
0 0.482031 0.366667 0.129688 0.227778
0 0.384375 0.286111 0.143750 0.183333
0 0.714844 0.823611 0.145313 0.347222
0 0.338281 0.252778 0.114062 0.122222
0 0.407031 0.320833 0.151562 0.175000
0 0.475000 0.606944 0.090625 0.352778
0 0.421094 0.197222 0.126562 0.083333
0 0.753906 0.505556 0.085938 0.388889
0 0.244531 0.370833 0.054688 0.113889
0 0.289844 0.358333 0.060937 0.177778
0 0.203125 0.297222 0.034375 0.061111
0 0.253906 0.658333 0.117188 0.322222
0 0.517969 0.755556 0.198437 0.405556
0 0.319531 0.219444 0.101562 0.105556
0 0.229687 0.247222 0.096875 0.150000
0 0.118750 0.523611 0.040625 0.047222
0 0.149219 0.573611 0.082812 0.080556
0 0.178125 0.679167 0.131250 0.202778
0 0.076563 0.595833 0.078125 0.213889