0 0.548672 0.210000 0.149219 0.081667
0 0.553047 0.254861 0.149219 0.104722
0 0.584688 0.337778 0.155000 0.193889
0 0.656406 0.262500 0.074687 0.201667
0 0.714531 0.305694 0.084687 0.247500
0 0.742578 0.265000 0.057344 0.206667
0 0.102422 0.631111 0.051719 0.142778
0 0.135391 0.541806 0.040156 0.122500
0 0.171953 0.776528 0.078906 0.148056
0 0.323359 0.886389 0.175156 0.142778
0 0.502109 0.915694 0.061719 0.084167
0 0.321953 0.543056 0.149219 0.145556
0 0.276797 0.650417 0.110469 0.186389
0 0.377187 0.295556 0.113437 0.150556
0 0.167656 0.652917 0.101875 0.130278
0 0.185625 0.580278 0.048750 0.076667
0 0.484219 0.353194 0.094688 0.199167
0 0.425391 0.392639 0.066094 0.211944
0 0.409609 0.319861 0.097656 0.153056
0 0.553750 0.507361 0.130625 0.334167
0 0.280312 0.391250 0.063125 0.173611
0 0.446797 0.586389 0.114844 0.318889
0 0.658594 0.698611 0.205313 0.262778
0 0.667969 0.853194 0.137813 0.209167
0 0.248750 0.395000 0.045937 0.094444
0 0.337812 0.248472 0.089063 0.091944
0 0.426797 0.226667 0.114844 0.094444
0 0.315547 0.429583 0.124844 0.209167
0 0.243672 0.282917 0.110469 0.135278
0 0.295469 0.252083 0.050313 0.114722
0 0.254531 0.392500 0.043125 0.063889
0 0.258828 0.280139 0.100469 0.140278
0 0.154062 0.545694 0.031563 0.104722