0 0.551172 0.207917 0.145469 0.081944
0 0.555391 0.252778 0.145469 0.105000
0 0.578516 0.343611 0.157031 0.210000
0 0.656953 0.260278 0.074844 0.202222
0 0.701016 0.295000 0.064844 0.230556
0 0.743516 0.262917 0.057656 0.207500
0 0.146406 0.680417 0.056250 0.135833
0 0.221250 0.688056 0.087813 0.263889
0 0.327188 0.466667 0.146875 0.256111
0 0.256484 0.318056 0.048906 0.071667
0 0.414297 0.624167 0.079219 0.335556
0 0.486328 0.371806 0.116719 0.220278
0 0.393437 0.302500 0.132500 0.168889
0 0.698047 0.798056 0.133906 0.320000
0 0.351016 0.269306 0.102344 0.107500
0 0.414219 0.334583 0.139688 0.161389
0 0.476953 0.598472 0.083594 0.325278
0 0.427266 0.220694 0.116719 0.076944
0 0.734141 0.504861 0.079219 0.358611
0 0.267422 0.375556 0.053281 0.105000
0 0.302656 0.358889 0.066250 0.189444
0 0.226328 0.312917 0.031719 0.056389
0 0.273047 0.645694 0.107969 0.296944
0 0.514453 0.738056 0.178594 0.373889
0 0.333672 0.241111 0.093594 0.097222
0 0.264453 0.253889 0.090781 0.122778
0 0.145625 0.519028 0.037500 0.048611
0 0.179531 0.575417 0.073438 0.089722
0 0.172344 0.722500 0.059062 0.235556
0 0.094453 0.638056 0.067656 0.215000