0 0.553906 0.176389 0.151562 0.075000
0 0.561719 0.231944 0.154688 0.113889
0 0.596875 0.322222 0.162500 0.211111
0 0.670312 0.240278 0.081250 0.219444
0 0.733594 0.287500 0.092188 0.269444
0 0.764062 0.243056 0.062500 0.225000
0 0.067187 0.641667 0.056250 0.155556
0 0.103125 0.544444 0.043750 0.133333
0 0.144531 0.636111 0.104688 0.161111
0 0.142969 0.800000 0.085938 0.161111
0 0.307812 0.919444 0.190625 0.155556
0 0.502344 0.951389 0.067187 0.091667
0 0.299219 0.533333 0.148438 0.233333
0 0.305469 0.313889 0.098437 0.172222
0 0.259375 0.662500 0.112500 0.202778
0 0.366406 0.276389 0.123438 0.163889
0 0.495312 0.338889 0.128125 0.216667
0 0.418750 0.373611 0.071875 0.213889
0 0.403906 0.287500 0.098437 0.147222
0 0.519531 0.506944 0.173437 0.247222
0 0.434375 0.595833 0.121875 0.291667
0 0.710156 0.734722 0.170313 0.425000
0 0.682813 0.883333 0.150000 0.227778
0 0.309375 0.336111 0.103125 0.072222
0 0.246875 0.238889 0.075000 0.072222
0 0.289844 0.254167 0.092188 0.069444
0 0.326562 0.201389 0.090625 0.052778
0 0.421875 0.197222 0.103125 0.094444
0 0.303125 0.413889 0.134375 0.166667
0 0.240625 0.373611 0.071875 0.125000
0 0.200000 0.309722 0.037500 0.052778