0 0.684688 0.833056 0.180000 0.333889
0 0.757422 0.509167 0.155469 0.342222
0 0.541719 0.353472 0.149688 0.298056
0 0.617969 0.369583 0.161250 0.293611
0 0.332187 0.828194 0.233125 0.216944
0 0.473984 0.954306 0.128281 0.091389
0 0.155391 0.490000 0.073906 0.115556
0 0.740703 0.320694 0.164844 0.190833
0 0.318594 0.342083 0.144063 0.253611
0 0.461484 0.231944 0.156406 0.212222
0 0.342344 0.209861 0.114688 0.135833
0 0.416406 0.164583 0.063750 0.072500
0 0.300938 0.418472 0.144375 0.211389
0 0.161953 0.743889 0.126719 0.213889
0 0.086563 0.464722 0.080000 0.178333
0 0.307266 0.220417 0.043594 0.127500
0 0.273203 0.163611 0.076719 0.097778
0 0.281328 0.235000 0.047344 0.150000
0 0.242500 0.218889 0.060313 0.113889
0 0.363672 0.145972 0.095781 0.140833
0 0.098672 0.642917 0.084531 0.179722
0 0.309766 0.525278 0.202031 0.250000
0 0.275469 0.865694 0.205625 0.195278
0 0.319766 0.725833 0.224531 0.251667
0 0.216094 0.575972 0.133750 0.255833
0 0.251641 0.264028 0.052656 0.143611
0 0.254766 0.363611 0.067031 0.137222
0 0.220156 0.244722 0.030625 0.070556
0 0.116797 0.389444 0.032969 0.047222
0 0.135703 0.489444 0.043594 0.095556
0 0.117188 0.458611 0.050313 0.118889