0 0.578203 0.199028 0.162969 0.124722
0 0.579297 0.248056 0.164844 0.149444
0 0.597500 0.343472 0.184375 0.248611
0 0.687812 0.281806 0.096562 0.236389
0 0.732422 0.330139 0.087969 0.264167
0 0.780625 0.306250 0.078438 0.237500
0 0.103281 0.484444 0.055000 0.188889
0 0.283984 0.864167 0.195469 0.213333
0 0.421484 0.292500 0.129844 0.211667
0 0.068203 0.542222 0.063281 0.155556
0 0.151328 0.484583 0.095469 0.138611
0 0.124453 0.686944 0.115781 0.146111
0 0.349062 0.484306 0.175625 0.295278
0 0.380312 0.616389 0.139688 0.387222
0 0.489063 0.360139 0.140313 0.270833
0 0.401328 0.257083 0.135469 0.185833
0 0.318203 0.411250 0.148594 0.178056
0 0.353984 0.257361 0.123594 0.188611
0 0.316797 0.355000 0.152656 0.211667
0 0.477422 0.603889 0.188281 0.385000
0 0.444297 0.175833 0.132344 0.122778
0 0.720859 0.519306 0.171719 0.345833
0 0.216953 0.610556 0.098594 0.282778
0 0.263984 0.334306 0.083281 0.200833
0 0.226016 0.209167 0.049531 0.114444
0 0.282031 0.614306 0.122500 0.255833
0 0.322813 0.799167 0.231875 0.273333
0 0.272344 0.179167 0.088438 0.104444
0 0.343203 0.180417 0.094844 0.108611