0 0.710469 0.811528 0.160938 0.372500
0 0.744062 0.412639 0.150000 0.375278
0 0.401016 0.764167 0.226719 0.250000
0 0.348672 0.861389 0.240781 0.205556
0 0.315078 0.938056 0.220469 0.119444
0 0.524375 0.343056 0.132812 0.263889
0 0.587031 0.355556 0.092188 0.266667
0 0.652656 0.326389 0.085938 0.230556
0 0.748750 0.279167 0.112500 0.230556
0 0.688672 0.205556 0.164219 0.188889
0 0.556406 0.201389 0.134375 0.108333
0 0.432969 0.226389 0.140625 0.169444
0 0.366563 0.202778 0.101562 0.094444
0 0.340000 0.423889 0.142187 0.175000
0 0.311875 0.507222 0.126562 0.175000
0 0.185156 0.837778 0.135937 0.186111
0 0.112500 0.755833 0.071875 0.133333
0 0.341562 0.275000 0.079687 0.116667
0 0.235234 0.721111 0.167344 0.208333
0 0.158594 0.612778 0.101562 0.152778
0 0.289219 0.593333 0.131250 0.169444
0 0.210312 0.641944 0.067187 0.161111
0 0.293906 0.354167 0.131250 0.230556
0 0.285312 0.265278 0.042188 0.069444
0 0.240000 0.236111 0.073438 0.077778
0 0.281406 0.218056 0.068750 0.041667
0 0.245469 0.333333 0.056250 0.161111
0 0.200937 0.247222 0.054688 0.122222
0 0.206406 0.320833 0.021875 0.075000
0 0.132812 0.536389 0.034375 0.066667
0 0.220469 0.333333 0.040625 0.100000