0 0.555469 0.183333 0.157812 0.088889
0 0.560156 0.231944 0.157812 0.113889
0 0.585156 0.330556 0.170313 0.227778
0 0.670312 0.240278 0.081250 0.219444
0 0.717969 0.277778 0.070312 0.250000
0 0.764062 0.243056 0.062500 0.225000
0 0.100000 0.662500 0.090625 0.080556
0 0.169531 0.701389 0.092188 0.275000
0 0.303125 0.475000 0.140625 0.255556
0 0.236719 0.305556 0.057813 0.094444
0 0.407031 0.627778 0.085938 0.333333
0 0.482031 0.366667 0.129688 0.227778
0 0.384375 0.286111 0.143750 0.183333
0 0.714844 0.823611 0.145313 0.347222
0 0.337500 0.256944 0.112500 0.130556
0 0.407031 0.320833 0.151562 0.175000
0 0.475000 0.606944 0.090625 0.352778
0 0.421094 0.197222 0.126562 0.083333
0 0.753906 0.505556 0.085938 0.388889
0 0.277344 0.363889 0.060937 0.183333
0 0.210938 0.277778 0.050000 0.100000
0 0.257812 0.651389 0.115625 0.286111
0 0.517969 0.755556 0.198437 0.405556
0 0.319531 0.219444 0.101562 0.105556
0 0.248438 0.251389 0.043750 0.069444
0 0.107813 0.525000 0.059375 0.083333
0 0.149219 0.563889 0.057813 0.066667
0 0.138281 0.693056 0.117188 0.258333
0 0.227344 0.413889 0.048438 0.150000