0 0.524453 0.172361 0.168281 0.133056
0 0.533438 0.219167 0.170625 0.157778
0 0.575313 0.298611 0.185312 0.255556
0 0.645312 0.195833 0.099687 0.239444
0 0.711953 0.224861 0.114844 0.291944
0 0.738125 0.172639 0.081563 0.239722
0 0.085156 0.760833 0.069375 0.169444
0 0.112031 0.654722 0.055000 0.143889
0 0.173906 0.895972 0.099062 0.183056
0 0.347266 0.932222 0.202031 0.135556
0 0.542266 0.945139 0.074531 0.109167
0 0.312734 0.599444 0.174531 0.201667
0 0.274453 0.728333 0.136719 0.233889
0 0.348359 0.316528 0.136406 0.196389
0 0.157422 0.764306 0.122031 0.170833
0 0.169609 0.680556 0.059844 0.097222
0 0.468750 0.345556 0.120938 0.242778
0 0.409297 0.406111 0.091406 0.247778
0 0.385313 0.332639 0.119687 0.194167
0 0.558516 0.490417 0.172656 0.399167
0 0.253359 0.448750 0.084531 0.205833
0 0.451094 0.608056 0.154062 0.377778
0 0.689531 0.664444 0.245938 0.345000
0 0.714453 0.827639 0.168281 0.266944
0 0.219687 0.462500 0.058437 0.115556
0 0.301328 0.277639 0.104531 0.125833
0 0.394844 0.227361 0.132500 0.136389
0 0.294844 0.479306 0.154375 0.263056
0 0.203594 0.343333 0.131875 0.178889
0 0.256094 0.294583 0.065000 0.138611
0 0.225781 0.458056 0.052500 0.081667
0 0.219531 0.335972 0.121562 0.181389
0 0.132500 0.653194 0.044062 0.121944