0 0.583281 0.203333 0.163750 0.132778
0 0.583516 0.252639 0.166094 0.157500
0 0.599297 0.356944 0.188594 0.273333
0 0.691563 0.292083 0.100000 0.239722
0 0.735156 0.342778 0.091875 0.266667
0 0.783828 0.321667 0.082031 0.240000
0 0.110000 0.532222 0.079063 0.158889
0 0.277813 0.852361 0.197500 0.222500
0 0.425547 0.284444 0.131719 0.208889
0 0.067734 0.518889 0.065469 0.157778
0 0.157891 0.458889 0.090469 0.119444
0 0.121563 0.666528 0.117500 0.151389
0 0.387813 0.428194 0.131250 0.187500
0 0.378281 0.609722 0.145313 0.391667
0 0.491484 0.359583 0.143906 0.276389
0 0.400469 0.255972 0.145937 0.183611
0 0.312891 0.381250 0.157344 0.210833
0 0.363594 0.259583 0.127812 0.215833
0 0.475625 0.602778 0.193437 0.392222
0 0.449375 0.178611 0.132500 0.118333
0 0.744766 0.576250 0.146094 0.415833
0 0.266250 0.269306 0.069062 0.131944
0 0.273438 0.579583 0.176563 0.272500
0 0.231016 0.194444 0.051094 0.116111
0 0.319062 0.799722 0.219375 0.298333
0 0.341875 0.516389 0.168125 0.262222
0 0.347187 0.171528 0.109688 0.133056
0 0.259453 0.161806 0.084219 0.149722