0 0.725547 0.791528 0.157031 0.384722
0 0.761875 0.408750 0.117813 0.317500
0 0.522969 0.340694 0.133750 0.274722
0 0.599297 0.327083 0.146094 0.267500
0 0.404687 0.895278 0.236250 0.209444
0 0.530859 0.960139 0.125156 0.079722
0 0.251563 0.681806 0.118750 0.240278
0 0.713047 0.232222 0.157031 0.160556
0 0.680000 0.166944 0.187188 0.127222
0 0.427344 0.254583 0.141875 0.175833
0 0.317500 0.264583 0.089063 0.121389
0 0.362734 0.207639 0.093906 0.071944
0 0.306953 0.479444 0.152969 0.237778
0 0.194531 0.874722 0.115000 0.215000
0 0.093906 0.634722 0.057813 0.173889
0 0.280156 0.303889 0.051250 0.162222
0 0.238281 0.257500 0.070625 0.075556
0 0.254219 0.329722 0.044375 0.142222
0 0.216719 0.327500 0.062500 0.121667
0 0.317578 0.382500 0.166406 0.219444
0 0.157422 0.666528 0.123594 0.188056
0 0.125781 0.794444 0.074687 0.167222
0 0.677422 0.436944 0.107344 0.330556
0 0.322969 0.930139 0.203750 0.139722
0 0.350938 0.791389 0.228125 0.197222
0 0.422344 0.662500 0.234687 0.208889
0 0.221250 0.375694 0.041563 0.150278
0 0.239922 0.457639 0.051094 0.101389
0 0.196719 0.365417 0.025000 0.057500
0 0.122578 0.594583 0.046406 0.098056
0 0.112422 0.539861 0.030781 0.041389
0 0.143906 0.607778 0.027500 0.038333