0 0.523750 0.171111 0.164062 0.136111
0 0.533125 0.217361 0.166563 0.160833
0 0.558047 0.294167 0.199219 0.250556
0 0.642422 0.191667 0.101406 0.241111
0 0.707422 0.199444 0.113281 0.255556
0 0.735000 0.165417 0.083437 0.240833
0 0.356328 0.932917 0.196719 0.134167
0 0.354375 0.327083 0.137500 0.183611
0 0.116016 0.644306 0.047344 0.086389
0 0.390078 0.343889 0.133594 0.219444
0 0.553047 0.490556 0.164844 0.398889
0 0.085156 0.772500 0.049688 0.156111
0 0.169141 0.730556 0.120781 0.165000
0 0.714375 0.813611 0.154688 0.281667
0 0.095312 0.746667 0.080937 0.139444
0 0.451484 0.618056 0.150469 0.405000
0 0.352734 0.574167 0.157969 0.314444
0 0.371641 0.677083 0.172969 0.390833
0 0.288047 0.442361 0.141719 0.256389
0 0.441328 0.380139 0.127031 0.273056
0 0.393359 0.224444 0.132031 0.128889
0 0.295078 0.328750 0.138281 0.236944
0 0.721562 0.398056 0.149688 0.457778
0 0.220078 0.484861 0.048281 0.081389
0 0.263125 0.302083 0.049375 0.076389
0 0.271797 0.615278 0.143594 0.275556
0 0.232031 0.822361 0.155625 0.305833
0 0.200312 0.406389 0.063750 0.102222
0 0.218125 0.305000 0.080937 0.139444
0 0.170391 0.367639 0.056094 0.099722
0 0.137578 0.661528 0.042031 0.108611