0 0.282813 0.811111 0.146875 0.372222
0 0.246094 0.437500 0.129688 0.319444
0 0.578906 0.744444 0.210938 0.338889
0 0.651563 0.797222 0.200000 0.172222
0 0.682031 0.930556 0.214062 0.133333
0 0.472656 0.343056 0.126562 0.263889
0 0.400000 0.341667 0.121875 0.266667
0 0.390625 0.413889 0.150000 0.283333
0 0.442969 0.195833 0.132812 0.108333
0 0.280469 0.225000 0.160938 0.111111
0 0.299219 0.161111 0.160938 0.077778
0 0.565625 0.247222 0.137500 0.161111
0 0.664062 0.226389 0.084375 0.147222
0 0.615625 0.190278 0.071875 0.058333
0 0.726562 0.634722 0.137500 0.202778
0 0.801562 0.722222 0.134375 0.283333
0 0.906250 0.581944 0.065625 0.180556
0 0.775000 0.365278 0.071875 0.097222
0 0.723437 0.300000 0.043750 0.166667
0 0.753125 0.222222 0.068750 0.055556
0 0.749219 0.312500 0.039062 0.141667
0 0.789062 0.276389 0.059375 0.080556
0 0.700781 0.422222 0.142187 0.272222
0 0.836719 0.648611 0.079687 0.158333
0 0.700000 0.281944 0.043750 0.152778
0 0.667969 0.879167 0.210938 0.180556
0 0.776563 0.337500 0.034375 0.119444
0 0.757812 0.436111 0.050000 0.088889