0 0.704219 0.791667 0.137813 0.349444
0 0.736484 0.440972 0.126094 0.299722
0 0.426484 0.721250 0.197969 0.333611
0 0.363438 0.778611 0.177500 0.161667
0 0.329688 0.903889 0.200937 0.125000
0 0.526094 0.352500 0.118750 0.247778
0 0.598672 0.351250 0.132031 0.250278
0 0.606016 0.433472 0.149531 0.268611
0 0.554062 0.214444 0.124687 0.101667
0 0.706484 0.254583 0.151094 0.104167
0 0.686719 0.186944 0.146562 0.083333
0 0.439687 0.258750 0.124687 0.148611
0 0.346484 0.242917 0.079219 0.138056
0 0.386797 0.213056 0.074844 0.057222
0 0.287812 0.626250 0.129062 0.190278
0 0.207891 0.731667 0.136406 0.245000
0 0.111875 0.601389 0.052812 0.109444
0 0.286406 0.314722 0.032188 0.135556
0 0.261484 0.246806 0.064531 0.062500
0 0.267266 0.329028 0.035156 0.138056
0 0.232891 0.308056 0.054219 0.101667
0 0.318672 0.437222 0.132031 0.281667
0 0.185234 0.645833 0.073281 0.177222
0 0.137578 0.745000 0.060156 0.146111
0 0.306953 0.276806 0.064531 0.138056
0 0.343594 0.854444 0.199375 0.161667
0 0.240859 0.347222 0.035156 0.112222
0 0.257031 0.437222 0.044062 0.078333
0 0.167578 0.555833 0.073281 0.091111
0 0.125078 0.519444 0.049844 0.127778