0 0.557578 0.174861 0.162344 0.091389
0 0.562422 0.224722 0.162344 0.117222
0 0.580156 0.315000 0.188125 0.211667
0 0.675859 0.233472 0.083594 0.225833
0 0.740859 0.281944 0.094844 0.277222
0 0.772344 0.236389 0.064375 0.231667
0 0.136328 0.710833 0.062656 0.197222
0 0.168359 0.725139 0.085156 0.300278
0 0.302813 0.926111 0.196250 0.147778
0 0.363047 0.270417 0.127031 0.168611
0 0.096875 0.546389 0.041875 0.120000
0 0.399219 0.297778 0.109375 0.171667
0 0.560859 0.507778 0.146406 0.374444
0 0.052734 0.645139 0.037031 0.151389
0 0.219062 0.380694 0.045000 0.188611
0 0.129062 0.633750 0.096562 0.185833
0 0.688750 0.889028 0.154375 0.221944
0 0.074453 0.669306 0.061094 0.165833
0 0.439375 0.604861 0.119063 0.385833
0 0.313984 0.526528 0.138281 0.188611
0 0.367891 0.645000 0.149531 0.311667
0 0.326875 0.249167 0.109375 0.211667
0 0.451484 0.363472 0.104531 0.228611
0 0.430625 0.180556 0.107813 0.080000
0 0.679063 0.642222 0.263750 0.271667
0 0.308437 0.412083 0.143125 0.188611
0 0.199844 0.250556 0.077187 0.180000
0 0.302734 0.239167 0.061094 0.082778
0 0.222344 0.692222 0.109375 0.291667
0 0.261797 0.216250 0.049844 0.111389
0 0.111328 0.545139 0.038594 0.123056