0 0.446094 0.176389 0.151562 0.075000
0 0.438281 0.231944 0.154688 0.113889
0 0.403125 0.322222 0.162500 0.211111
0 0.329688 0.240278 0.081250 0.219444
0 0.266406 0.287500 0.092188 0.269444
0 0.235937 0.243056 0.062500 0.225000
0 0.932813 0.641667 0.056250 0.155556
0 0.896875 0.544444 0.043750 0.133333
0 0.846875 0.576389 0.112500 0.108333
0 0.857031 0.800000 0.085938 0.161111
0 0.692187 0.919444 0.190625 0.155556
0 0.497656 0.951389 0.067187 0.091667
0 0.693750 0.508333 0.162500 0.238889
0 0.694531 0.306944 0.098437 0.186111
0 0.740625 0.662500 0.112500 0.202778
0 0.633594 0.276389 0.123438 0.163889
0 0.517188 0.338889 0.103125 0.216667
0 0.581250 0.381944 0.071875 0.230556
0 0.598437 0.288889 0.106250 0.138889
0 0.480469 0.506944 0.173437 0.247222
0 0.565625 0.595833 0.121875 0.291667
0 0.335938 0.715278 0.206250 0.286111
0 0.317188 0.883333 0.150000 0.227778
0 0.785156 0.325000 0.064062 0.127778
0 0.753125 0.238889 0.075000 0.072222
0 0.710156 0.262500 0.092188 0.086111
0 0.673438 0.201389 0.090625 0.052778
0 0.573438 0.197222 0.112500 0.094444
0 0.692969 0.433333 0.151562 0.205556
0 0.663281 0.334722 0.123438 0.086111