0 0.707734 0.819028 0.157656 0.361944
0 0.749922 0.460694 0.149844 0.331944
0 0.531953 0.345694 0.134219 0.275278
0 0.608359 0.351528 0.146719 0.279167
0 0.352187 0.874306 0.256250 0.192500
0 0.504375 0.961528 0.125312 0.076944
0 0.301406 0.469028 0.158750 0.266389
0 0.727812 0.252917 0.156875 0.150278
0 0.698047 0.201250 0.187344 0.128056
0 0.441875 0.242917 0.142187 0.176389
0 0.331094 0.232500 0.087500 0.116111
0 0.381797 0.184444 0.093906 0.072222
0 0.260078 0.625139 0.160781 0.175278
0 0.198281 0.786389 0.143125 0.157222
0 0.084375 0.560278 0.065312 0.158333
0 0.292578 0.265139 0.051406 0.162500
0 0.253437 0.211528 0.070625 0.075833
0 0.262813 0.290278 0.043125 0.145000
0 0.227656 0.263333 0.063438 0.094444
0 0.308281 0.370833 0.141250 0.251111
0 0.163672 0.628611 0.098281 0.222222
0 0.110781 0.725417 0.075000 0.167500
0 0.321172 0.779583 0.175156 0.135278
0 0.310703 0.924583 0.212344 0.130278
0 0.347266 0.744583 0.200781 0.162500
0 0.412109 0.697639 0.207344 0.329167
0 0.232344 0.315000 0.036250 0.122222
0 0.243047 0.407917 0.049531 0.095833
0 0.139766 0.566528 0.088594 0.157500
0 0.205938 0.311389 0.025000 0.057778
0 0.108203 0.469028 0.029219 0.041389
0 0.120313 0.535556 0.053438 0.123889