0 0.713750 0.813333 0.162812 0.373333
0 0.766016 0.411667 0.115469 0.379444
0 0.413359 0.770139 0.229219 0.303611
0 0.343125 0.851667 0.211875 0.236111
0 0.313750 0.941250 0.222812 0.117500
0 0.525625 0.341528 0.134375 0.266944
0 0.610156 0.335833 0.107500 0.278333
0 0.684453 0.312083 0.151719 0.264167
0 0.739766 0.307917 0.123281 0.255833
0 0.561250 0.200972 0.135937 0.120833
0 0.718438 0.199722 0.169063 0.135000
0 0.705937 0.160139 0.159688 0.067500
0 0.430859 0.234722 0.147031 0.154444
0 0.365938 0.182778 0.105937 0.056111
0 0.340000 0.239028 0.104375 0.112500
0 0.281484 0.594306 0.148594 0.176944
0 0.196797 0.872500 0.150156 0.193889
0 0.060156 0.663194 0.075938 0.168611
0 0.113906 0.579028 0.047500 0.163056
0 0.174688 0.588750 0.102813 0.165833
0 0.311484 0.446944 0.170781 0.230556
0 0.282266 0.299306 0.064844 0.165833
0 0.260000 0.272500 0.058437 0.106667
0 0.243516 0.224722 0.063281 0.101111
0 0.198359 0.323194 0.017344 0.067500
0 0.230156 0.299444 0.049062 0.087222
0 0.281484 0.215000 0.066406 0.058889
0 0.212734 0.368194 0.014219 0.033611
0 0.245937 0.397639 0.052187 0.176944
0 0.122578 0.765833 0.071094 0.137778