0 0.556953 0.183750 0.158281 0.089167
0 0.561641 0.232639 0.158281 0.114167
0 0.586641 0.323056 0.170781 0.211667
0 0.672109 0.240833 0.081406 0.220000
0 0.719766 0.278333 0.070469 0.250556
0 0.766016 0.243611 0.062656 0.225556
0 0.107266 0.583611 0.042344 0.164444
0 0.313359 0.913611 0.184844 0.172778
0 0.408125 0.313333 0.117500 0.186667
0 0.075234 0.643194 0.053281 0.144722
0 0.153516 0.566806 0.087656 0.119722
0 0.141719 0.774306 0.108125 0.122500
0 0.350234 0.520833 0.158281 0.261667
0 0.390937 0.644583 0.114375 0.364722
0 0.480156 0.364722 0.123750 0.245000
0 0.385313 0.282639 0.125312 0.158611
0 0.314063 0.455417 0.139375 0.147500
0 0.338438 0.293889 0.112813 0.164444
0 0.308594 0.399722 0.140937 0.181111
0 0.486484 0.609861 0.164531 0.350833
0 0.422187 0.192083 0.126875 0.094722
0 0.732344 0.445694 0.120625 0.317500
0 0.229453 0.679444 0.076719 0.250556
0 0.254609 0.391389 0.070469 0.186667
0 0.207578 0.275694 0.042344 0.105833
0 0.287500 0.644722 0.114375 0.253333
0 0.347031 0.839722 0.217813 0.225556
0 0.251484 0.235417 0.082969 0.086389
0 0.321953 0.220139 0.089219 0.089167