0 0.697031 0.781667 0.133438 0.338333
0 0.725469 0.442083 0.127812 0.290278
0 0.524531 0.356250 0.115000 0.239722
0 0.594141 0.355000 0.126406 0.242222
0 0.362656 0.847361 0.234375 0.136389
0 0.516094 0.919028 0.112187 0.063056
0 0.320078 0.486111 0.129219 0.232222
0 0.699922 0.255139 0.139219 0.123611
0 0.671563 0.211111 0.167500 0.101111
0 0.440156 0.270278 0.125000 0.148889
0 0.339297 0.270278 0.076719 0.098333
0 0.383906 0.222361 0.083750 0.058056
0 0.285234 0.632639 0.142031 0.146389
0 0.233516 0.784306 0.126406 0.131389
0 0.124063 0.588611 0.055313 0.138889
0 0.305234 0.303333 0.042656 0.143889
0 0.268281 0.257639 0.062500 0.063056
0 0.278828 0.328472 0.035469 0.128611
0 0.246250 0.307083 0.055313 0.080833
0 0.319375 0.406806 0.125000 0.219722
0 0.196563 0.649028 0.078125 0.184167
0 0.152578 0.736250 0.063906 0.146389
0 0.345000 0.767639 0.156250 0.108611
0 0.342891 0.896528 0.191719 0.108611
0 0.365469 0.742361 0.180313 0.128611
0 0.425156 0.685556 0.180313 0.282778
0 0.251953 0.353750 0.029844 0.108611
0 0.263984 0.436944 0.042656 0.083333
0 0.174609 0.589861 0.076719 0.136389
0 0.227109 0.350000 0.019844 0.060556
0 0.143281 0.503750 0.025625 0.035278
0 0.153203 0.565694 0.045469 0.108611