0 0.575156 0.196389 0.162500 0.120000
0 0.576719 0.245694 0.164062 0.144722
0 0.595859 0.340278 0.182656 0.243889
0 0.685625 0.275972 0.094688 0.234167
0 0.745469 0.336944 0.108750 0.288889
0 0.778672 0.297500 0.076406 0.236111
0 0.106016 0.476528 0.051094 0.151944
0 0.287109 0.879306 0.192969 0.191389
0 0.385078 0.242222 0.117656 0.187222
0 0.419453 0.295000 0.128281 0.208333
0 0.558516 0.518750 0.165781 0.390278
0 0.068750 0.555694 0.061875 0.154167
0 0.147344 0.505972 0.096875 0.125833
0 0.126484 0.698750 0.114844 0.143056
0 0.434609 0.589028 0.138594 0.395833
0 0.351562 0.484028 0.167187 0.268056
0 0.368281 0.604722 0.159688 0.364444
0 0.474453 0.357778 0.111719 0.262222
0 0.304297 0.388056 0.151094 0.253889
0 0.346562 0.253750 0.112187 0.196944
0 0.688359 0.805833 0.174531 0.388333
0 0.441016 0.177917 0.131719 0.119167
0 0.212500 0.644722 0.115312 0.271111
0 0.264219 0.337917 0.088438 0.208611
0 0.279766 0.575833 0.121719 0.226111
0 0.750625 0.539167 0.125625 0.385000
0 0.223047 0.217778 0.048594 0.113333
0 0.244609 0.176111 0.027031 0.062778
0 0.300469 0.201111 0.109062 0.171667