0 0.710156 0.811111 0.160938 0.372222
0 0.761719 0.412500 0.114062 0.375000
0 0.400781 0.763889 0.226562 0.250000
0 0.338281 0.850000 0.220312 0.227778
0 0.314844 0.937500 0.220312 0.119444
0 0.524219 0.343056 0.132812 0.263889
0 0.607812 0.337500 0.106250 0.275000
0 0.670312 0.316667 0.131250 0.244444
0 0.743750 0.279167 0.118750 0.225000
0 0.539062 0.950000 0.162500 0.094444
0 0.558594 0.201389 0.129688 0.108333
0 0.694531 0.176389 0.170313 0.091667
0 0.432812 0.229167 0.143750 0.175000
0 0.364844 0.191667 0.126562 0.138889
0 0.306250 0.405556 0.125000 0.244444
0 0.190625 0.855556 0.150000 0.194444
0 0.111719 0.763889 0.060937 0.111111
0 0.341406 0.275000 0.079687 0.116667
0 0.091406 0.597222 0.073438 0.155556
0 0.146094 0.633333 0.114062 0.183333
0 0.289062 0.613889 0.137500 0.227778
0 0.207031 0.693056 0.079687 0.263889
0 0.332813 0.506944 0.165625 0.197222
0 0.289062 0.300000 0.040625 0.144444
0 0.257812 0.287500 0.056250 0.186111
0 0.235156 0.366667 0.032813 0.100000
0 0.246875 0.209722 0.078125 0.125000
0 0.207031 0.316667 0.023438 0.072222
0 0.128125 0.536111 0.025000 0.061111
0 0.225781 0.329167 0.042188 0.119444
0 0.289844 0.213889 0.054688 0.055556