0 0.582266 0.202222 0.163594 0.131111
0 0.582734 0.251806 0.165781 0.155833
0 0.598906 0.355972 0.188125 0.271944
0 0.690781 0.290139 0.099375 0.239167
0 0.734687 0.340417 0.091250 0.266389
0 0.783125 0.318611 0.081250 0.239444
0 0.097734 0.659306 0.057344 0.120278
0 0.217500 0.808056 0.205938 0.268889
0 0.252422 0.248472 0.069844 0.126389
0 0.418750 0.613889 0.161250 0.395556
0 0.497578 0.365694 0.168906 0.242500
0 0.412266 0.239306 0.129844 0.175278
0 0.684063 0.843611 0.173750 0.312778
0 0.383281 0.200417 0.076563 0.133611
0 0.431641 0.288472 0.147969 0.209722
0 0.296406 0.485556 0.150000 0.250556
0 0.750312 0.575278 0.118750 0.407778
0 0.297422 0.231389 0.069219 0.102222
0 0.431875 0.834583 0.292813 0.330833
0 0.242109 0.196389 0.074219 0.125000
0 0.463672 0.176528 0.134531 0.125833
0 0.197578 0.612778 0.147656 0.308889
0 0.497266 0.755139 0.231719 0.460833
0 0.119609 0.401389 0.075781 0.141667
0 0.342266 0.172083 0.085469 0.114722
0 0.321875 0.367639 0.155000 0.254722
0 0.315391 0.288333 0.113906 0.251111
0 0.239766 0.339167 0.058594 0.168889
0 0.138047 0.649583 0.083594 0.248056
0 0.075000 0.549167 0.106875 0.187778
0 0.137188 0.570417 0.147187 0.217500