0 0.742813 0.744028 0.179062 0.409722
0 0.752500 0.362500 0.141875 0.348333
0 0.444609 0.764167 0.239219 0.395556
0 0.377656 0.837222 0.213125 0.227778
0 0.359844 0.940417 0.223438 0.119167
0 0.509531 0.338056 0.155313 0.298889
0 0.591797 0.312500 0.129219 0.293889
0 0.685234 0.242778 0.191094 0.216111
0 0.529844 0.191389 0.146562 0.157778
0 0.681016 0.163750 0.152344 0.121944
0 0.670625 0.112083 0.160312 0.126944
0 0.409844 0.254722 0.153750 0.218333
0 0.315312 0.285417 0.100937 0.149722
0 0.344844 0.227361 0.096562 0.103056
0 0.278984 0.729722 0.155781 0.224444
0 0.218672 0.910278 0.158594 0.179444
0 0.106719 0.698611 0.081250 0.197222
0 0.522813 0.583472 0.228437 0.440278
0 0.255938 0.412778 0.040313 0.110556
0 0.217656 0.325278 0.064375 0.112222
0 0.192812 0.415694 0.030312 0.067500
0 0.235703 0.391806 0.046094 0.157500
0 0.295859 0.502361 0.149531 0.318611
0 0.176406 0.758194 0.145313 0.255833
0 0.146875 0.858611 0.072188 0.130556
0 0.266875 0.317778 0.061562 0.193889
0 0.367031 0.896250 0.222812 0.207500
0 0.211406 0.420000 0.044375 0.138333
0 0.238281 0.512083 0.054375 0.101389
0 0.146562 0.685417 0.074375 0.123056