0 0.444531 0.183333 0.157812 0.088889
0 0.439844 0.231944 0.157812 0.113889
0 0.414844 0.322222 0.170313 0.211111
0 0.329688 0.240278 0.081250 0.219444
0 0.266406 0.288889 0.092188 0.272222
0 0.235937 0.243056 0.062500 0.225000
0 0.912500 0.511111 0.053125 0.144444
0 0.687500 0.919444 0.184375 0.155556
0 0.621875 0.258333 0.090625 0.150000
0 0.592969 0.312500 0.117188 0.186111
0 0.440625 0.506944 0.143750 0.363889
0 0.925000 0.638889 0.053125 0.155556
0 0.854688 0.588889 0.087500 0.083333
0 0.887500 0.759722 0.050000 0.102778
0 0.559375 0.601389 0.115625 0.375000
0 0.657813 0.530556 0.171875 0.227778
0 0.624219 0.630556 0.139063 0.338889
0 0.534375 0.363889 0.096875 0.244444
0 0.701562 0.409722 0.137500 0.286111
0 0.657813 0.215278 0.081250 0.163889
0 0.345313 0.711111 0.275000 0.250000
0 0.756250 0.377778 0.071875 0.111111
0 0.310937 0.883333 0.137500 0.227778
0 0.578906 0.191667 0.126562 0.094444
0 0.761719 0.641667 0.089063 0.116667
0 0.708594 0.244444 0.032813 0.061111
0 0.720313 0.733333 0.187500 0.250000
0 0.248438 0.500000 0.103125 0.388889
0 0.792969 0.275000 0.042188 0.105556
0 0.750000 0.233333 0.075000 0.083333
0 0.725781 0.270833 0.070312 0.136111
0 0.876563 0.544444 0.043750 0.116667
0 0.857031 0.693056 0.135937 0.152778