0 0.555469 0.183333 0.157812 0.088889
0 0.560156 0.231944 0.157812 0.113889
0 0.577344 0.315278 0.182812 0.197222
0 0.670312 0.240278 0.081250 0.219444
0 0.733594 0.268056 0.092188 0.230556
0 0.764062 0.243056 0.062500 0.225000
0 0.312500 0.919444 0.184375 0.155556
0 0.373437 0.284722 0.125000 0.147222
0 0.107813 0.523611 0.040625 0.075000
0 0.407031 0.312500 0.117188 0.186111
0 0.553125 0.506944 0.131250 0.363889
0 0.064844 0.640278 0.035937 0.147222
0 0.151562 0.625000 0.109375 0.133333
0 0.680469 0.875000 0.132812 0.244444
0 0.077344 0.618056 0.070312 0.119444
0 0.440625 0.601389 0.115625 0.375000
0 0.347656 0.527778 0.132812 0.277778
0 0.356250 0.634722 0.140625 0.352778
0 0.296875 0.377778 0.121875 0.222222
0 0.453906 0.363889 0.104688 0.244444
0 0.421875 0.195833 0.125000 0.091667
0 0.314844 0.268056 0.120313 0.202778
0 0.728125 0.468056 0.109375 0.430556
0 0.225781 0.398611 0.042188 0.069444
0 0.285938 0.231944 0.043750 0.063889
0 0.264062 0.543056 0.121875 0.241667
0 0.204687 0.734722 0.131250 0.269444
0 0.214062 0.315278 0.056250 0.086111
0 0.241406 0.220833 0.070312 0.119444
0 0.188281 0.268056 0.048438 0.086111
0 0.127344 0.547222 0.032813 0.100000