0 0.498437 0.836111 0.153125 0.305556
0 0.287500 0.290278 0.159375 0.202778
0 0.805469 0.737500 0.057813 0.141667
0 0.524219 0.525000 0.114062 0.177778
0 0.235937 0.188889 0.121875 0.105556
0 0.642969 0.697222 0.160938 0.100000
0 0.631250 0.368056 0.071875 0.080556
0 0.574219 0.405556 0.048438 0.077778
0 0.701562 0.436111 0.062500 0.138889
0 0.686719 0.491667 0.067187 0.122222
0 0.471875 0.706944 0.134375 0.325000
0 0.241406 0.647222 0.257812 0.377778
0 0.378906 0.280556 0.182812 0.138889
0 0.265625 0.402778 0.162500 0.222222
0 0.263281 0.911111 0.129688 0.172222
0 0.571094 0.933333 0.104688 0.127778
0 0.734375 0.591667 0.065625 0.138889
0 0.456250 0.426389 0.134375 0.202778
0 0.189844 0.800000 0.139063 0.394444
0 0.197656 0.294444 0.076563 0.322222
0 0.248438 0.312500 0.075000 0.169444
0 0.373437 0.400000 0.075000 0.183333
0 0.150000 0.326389 0.059375 0.269444
0 0.371875 0.706944 0.128125 0.502778
0 0.506250 0.344444 0.115625 0.183333
0 0.768750 0.638889 0.046875 0.077778
0 0.750000 0.691667 0.075000 0.105556
0 0.551562 0.312500 0.081250 0.086111
0 0.310156 0.452778 0.132812 0.250000