0 0.710156 0.811111 0.160938 0.372222
0 0.761719 0.412500 0.114062 0.375000
0 0.400781 0.763889 0.226562 0.250000
0 0.338281 0.840278 0.220312 0.247222
0 0.314844 0.937500 0.220312 0.119444
0 0.524219 0.343056 0.132812 0.263889
0 0.607812 0.337500 0.106250 0.275000
0 0.670312 0.316667 0.131250 0.244444
0 0.743750 0.279167 0.118750 0.225000
0 0.509375 0.969444 0.100000 0.055556
0 0.560156 0.201389 0.126562 0.108333
0 0.694531 0.176389 0.170313 0.091667
0 0.432812 0.248611 0.143750 0.169444
0 0.364844 0.211111 0.126562 0.094444
0 0.306250 0.405556 0.125000 0.244444
0 0.190625 0.855556 0.150000 0.194444
0 0.111719 0.763889 0.060937 0.111111
0 0.341406 0.275000 0.079687 0.116667
0 0.103125 0.558333 0.071875 0.166667
0 0.149219 0.638889 0.120313 0.194444
0 0.289062 0.613889 0.137500 0.227778
0 0.207031 0.693056 0.079687 0.263889
0 0.332031 0.506944 0.164062 0.197222
0 0.290625 0.301389 0.043750 0.147222
0 0.259375 0.308333 0.043750 0.216667
0 0.233594 0.352778 0.032813 0.105556
0 0.247656 0.218056 0.064062 0.119444
0 0.206250 0.319444 0.021875 0.077778
0 0.294531 0.215278 0.067187 0.058333
0 0.225781 0.329167 0.042188 0.119444