0 0.731875 0.775278 0.165000 0.393889
0 0.744297 0.398333 0.156094 0.340556
0 0.519297 0.339167 0.139219 0.282778
0 0.595625 0.325833 0.151875 0.287778
0 0.363750 0.903333 0.254375 0.193333
0 0.541016 0.956667 0.126406 0.086667
0 0.308906 0.506667 0.181875 0.300556
0 0.706328 0.205000 0.158594 0.146111
0 0.672422 0.154722 0.189219 0.140000
0 0.421953 0.260000 0.145156 0.185000
0 0.312344 0.277361 0.091250 0.126944
0 0.357969 0.217222 0.095000 0.078333
0 0.279844 0.645000 0.136875 0.205556
0 0.218516 0.844583 0.144219 0.195833
0 0.093203 0.663750 0.068281 0.161944
0 0.276094 0.319444 0.054688 0.165000
0 0.233047 0.276111 0.072031 0.080000
0 0.248594 0.351667 0.045937 0.147222
0 0.211641 0.333750 0.065156 0.098056
0 0.297188 0.415000 0.121562 0.238889
0 0.177344 0.711667 0.102500 0.227778
0 0.132656 0.820556 0.078125 0.171667
0 0.339922 0.826667 0.168906 0.136667
0 0.346250 0.947917 0.214062 0.104167
0 0.368203 0.780278 0.203281 0.175000
0 0.428672 0.717639 0.213281 0.341389
0 0.220391 0.384028 0.038594 0.124167
0 0.237344 0.470694 0.049375 0.093056
0 0.193828 0.387083 0.026094 0.059167
0 0.109688 0.567639 0.030000 0.043056
0 0.126953 0.630417 0.055781 0.126944
0 0.140313 0.645139 0.060937 0.105833