0 0.556016 0.183611 0.157969 0.088889
0 0.560703 0.232222 0.157969 0.113889
0 0.585703 0.330972 0.170469 0.228056
0 0.671016 0.240694 0.081406 0.219722
0 0.718750 0.278194 0.070312 0.250278
0 0.764844 0.243472 0.062500 0.225278
0 0.126719 0.767639 0.068750 0.133611
0 0.240859 0.882917 0.203281 0.219722
0 0.233750 0.319722 0.060937 0.111111
0 0.438828 0.625694 0.148594 0.383611
0 0.486484 0.375417 0.153281 0.222500
0 0.387891 0.278194 0.125156 0.166944
0 0.715547 0.824583 0.145469 0.347500
0 0.354219 0.235000 0.070312 0.113889
0 0.414453 0.310139 0.134531 0.175278
0 0.284766 0.664583 0.134531 0.261389
0 0.754766 0.506111 0.086094 0.389444
0 0.278438 0.293333 0.062500 0.108333
0 0.653828 0.660417 0.103281 0.358611
0 0.218906 0.271111 0.065625 0.108333
0 0.436484 0.190556 0.128281 0.091667
0 0.185391 0.692361 0.098594 0.289167
0 0.520078 0.742500 0.198594 0.389444
0 0.111094 0.501944 0.043750 0.075000
0 0.316016 0.219722 0.078281 0.094444
0 0.312891 0.485139 0.137656 0.225278
0 0.293359 0.382361 0.092344 0.191944
0 0.223594 0.415694 0.043750 0.158611
0 0.103984 0.588194 0.089219 0.169722
0 0.154141 0.610417 0.111094 0.141944