0 0.570937 0.193194 0.161562 0.113056
0 0.573125 0.242361 0.162812 0.138056
0 0.593281 0.344583 0.180938 0.253611
0 0.682422 0.267917 0.091719 0.231389
0 0.728047 0.312778 0.082344 0.260000
0 0.775781 0.285278 0.073438 0.233889
0 0.108203 0.635278 0.067969 0.156111
0 0.188750 0.656389 0.109062 0.300000
0 0.315000 0.434722 0.172500 0.301667
0 0.246641 0.262361 0.056719 0.085833
0 0.400703 0.619583 0.103594 0.375833
0 0.492031 0.359444 0.137813 0.257778
0 0.395313 0.268889 0.152188 0.205000
0 0.697969 0.835833 0.161875 0.328333
0 0.351250 0.225694 0.116250 0.133611
0 0.416250 0.307083 0.159688 0.198056
0 0.469766 0.602500 0.107656 0.365556
0 0.436328 0.186111 0.130156 0.102778
0 0.752734 0.545139 0.104844 0.400833
0 0.255391 0.326528 0.063281 0.122500
0 0.294297 0.314444 0.081719 0.216111
0 0.214219 0.251667 0.037187 0.066111
0 0.247109 0.619306 0.132656 0.339167
0 0.502734 0.759861 0.212969 0.434167
0 0.334141 0.192500 0.106406 0.121111
0 0.258750 0.194306 0.104688 0.148056
0 0.116094 0.460833 0.043125 0.058889
0 0.149609 0.527361 0.084219 0.109167
0 0.133984 0.685278 0.076406 0.264444
0 0.054531 0.580833 0.084687 0.243889