0 0.558672 0.175278 0.162656 0.091667
0 0.563516 0.225417 0.162656 0.117500
0 0.589375 0.326806 0.175625 0.234722
0 0.677031 0.234028 0.083750 0.226389
0 0.726250 0.272500 0.072500 0.257778
0 0.773750 0.236806 0.064375 0.231944
0 0.117969 0.795278 0.074063 0.146111
0 0.222656 0.905556 0.157812 0.188889
0 0.304141 0.438472 0.162656 0.160278
0 0.226719 0.315556 0.062813 0.114444
0 0.405547 0.640694 0.088594 0.375278
0 0.486172 0.358472 0.130469 0.246389
0 0.370937 0.279722 0.125625 0.151667
0 0.723047 0.828194 0.149844 0.343611
0 0.349141 0.226667 0.069219 0.131667
0 0.409609 0.311111 0.132031 0.168889
0 0.475781 0.611806 0.093437 0.363611
0 0.763203 0.507500 0.088594 0.401111
0 0.255781 0.230972 0.059688 0.117500
0 0.287266 0.611806 0.148281 0.197500
0 0.211484 0.265278 0.067656 0.111667
0 0.431406 0.190972 0.136875 0.117500
0 0.213906 0.715139 0.124063 0.318056
0 0.521641 0.762222 0.204531 0.423889
0 0.107656 0.517500 0.059688 0.128889
0 0.303281 0.218194 0.083750 0.103056
0 0.395078 0.162222 0.109531 0.146111
0 0.262187 0.358472 0.072500 0.194722
0 0.221094 0.415694 0.051562 0.137500
0 0.052812 0.695000 0.095000 0.163333
0 0.146172 0.591806 0.088594 0.100278