0 0.704844 0.802917 0.156562 0.361944
0 0.755000 0.415139 0.110937 0.364722
0 0.416094 0.759444 0.220312 0.291667
0 0.348359 0.837917 0.203594 0.226944
0 0.320234 0.925833 0.214219 0.116111
0 0.523984 0.347500 0.129219 0.256667
0 0.605234 0.342083 0.103281 0.267500
0 0.676719 0.319167 0.145937 0.253889
0 0.730625 0.320417 0.120000 0.245833
0 0.558125 0.212500 0.130625 0.116111
0 0.709453 0.211250 0.162656 0.129722
0 0.697188 0.173194 0.153438 0.064722
0 0.434297 0.240833 0.138281 0.140556
0 0.368203 0.194861 0.106406 0.054167
0 0.345313 0.249028 0.100312 0.108056
0 0.293672 0.590694 0.152031 0.170278
0 0.207891 0.836667 0.129219 0.175556
0 0.106016 0.566528 0.062344 0.191944
0 0.166094 0.609722 0.109375 0.143333
0 0.317266 0.430139 0.159531 0.210833
0 0.298281 0.286806 0.042500 0.108056
0 0.267031 0.299028 0.053125 0.126944
0 0.252734 0.235556 0.060781 0.097222
0 0.212344 0.328750 0.022812 0.051389
0 0.239844 0.307222 0.047188 0.083889
0 0.289141 0.225833 0.063906 0.056667
0 0.236016 0.386806 0.039531 0.070278
0 0.275547 0.367778 0.051719 0.178333
0 0.136406 0.758194 0.068437 0.148611
0 0.127266 0.536806 0.028906 0.067500
0 0.128906 0.512361 0.013750 0.029722
0 0.242031 0.448750 0.033437 0.064722