0 0.499297 0.813472 0.142344 0.284167
0 0.303125 0.305972 0.148125 0.188611
0 0.784687 0.721667 0.053750 0.131667
0 0.523203 0.524028 0.106094 0.165278
0 0.373672 0.752639 0.108906 0.420833
0 0.255234 0.211528 0.113281 0.098056
0 0.633672 0.684306 0.149531 0.093056
0 0.622812 0.378333 0.066875 0.075000
0 0.569687 0.413056 0.045000 0.072222
0 0.688125 0.441528 0.058125 0.129167
0 0.674375 0.493194 0.062500 0.113611
0 0.466562 0.690833 0.114688 0.338333
0 0.260313 0.637778 0.239687 0.351111
0 0.388125 0.296806 0.170000 0.129167
0 0.282891 0.410556 0.151094 0.206667
0 0.282891 0.875278 0.130781 0.175556
0 0.566797 0.903889 0.097344 0.118889
0 0.718594 0.586250 0.060937 0.129167
0 0.457187 0.432500 0.127812 0.183333
0 0.212422 0.779722 0.129219 0.366667
0 0.219609 0.309722 0.071094 0.299444
0 0.266875 0.326528 0.069687 0.157500
0 0.383125 0.408056 0.069687 0.170556
0 0.175391 0.339444 0.055156 0.250556
0 0.507969 0.370556 0.107500 0.183333
0 0.750547 0.630000 0.043594 0.072222
0 0.733125 0.679028 0.069687 0.098056
0 0.540781 0.326667 0.091563 0.080000
0 0.311875 0.484167 0.139375 0.183333