0 0.289844 0.811111 0.160938 0.372222
0 0.238281 0.412500 0.114062 0.375000
0 0.599219 0.763889 0.226562 0.250000
0 0.651563 0.861111 0.240625 0.205556
0 0.685156 0.937500 0.220312 0.119444
0 0.475781 0.343056 0.132812 0.263889
0 0.406250 0.348611 0.078125 0.252778
0 0.357812 0.316667 0.065625 0.277778
0 0.245312 0.277778 0.090625 0.222222
0 0.308594 0.350000 0.092188 0.383333
0 0.443750 0.201389 0.134375 0.108333
0 0.305469 0.176389 0.170313 0.091667
0 0.601562 0.226389 0.071875 0.169444
0 0.633594 0.202778 0.101562 0.094444
0 0.535156 0.237500 0.092188 0.225000
0 0.685156 0.469444 0.139063 0.183333
0 0.809375 0.855556 0.150000 0.194444
0 0.894531 0.780556 0.057813 0.083333
0 0.658594 0.275000 0.079687 0.116667
0 0.817969 0.745833 0.120313 0.158333
0 0.855469 0.636111 0.120313 0.183333
0 0.710156 0.620833 0.139063 0.225000
0 0.781250 0.645833 0.084375 0.186111
0 0.710938 0.373611 0.121875 0.225000
0 0.710938 0.269444 0.043750 0.072222
0 0.752344 0.230556 0.079687 0.083333
0 0.710938 0.220833 0.062500 0.058333
0 0.754687 0.333333 0.056250 0.161111
0 0.800781 0.238889 0.051562 0.122222
0 0.793750 0.320833 0.021875 0.075000
0 0.871875 0.536111 0.025000 0.061111
0 0.779687 0.333333 0.040625 0.100000