0 0.576484 0.197361 0.162656 0.121944
0 0.577813 0.246667 0.164375 0.146667
0 0.596484 0.341667 0.183281 0.246111
0 0.686641 0.278472 0.095469 0.235278
0 0.746250 0.340278 0.110000 0.290000
0 0.779531 0.301389 0.077187 0.236667
0 0.094297 0.401389 0.053594 0.158333
0 0.285547 0.876389 0.193594 0.193889
0 0.395391 0.234167 0.100156 0.168333
0 0.420391 0.294028 0.128906 0.209722
0 0.558516 0.519583 0.167344 0.391944
0 0.068672 0.547083 0.063281 0.165833
0 0.142813 0.520972 0.103750 0.087500
0 0.124063 0.717083 0.116250 0.158056
0 0.434141 0.587917 0.140156 0.396944
0 0.348438 0.482778 0.199375 0.279444
0 0.367812 0.603056 0.160938 0.366111
0 0.475078 0.357500 0.112656 0.263333
0 0.305703 0.372917 0.155156 0.302500
0 0.347344 0.211111 0.112187 0.233333
0 0.425000 0.965139 0.056875 0.050278
0 0.240859 0.329444 0.052969 0.103889
0 0.617734 0.850278 0.259219 0.299444
0 0.442578 0.177083 0.132031 0.120833
0 0.209453 0.640278 0.085781 0.249444
0 0.258516 0.324861 0.074531 0.151944
0 0.260000 0.581250 0.107500 0.232500
0 0.749844 0.553750 0.128750 0.408056
0 0.224375 0.214167 0.049062 0.113889
0 0.269922 0.181944 0.080156 0.098889
0 0.271406 0.228333 0.052187 0.138889
0 0.125391 0.465556 0.055469 0.117778
0 0.128047 0.611667 0.139844 0.190556