0 0.557734 0.180000 0.159844 0.090000
0 0.562422 0.229306 0.159844 0.115278
0 0.587812 0.329167 0.172500 0.230556
0 0.673906 0.237778 0.082187 0.222222
0 0.722187 0.275694 0.071250 0.253056
0 0.768828 0.240556 0.063281 0.227778
0 0.114766 0.624444 0.067969 0.135000
0 0.407422 0.306667 0.118594 0.180000
0 0.071250 0.643889 0.053750 0.146111
0 0.155859 0.558333 0.083906 0.098333
0 0.138516 0.776250 0.109219 0.123611
0 0.303750 0.471111 0.158125 0.171667
0 0.322813 0.913472 0.202500 0.173056
0 0.389922 0.645556 0.115469 0.368333
0 0.480156 0.362917 0.125000 0.247500
0 0.379766 0.285694 0.136094 0.149167
0 0.305391 0.419028 0.142344 0.241944
0 0.341797 0.292361 0.110781 0.168611
0 0.486484 0.610278 0.166094 0.354444
0 0.421563 0.194167 0.128125 0.084444
0 0.753047 0.506250 0.113906 0.393611
0 0.250000 0.382500 0.056875 0.146111
0 0.266641 0.663750 0.143906 0.213611
0 0.204922 0.272917 0.042656 0.106944
0 0.348125 0.852083 0.202500 0.247500
0 0.336953 0.562500 0.167656 0.225000
0 0.318750 0.216528 0.102813 0.106944
0 0.240547 0.257361 0.088594 0.149167
0 0.212031 0.327778 0.025312 0.047778