0 0.735000 0.767222 0.168750 0.398333
0 0.743125 0.389583 0.159375 0.344722
0 0.517578 0.338750 0.142031 0.286944
0 0.593516 0.322361 0.154531 0.291944
0 0.367578 0.903750 0.254219 0.192500
0 0.546328 0.954861 0.127031 0.090278
0 0.308984 0.513611 0.184531 0.306111
0 0.702969 0.197778 0.159688 0.151111
0 0.668516 0.148611 0.190156 0.146111
0 0.419297 0.262778 0.146719 0.189444
0 0.309766 0.284167 0.092344 0.130000
0 0.354844 0.222361 0.095625 0.081389
0 0.281563 0.652917 0.138750 0.209722
0 0.220859 0.853472 0.153281 0.220833
0 0.095312 0.678194 0.070000 0.163611
0 0.274062 0.327361 0.056250 0.166389
0 0.230547 0.285556 0.072656 0.082222
0 0.247031 0.360556 0.047500 0.148333
0 0.209922 0.344306 0.066094 0.100278
0 0.293359 0.422917 0.133281 0.244167
0 0.179688 0.723056 0.104688 0.230556
0 0.136328 0.833611 0.079844 0.173889
0 0.343672 0.832222 0.169844 0.142222
0 0.351562 0.948889 0.215000 0.102222
0 0.371328 0.785000 0.204531 0.181667
0 0.431172 0.720278 0.216406 0.347778
0 0.219219 0.393889 0.040000 0.125000
0 0.237031 0.480000 0.050313 0.094444
0 0.192734 0.397917 0.026719 0.059722
0 0.110469 0.581528 0.030312 0.044167
0 0.128516 0.643611 0.057031 0.128333
0 0.140859 0.653889 0.060156 0.104444