0 0.688281 0.825556 0.184375 0.348889
0 0.765703 0.467500 0.137969 0.396111
0 0.383984 0.741389 0.241406 0.295556
0 0.321953 0.812361 0.223281 0.275278
0 0.287266 0.895833 0.226719 0.164444
0 0.534297 0.349306 0.149219 0.289722
0 0.617734 0.360972 0.123594 0.295278
0 0.678672 0.357083 0.145156 0.272500
0 0.739141 0.334722 0.150781 0.243889
0 0.578828 0.214444 0.137344 0.132222
0 0.342891 0.413889 0.164531 0.197778
0 0.714453 0.219028 0.175156 0.126389
0 0.445391 0.233889 0.157656 0.207222
0 0.387500 0.181389 0.137500 0.135000
0 0.275234 0.472500 0.150469 0.238333
0 0.172187 0.793333 0.165000 0.227778
0 0.355391 0.259861 0.097656 0.134722
0 0.146250 0.579722 0.124063 0.232778
0 0.271875 0.618472 0.188125 0.205278
0 0.182734 0.633611 0.110469 0.281667
0 0.310078 0.374722 0.138594 0.243889
0 0.293281 0.272222 0.064062 0.182222
0 0.276484 0.253056 0.077969 0.182222
0 0.265859 0.164167 0.069219 0.120556
0 0.215937 0.265556 0.024063 0.062222
0 0.251953 0.242361 0.064844 0.125278
0 0.118828 0.435417 0.021406 0.045278
0 0.306641 0.176944 0.057969 0.066667
0 0.232500 0.322361 0.049062 0.116389
0 0.122656 0.483889 0.055313 0.117778