0 0.709219 0.809167 0.160000 0.370000
0 0.742734 0.412778 0.149219 0.372778
0 0.401719 0.762361 0.225312 0.248611
0 0.349609 0.859167 0.239219 0.204444
0 0.316250 0.935000 0.219062 0.118889
0 0.524297 0.344028 0.132031 0.262500
0 0.586484 0.356250 0.091719 0.265278
0 0.651797 0.305278 0.085469 0.273333
0 0.758984 0.256944 0.076094 0.176667
0 0.706953 0.284444 0.077656 0.309444
0 0.556172 0.203056 0.133594 0.107778
0 0.699922 0.161528 0.147656 0.063611
0 0.433516 0.227917 0.139844 0.168611
0 0.367500 0.204444 0.100937 0.093889
0 0.390703 0.397778 0.135156 0.176667
0 0.314609 0.472222 0.138281 0.176667
0 0.187266 0.835556 0.135156 0.185000
0 0.114922 0.754028 0.071406 0.132500
0 0.342578 0.276389 0.079219 0.116111
0 0.177187 0.732083 0.111875 0.154722
0 0.148438 0.624167 0.104062 0.171111
0 0.289766 0.613194 0.135156 0.237500
0 0.216016 0.643611 0.083906 0.187778
0 0.296875 0.364583 0.121250 0.226389
0 0.287422 0.270694 0.037344 0.071944
0 0.237031 0.234722 0.057500 0.093889
0 0.285938 0.220972 0.068437 0.049722
0 0.247031 0.339722 0.055937 0.171111
0 0.205938 0.244306 0.051250 0.124167
0 0.207422 0.321667 0.023281 0.074444
0 0.133672 0.535972 0.031094 0.055278
0 0.222266 0.334167 0.040469 0.099444