0 0.551328 0.207917 0.145469 0.081944
0 0.555547 0.252778 0.145469 0.105000
0 0.578672 0.335972 0.157031 0.194722
0 0.657344 0.260417 0.075000 0.202500
0 0.712734 0.305278 0.087969 0.251111
0 0.743672 0.262917 0.057656 0.207500
0 0.134141 0.550139 0.046094 0.202500
0 0.327188 0.886667 0.170000 0.143333
0 0.414531 0.327222 0.108125 0.171667
0 0.108281 0.630833 0.049062 0.133333
0 0.175937 0.564167 0.075000 0.112778
0 0.169375 0.751111 0.099375 0.112778
0 0.376250 0.494861 0.115312 0.194722
0 0.385703 0.594861 0.128281 0.261389
0 0.468438 0.360278 0.089375 0.197222
0 0.390703 0.298889 0.121094 0.146111
0 0.320781 0.433333 0.134063 0.210000
0 0.350312 0.309167 0.103750 0.151111
0 0.534688 0.518056 0.144063 0.276667
0 0.448984 0.576806 0.105156 0.312500
0 0.427422 0.215833 0.116719 0.087222
0 0.653672 0.687083 0.194531 0.358611
0 0.254531 0.684444 0.096562 0.235556
0 0.266641 0.398889 0.060469 0.171667
0 0.312109 0.546111 0.119531 0.138333
0 0.229922 0.292500 0.038906 0.097222
0 0.372578 0.783194 0.194531 0.161389
0 0.269687 0.258056 0.075000 0.079444
0 0.339531 0.214444 0.073438 0.130556