0 0.500703 0.836111 0.155156 0.308889
0 0.286016 0.295139 0.160781 0.206389
0 0.807031 0.730972 0.058750 0.143056
0 0.526719 0.530000 0.107500 0.185556
0 0.233828 0.194722 0.122656 0.108333
0 0.644375 0.694028 0.161562 0.103611
0 0.630312 0.365278 0.072500 0.082222
0 0.570391 0.398333 0.052031 0.067778
0 0.695625 0.431944 0.071250 0.140556
0 0.686562 0.473750 0.067812 0.095833
0 0.442109 0.702500 0.211094 0.251667
0 0.239687 0.600139 0.270625 0.283611
0 0.377344 0.283056 0.183750 0.142778
0 0.270391 0.402222 0.174844 0.215000
0 0.292734 0.919444 0.168281 0.161111
0 0.574063 0.931667 0.105625 0.130000
0 0.723984 0.575556 0.057344 0.156667
0 0.401797 0.525833 0.073906 0.293333
0 0.191953 0.804028 0.141719 0.391944
0 0.196328 0.298194 0.097344 0.285278
0 0.247109 0.318056 0.076094 0.171111
0 0.404531 0.357639 0.092812 0.096389
0 0.152812 0.346528 0.062500 0.218056
0 0.516094 0.459306 0.162187 0.195278
0 0.412266 0.250694 0.110156 0.116389
0 0.762422 0.594306 0.065156 0.168056
0 0.751328 0.686111 0.075781 0.107222
0 0.537031 0.310278 0.105313 0.085556
0 0.469609 0.386667 0.107344 0.152222