0 0.737891 0.758889 0.172656 0.402778
0 0.755000 0.378056 0.136250 0.342778
0 0.438906 0.752083 0.235000 0.400833
0 0.376719 0.828194 0.200000 0.214167
0 0.350625 0.939028 0.221875 0.121944
0 0.515781 0.338056 0.144687 0.290556
0 0.592344 0.319167 0.158750 0.296667
0 0.691875 0.322639 0.120938 0.279722
0 0.544687 0.958472 0.140625 0.083056
0 0.534453 0.185278 0.139531 0.137778
0 0.698828 0.190694 0.167656 0.146944
0 0.672734 0.123889 0.161406 0.123889
0 0.417500 0.265417 0.146250 0.188056
0 0.324922 0.281111 0.091094 0.121111
0 0.353828 0.224167 0.099844 0.074444
0 0.285078 0.685417 0.151094 0.232500
0 0.210859 0.896250 0.137344 0.207500
0 0.098750 0.669583 0.064062 0.147500
0 0.267578 0.347917 0.060781 0.184722
0 0.228203 0.295139 0.073281 0.084722
0 0.196875 0.404583 0.028437 0.055278
0 0.243906 0.370000 0.049375 0.155000
0 0.299531 0.483194 0.165625 0.328056
0 0.205391 0.349444 0.071094 0.097778
0 0.184062 0.736944 0.102188 0.210556
0 0.137187 0.838611 0.075938 0.163889
0 0.360703 0.893750 0.217656 0.212500
0 0.213281 0.402361 0.038125 0.125278
0 0.240703 0.498333 0.057969 0.105556
0 0.151641 0.682500 0.092344 0.159444
0 0.122422 0.637500 0.040469 0.096111
0 0.118438 0.593611 0.025625 0.038333