0 0.728516 0.784028 0.160781 0.389167
0 0.749375 0.407083 0.144687 0.334722
0 0.430312 0.745139 0.224062 0.380278
0 0.365078 0.801806 0.194219 0.169722
0 0.334766 0.936111 0.218594 0.127778
0 0.521328 0.340139 0.136406 0.278611
0 0.591328 0.330139 0.136406 0.281389
0 0.665234 0.399306 0.111719 0.405278
0 0.549453 0.952500 0.160469 0.095000
0 0.545234 0.189583 0.136719 0.124167
0 0.708984 0.210139 0.164844 0.130278
0 0.685234 0.143472 0.159219 0.107500
0 0.425547 0.254306 0.144844 0.174722
0 0.319688 0.270000 0.093437 0.130000
0 0.357187 0.206944 0.095625 0.063889
0 0.279219 0.661667 0.145000 0.218889
0 0.198594 0.849722 0.174687 0.183889
0 0.093281 0.635694 0.072500 0.190833
0 0.273125 0.322778 0.055000 0.180556
0 0.235781 0.265972 0.071250 0.077500
0 0.202656 0.360694 0.028437 0.053056
0 0.250312 0.339444 0.044375 0.146111
0 0.300391 0.461528 0.156406 0.314167
0 0.211172 0.319167 0.077656 0.083889
0 0.176172 0.692222 0.089844 0.198333
0 0.126250 0.798750 0.071250 0.157500
0 0.348750 0.887222 0.215313 0.194444
0 0.219453 0.371250 0.035469 0.117500
0 0.242500 0.461528 0.058125 0.100833
0 0.146797 0.643056 0.086406 0.148333
0 0.119766 0.589306 0.044219 0.101944
0 0.116875 0.553333 0.029687 0.045000