0 0.282813 0.811111 0.146875 0.372222
0 0.238281 0.437500 0.114062 0.319444
0 0.578906 0.744444 0.210938 0.338889
0 0.651563 0.797222 0.200000 0.172222
0 0.682031 0.930556 0.214062 0.133333
0 0.475781 0.343056 0.132812 0.263889
0 0.392188 0.341667 0.106250 0.266667
0 0.307031 0.291667 0.154688 0.177778
0 0.442188 0.204167 0.137500 0.119444
0 0.285156 0.222222 0.151562 0.100000
0 0.298438 0.168056 0.162500 0.091667
0 0.566406 0.238889 0.135937 0.166667
0 0.661719 0.244444 0.073438 0.122222
0 0.635938 0.187500 0.100000 0.086111
0 0.733594 0.651389 0.135937 0.169444
0 0.801562 0.751389 0.115625 0.319444
0 0.906250 0.581944 0.065625 0.180556
0 0.464844 0.441667 0.085938 0.388889
0 0.732812 0.297222 0.037500 0.144444
0 0.762500 0.243056 0.056250 0.102778
0 0.795312 0.327778 0.025000 0.061111
0 0.749219 0.318056 0.039062 0.147222
0 0.721094 0.194444 0.073438 0.105556
0 0.702344 0.445833 0.132812 0.286111
0 0.834375 0.652778 0.081250 0.205556
0 0.878906 0.761111 0.067187 0.150000
0 0.707031 0.251389 0.054688 0.180556
0 0.675000 0.866667 0.193750 0.166667
0 0.775781 0.337500 0.032813 0.125000
0 0.759375 0.431944 0.046875 0.091667