0 0.558516 0.175000 0.162656 0.091667
0 0.563359 0.225139 0.162656 0.117500
0 0.588984 0.326806 0.175469 0.234722
0 0.676875 0.233611 0.083750 0.226111
0 0.725937 0.272500 0.072500 0.257778
0 0.773438 0.236528 0.064375 0.231944
0 0.167031 0.674583 0.127188 0.174722
0 0.419063 0.303889 0.148125 0.183333
0 0.063281 0.647500 0.054688 0.148889
0 0.132422 0.578750 0.099844 0.080278
0 0.122734 0.795000 0.080469 0.128889
0 0.298359 0.399722 0.141719 0.186111
0 0.309688 0.921111 0.186875 0.157778
0 0.405547 0.643194 0.088594 0.363611
0 0.479531 0.361250 0.127188 0.251944
0 0.377187 0.282500 0.138437 0.151667
0 0.249297 0.736389 0.185156 0.240556
0 0.341094 0.262361 0.104688 0.140278
0 0.484297 0.614444 0.111094 0.357778
0 0.419922 0.189306 0.130469 0.085833
0 0.755703 0.507083 0.099844 0.400833
0 0.265391 0.335417 0.059531 0.154722
0 0.308047 0.587361 0.202969 0.251944
0 0.199375 0.282361 0.043438 0.083056
0 0.345078 0.859306 0.206094 0.251944
0 0.291875 0.510000 0.135313 0.131667
0 0.229141 0.286806 0.067656 0.160278
0 0.315312 0.212222 0.104688 0.108889
0 0.208906 0.328194 0.033750 0.065833