0 0.282813 0.811111 0.146875 0.372222
0 0.245312 0.431944 0.128125 0.308333
0 0.472656 0.343056 0.126562 0.263889
0 0.382812 0.336111 0.165625 0.255556
0 0.635938 0.876389 0.215625 0.158333
0 0.471094 0.962500 0.104688 0.069444
0 0.277344 0.238889 0.148438 0.144444
0 0.696875 0.398611 0.131250 0.275000
0 0.582812 0.256944 0.093750 0.119444
0 0.657813 0.244444 0.078125 0.100000
0 0.628906 0.195833 0.089063 0.063889
0 0.738281 0.602778 0.167187 0.177778
0 0.810156 0.841667 0.110937 0.183333
0 0.905469 0.569444 0.054688 0.122222
0 0.710938 0.275000 0.040625 0.138889
0 0.755469 0.236111 0.070312 0.077778
0 0.738281 0.304167 0.039062 0.141667
0 0.779687 0.298611 0.056250 0.097222
0 0.514844 0.229167 0.164062 0.180556
0 0.882031 0.761111 0.070312 0.161111
0 0.776563 0.723611 0.093750 0.208333
0 0.686719 0.927778 0.195312 0.138889
0 0.651563 0.772222 0.200000 0.200000
0 0.853125 0.655556 0.103125 0.222222
0 0.768750 0.338889 0.037500 0.133333
0 0.335938 0.138889 0.181250 0.183333
0 0.798438 0.336111 0.021875 0.061111
0 0.888281 0.505556 0.029687 0.038889
0 0.857812 0.590278 0.043750 0.086111
0 0.882812 0.577778 0.043750 0.105556
0 0.930469 0.666667 0.064062 0.127778
0 0.760938 0.425000 0.046875 0.072222