0 0.554141 0.187083 0.156094 0.088056
0 0.558828 0.235000 0.156094 0.112778
0 0.575859 0.317500 0.180781 0.195000
0 0.667812 0.243333 0.080312 0.217222
0 0.730469 0.291389 0.091250 0.269444
0 0.760625 0.245972 0.061875 0.222500
0 0.313828 0.915278 0.182344 0.153889
0 0.374141 0.287222 0.123594 0.145556
0 0.105937 0.559167 0.057188 0.145556
0 0.407344 0.314861 0.115937 0.184167
0 0.551953 0.506944 0.129844 0.360000
0 0.075078 0.637639 0.041719 0.126389
0 0.151562 0.577222 0.080312 0.093333
0 0.677891 0.871250 0.131406 0.241944
0 0.137656 0.780556 0.086563 0.153889
0 0.440625 0.600556 0.114375 0.371111
0 0.358750 0.544167 0.117500 0.296667
0 0.371875 0.629306 0.122188 0.340833
0 0.465234 0.365694 0.095781 0.241944
0 0.421953 0.199167 0.123594 0.090556
0 0.292969 0.402778 0.115937 0.266667
0 0.307734 0.270833 0.102031 0.162222
0 0.541797 0.827083 0.159219 0.329722
0 0.229609 0.394306 0.038594 0.079722
0 0.287578 0.235000 0.043281 0.063333
0 0.269844 0.586667 0.146875 0.206111
0 0.193359 0.747361 0.105156 0.274722
0 0.189375 0.317500 0.063438 0.112778
0 0.251250 0.219722 0.054062 0.093333
0 0.221094 0.270694 0.058750 0.134722
0 0.126094 0.526250 0.026250 0.068611