0 0.560391 0.159444 0.170781 0.096111
0 0.565391 0.212222 0.170781 0.123333
0 0.592422 0.309722 0.184219 0.228333
0 0.684609 0.221250 0.087969 0.237500
0 0.752969 0.273611 0.099687 0.294444
0 0.786016 0.224167 0.067656 0.243333
0 0.297578 0.935833 0.199531 0.128333
0 0.368594 0.237500 0.098125 0.168333
0 0.070156 0.566528 0.062500 0.159167
0 0.399766 0.299306 0.126719 0.201389
0 0.564609 0.509583 0.155469 0.393611
0 0.036250 0.652500 0.045625 0.138333
0 0.139375 0.568333 0.045625 0.072222
0 0.695625 0.887778 0.143750 0.224444
0 0.436172 0.611806 0.125156 0.405833
0 0.343047 0.550000 0.138594 0.324444
0 0.366016 0.643333 0.150469 0.366667
0 0.463203 0.354722 0.104844 0.264444
0 0.274609 0.395417 0.126719 0.291389
0 0.248438 0.344167 0.094688 0.177222
0 0.467344 0.976389 0.099687 0.047222
0 0.207891 0.387778 0.047344 0.132222
0 0.267812 0.604444 0.157187 0.240556
0 0.420078 0.168611 0.153906 0.102222
0 0.169063 0.774028 0.148750 0.273611
0 0.767344 0.481111 0.128438 0.402778
0 0.166484 0.255694 0.079531 0.108056
0 0.229766 0.213750 0.081094 0.090278
0 0.278828 0.239167 0.142031 0.147222
0 0.094609 0.559167 0.043906 0.132222
0 0.085234 0.780000 0.052344 0.111111