0 0.444531 0.183333 0.157812 0.088889
0 0.439844 0.231944 0.157812 0.113889
0 0.414844 0.322222 0.170313 0.211111
0 0.329688 0.240278 0.081250 0.219444
0 0.266406 0.288889 0.092188 0.272222
0 0.235937 0.243056 0.062500 0.225000
0 0.687500 0.919444 0.184375 0.155556
0 0.621875 0.255556 0.090625 0.155556
0 0.592969 0.312500 0.117188 0.186111
0 0.440625 0.506944 0.143750 0.363889
0 0.904687 0.559722 0.040625 0.147222
0 0.925000 0.638889 0.053125 0.155556
0 0.820312 0.575000 0.056250 0.077778
0 0.319531 0.875000 0.132812 0.244444
0 0.885156 0.754167 0.035937 0.086111
0 0.559375 0.601389 0.115625 0.375000
0 0.645312 0.544444 0.128125 0.300000
0 0.624219 0.630556 0.139063 0.338889
0 0.534375 0.363889 0.096875 0.244444
0 0.708594 0.401389 0.117188 0.269444
0 0.675781 0.251389 0.104688 0.152778
0 0.770312 0.394444 0.043750 0.122222
0 0.723437 0.572222 0.146875 0.222222
0 0.574219 0.191667 0.142187 0.094444
0 0.728125 0.290278 0.031250 0.069444
0 0.825781 0.718056 0.104688 0.291667
0 0.248438 0.500000 0.103125 0.388889
0 0.792969 0.275000 0.042188 0.105556
0 0.750000 0.233333 0.075000 0.083333
0 0.682813 0.205556 0.100000 0.150000
0 0.875000 0.568056 0.059375 0.125000