0 0.683594 0.833611 0.180938 0.332778
0 0.750703 0.514722 0.169531 0.357778
0 0.542188 0.353889 0.150313 0.298889
0 0.617734 0.376111 0.162969 0.305556
0 0.313594 0.829583 0.264375 0.260278
0 0.487422 0.946528 0.130156 0.106944
0 0.306719 0.425556 0.165000 0.295556
0 0.743125 0.303889 0.164062 0.181111
0 0.716953 0.246389 0.192344 0.166111
0 0.459922 0.232083 0.151406 0.203611
0 0.344766 0.200417 0.105156 0.144167
0 0.400156 0.161389 0.098750 0.094444
0 0.255391 0.567361 0.151719 0.206389
0 0.180078 0.711528 0.160156 0.216944
0 0.083359 0.469861 0.074844 0.169167
0 0.310156 0.222083 0.061562 0.170278
0 0.275078 0.160278 0.074531 0.089444
0 0.278359 0.238889 0.047969 0.152778
0 0.245938 0.206250 0.068750 0.106389
0 0.322422 0.338750 0.154219 0.263056
0 0.160703 0.554722 0.113906 0.231667
0 0.098281 0.639583 0.085000 0.180278
0 0.295859 0.735278 0.161094 0.151111
0 0.276875 0.870417 0.207813 0.186944
0 0.324453 0.718611 0.207969 0.202778
0 0.244453 0.260833 0.042344 0.127222
0 0.401484 0.686389 0.230781 0.358333
0 0.252891 0.352361 0.057969 0.103056
0 0.137891 0.488333 0.093594 0.161667
0 0.219219 0.243194 0.027500 0.066944
0 0.117969 0.456944 0.056563 0.134444
0 0.113281 0.384861 0.031563 0.046944