0 0.727891 0.818750 0.174219 0.362500
0 0.783750 0.407639 0.123438 0.405833
0 0.393047 0.802778 0.245156 0.300556
0 0.331406 0.875833 0.226562 0.248333
0 0.300156 0.955556 0.238437 0.088889
0 0.526719 0.332500 0.143750 0.285556
0 0.617188 0.326250 0.115000 0.297500
0 0.696641 0.300694 0.162344 0.282500
0 0.755781 0.296250 0.131875 0.273611
0 0.564766 0.182083 0.145469 0.129167
0 0.731328 0.177500 0.174219 0.138333
0 0.718594 0.138472 0.169063 0.078056
0 0.425156 0.218194 0.157187 0.165278
0 0.355859 0.162500 0.113281 0.060000
0 0.327969 0.222639 0.111563 0.120278
0 0.268906 0.592500 0.172500 0.174444
0 0.175000 0.898472 0.160625 0.203056
0 0.087891 0.547222 0.064219 0.138333
0 0.123359 0.708194 0.104844 0.273611
0 0.145391 0.593889 0.087969 0.153333
0 0.296719 0.436250 0.184375 0.228611
0 0.265391 0.287361 0.067656 0.171389
0 0.240156 0.263194 0.060937 0.093056
0 0.224922 0.207778 0.067656 0.108333
0 0.176641 0.309722 0.022031 0.060000
0 0.213828 0.278333 0.059219 0.117222
0 0.275625 0.194028 0.074375 0.063056
0 0.189375 0.364028 0.020313 0.048056
0 0.225703 0.390972 0.055781 0.180278
0 0.072734 0.754861 0.030469 0.090278