0 0.470937 0.830556 0.176563 0.338889
0 0.212109 0.209861 0.106094 0.240278
0 0.307031 0.237361 0.174375 0.241944
0 0.175547 0.222778 0.081094 0.212222
0 0.264297 0.123889 0.129219 0.136111
0 0.654766 0.728750 0.062969 0.102500
0 0.731875 0.769861 0.063125 0.105278
0 0.570703 0.351389 0.110469 0.128333
0 0.640703 0.403611 0.077656 0.098333
0 0.577891 0.446111 0.076719 0.141111
0 0.696875 0.486944 0.076250 0.154444
0 0.686719 0.533611 0.076875 0.125000
0 0.427266 0.671944 0.197969 0.272222
0 0.165313 0.613194 0.178437 0.474167
0 0.402109 0.262361 0.181406 0.163056
0 0.299297 0.416528 0.184531 0.274167
0 0.311719 0.895833 0.140313 0.141667
0 0.534844 0.935139 0.114062 0.129722
0 0.442734 0.419028 0.156406 0.264167
0 0.491563 0.488056 0.118750 0.265000
0 0.227422 0.797917 0.287031 0.325278
0 0.263516 0.227500 0.091406 0.190556
0 0.404922 0.341667 0.122656 0.147778
0 0.531797 0.554583 0.057031 0.141389
0 0.431641 0.191528 0.119531 0.146944
0 0.720391 0.604167 0.077344 0.130556
0 0.768437 0.672639 0.072500 0.145278
0 0.780156 0.844306 0.079687 0.104167
0 0.524375 0.329444 0.121562 0.171667
0 0.725391 0.706528 0.095781 0.151389