0 0.715078 0.808056 0.145781 0.369444
0 0.761641 0.431667 0.108594 0.306111
0 0.526719 0.343472 0.125625 0.261944
0 0.602656 0.336528 0.138125 0.253611
0 0.390859 0.892083 0.229531 0.179167
0 0.517344 0.958333 0.122500 0.068889
0 0.248203 0.657778 0.111719 0.228889
0 0.718203 0.252222 0.152031 0.146111
0 0.687344 0.184861 0.183125 0.110278
0 0.434375 0.249722 0.136563 0.162778
0 0.325000 0.249583 0.085312 0.113056
0 0.371563 0.197222 0.091563 0.063333
0 0.300156 0.433056 0.135000 0.237222
0 0.186172 0.844028 0.108594 0.204167
0 0.093047 0.588889 0.062031 0.162778
0 0.287031 0.282778 0.046562 0.151667
0 0.246641 0.235833 0.068281 0.068889
0 0.259063 0.310278 0.037187 0.140556
0 0.223359 0.303472 0.058906 0.115833
0 0.323437 0.366944 0.131875 0.242778
0 0.154453 0.638472 0.110156 0.179167
0 0.120234 0.758333 0.069844 0.160000
0 0.626719 0.484028 0.173750 0.273056
0 0.314141 0.926806 0.193906 0.132500
0 0.343594 0.774861 0.221875 0.176389
0 0.418047 0.653472 0.227969 0.187500
0 0.226406 0.351667 0.037187 0.146111
0 0.242813 0.434306 0.048125 0.096389
0 0.202422 0.339306 0.023281 0.055278
0 0.122500 0.560000 0.043438 0.093889
0 0.114141 0.504583 0.029531 0.038611
0 0.150469 0.572361 0.037187 0.035833