0 0.289844 0.811111 0.160938 0.372222
0 0.238281 0.412500 0.114062 0.375000
0 0.599219 0.763889 0.226562 0.250000
0 0.651563 0.861111 0.240625 0.205556
0 0.685156 0.937500 0.220312 0.119444
0 0.475781 0.343056 0.132812 0.263889
0 0.392188 0.337500 0.106250 0.275000
0 0.343750 0.311111 0.100000 0.233333
0 0.250781 0.275000 0.098437 0.211111
0 0.365625 0.497222 0.146875 0.383333
0 0.443750 0.201389 0.134375 0.108333
0 0.305469 0.176389 0.170313 0.091667
0 0.565625 0.230556 0.134375 0.166667
0 0.633594 0.202778 0.101562 0.094444
0 0.564063 0.237500 0.109375 0.152778
0 0.700781 0.470833 0.123438 0.186111
0 0.809375 0.855556 0.150000 0.194444
0 0.889844 0.769444 0.054688 0.100000
0 0.658594 0.275000 0.079687 0.116667
0 0.868750 0.727778 0.075000 0.138889
0 0.851562 0.608333 0.103125 0.127778
0 0.710938 0.613889 0.137500 0.227778
0 0.788281 0.691667 0.098437 0.277778
0 0.618750 0.448611 0.106250 0.313889
0 0.706250 0.318056 0.053125 0.169444
0 0.727344 0.220833 0.101562 0.102778
0 0.753125 0.336111 0.053125 0.177778
0 0.786719 0.234722 0.045312 0.113889
0 0.791406 0.318056 0.026562 0.075000
0 0.871875 0.536111 0.025000 0.061111
0 0.774219 0.329167 0.042188 0.119444