0 0.704609 0.792778 0.138594 0.351111
0 0.746641 0.440417 0.107656 0.301389
0 0.425391 0.730139 0.198906 0.319722
0 0.356797 0.779861 0.188594 0.162500
0 0.327969 0.905694 0.201875 0.125833
0 0.522656 0.351389 0.125312 0.248889
0 0.601484 0.350000 0.100156 0.251667
0 0.694297 0.317361 0.167969 0.144167
0 0.554375 0.220556 0.129688 0.112778
0 0.697266 0.236111 0.138594 0.076111
0 0.692187 0.184861 0.145937 0.078611
0 0.439375 0.242639 0.129688 0.173056
0 0.346484 0.249167 0.085469 0.117778
0 0.378984 0.203333 0.085469 0.073333
0 0.274297 0.652778 0.132656 0.175556
0 0.200625 0.824306 0.135625 0.173056
0 0.116562 0.576806 0.061875 0.170278
0 0.543984 0.648611 0.185781 0.413889
0 0.281641 0.343472 0.029531 0.123056
0 0.252891 0.259722 0.054531 0.091667
0 0.221172 0.336944 0.023594 0.057778
0 0.263281 0.326528 0.030937 0.141389
0 0.304531 0.443194 0.119375 0.264722
0 0.176250 0.651528 0.119375 0.209722
0 0.140078 0.736528 0.058906 0.107500
0 0.304453 0.266111 0.060469 0.146667
0 0.339922 0.844028 0.190156 0.154722
0 0.238125 0.345972 0.030937 0.123056
0 0.255078 0.439167 0.044219 0.083889
0 0.154219 0.576667 0.063438 0.091667