0 0.558594 0.171250 0.164062 0.092500
0 0.563594 0.221667 0.164062 0.118333
0 0.581406 0.308333 0.190000 0.205000
0 0.678047 0.230417 0.084531 0.228056
0 0.743828 0.259306 0.095781 0.239722
0 0.775469 0.233333 0.065000 0.233889
0 0.149375 0.665000 0.099062 0.190556
0 0.301250 0.927778 0.198125 0.144444
0 0.369531 0.276528 0.130000 0.153056
0 0.093281 0.546528 0.042188 0.121389
0 0.404375 0.305278 0.121875 0.193333
0 0.556172 0.507500 0.136406 0.378333
0 0.048672 0.646250 0.037344 0.153056
0 0.216797 0.384722 0.045469 0.178889
0 0.103906 0.758750 0.099062 0.199167
0 0.688594 0.881528 0.138125 0.236944
0 0.065703 0.637361 0.045469 0.153056
0 0.439297 0.605694 0.120156 0.389722
0 0.298672 0.503056 0.170469 0.265556
0 0.356484 0.651806 0.136406 0.343611
0 0.452969 0.358750 0.108750 0.254167
0 0.420625 0.176806 0.125000 0.080833
0 0.315938 0.252083 0.113750 0.213611
0 0.715312 0.501667 0.214375 0.262778
0 0.197266 0.247639 0.077969 0.181944
0 0.284141 0.230278 0.053594 0.072222
0 0.302031 0.397778 0.125000 0.176111
0 0.198828 0.702500 0.120156 0.323333
0 0.263047 0.251944 0.086094 0.173333
0 0.197266 0.280833 0.045469 0.075000
0 0.109609 0.549306 0.029219 0.109722