0 0.710156 0.811111 0.160938 0.372222
0 0.761719 0.412500 0.114062 0.375000
0 0.413281 0.766667 0.226562 0.300000
0 0.343750 0.847222 0.209375 0.233333
0 0.314844 0.937500 0.220312 0.119444
0 0.524219 0.343056 0.132812 0.263889
0 0.607812 0.337500 0.106250 0.275000
0 0.681250 0.313889 0.150000 0.261111
0 0.733594 0.311111 0.120313 0.250000
0 0.559375 0.204167 0.134375 0.119444
0 0.711719 0.208333 0.167187 0.133333
0 0.699219 0.165278 0.157812 0.080556
0 0.431250 0.237500 0.143750 0.141667
0 0.375000 0.188889 0.087500 0.050000
0 0.340625 0.241667 0.103125 0.111111
0 0.350781 0.562500 0.195312 0.163889
0 0.199219 0.845833 0.132812 0.180556
0 0.094531 0.579167 0.073438 0.175000
0 0.358594 0.451389 0.185938 0.175000
0 0.291406 0.286111 0.051562 0.122222
0 0.269531 0.277778 0.048438 0.127778
0 0.245312 0.227778 0.062500 0.100000
0 0.205469 0.322222 0.017188 0.061111
0 0.241406 0.290278 0.064062 0.102778
0 0.286719 0.215278 0.067187 0.063889
0 0.249219 0.387500 0.057813 0.147222
0 0.292969 0.437500 0.117188 0.286111
0 0.124219 0.763889 0.076563 0.150000
0 0.117969 0.519444 0.014063 0.027778
0 0.192969 0.669444 0.135937 0.255556
0 0.117188 0.569444 0.043750 0.094444
0 0.230469 0.444444 0.032813 0.077778