0 0.444531 0.183333 0.157812 0.088889
0 0.439844 0.231944 0.157812 0.113889
0 0.414844 0.322222 0.170313 0.211111
0 0.329688 0.240278 0.081250 0.219444
0 0.266406 0.288889 0.092188 0.272222
0 0.235937 0.243056 0.062500 0.225000
0 0.687500 0.919444 0.184375 0.155556
0 0.621875 0.258333 0.090625 0.150000
0 0.910156 0.515278 0.051562 0.125000
0 0.592969 0.312500 0.117188 0.186111
0 0.440625 0.506944 0.143750 0.363889
0 0.925000 0.638889 0.053125 0.155556
0 0.846094 0.598611 0.095312 0.075000
0 0.319531 0.875000 0.132812 0.244444
0 0.881250 0.759722 0.037500 0.102778
0 0.559375 0.601389 0.115625 0.375000
0 0.637500 0.502778 0.178125 0.238889
0 0.624219 0.630556 0.139063 0.338889
0 0.534375 0.363889 0.096875 0.244444
0 0.708594 0.401389 0.117188 0.269444
0 0.676562 0.204167 0.068750 0.136111
0 0.467969 0.868056 0.139063 0.258333
0 0.756250 0.377778 0.071875 0.111111
0 0.741406 0.652778 0.132812 0.172222
0 0.574219 0.191667 0.142187 0.094444
0 0.814844 0.758333 0.095312 0.244444
0 0.248438 0.500000 0.103125 0.388889
0 0.792969 0.275000 0.042188 0.105556
0 0.750000 0.233333 0.075000 0.083333
0 0.720313 0.258333 0.090625 0.144444
0 0.882031 0.563889 0.054688 0.105556
0 0.871094 0.670833 0.104688 0.097222