0 0.710156 0.811111 0.160938 0.372222
0 0.761719 0.412500 0.114062 0.375000
0 0.400781 0.777778 0.226562 0.277778
0 0.343750 0.847222 0.209375 0.233333
0 0.314844 0.937500 0.220312 0.119444
0 0.524219 0.343056 0.132812 0.263889
0 0.607812 0.337500 0.106250 0.275000
0 0.681250 0.313889 0.150000 0.261111
0 0.734375 0.309722 0.128125 0.252778
0 0.559375 0.204167 0.134375 0.119444
0 0.714063 0.190278 0.153125 0.130556
0 0.687500 0.162500 0.125000 0.075000
0 0.433594 0.226389 0.151562 0.158333
0 0.339844 0.223611 0.095312 0.075000
0 0.366406 0.186111 0.104688 0.055556
0 0.284375 0.573611 0.156250 0.213889
0 0.194531 0.856944 0.145313 0.202778
0 0.304688 0.277778 0.112500 0.127778
0 0.147656 0.700000 0.092188 0.200000
0 0.154688 0.598611 0.112500 0.136111
0 0.307812 0.447222 0.162500 0.183333
0 0.252344 0.279167 0.067187 0.108333
0 0.245312 0.227778 0.062500 0.100000
0 0.204687 0.325000 0.025000 0.072222
0 0.238281 0.298611 0.051562 0.119444
0 0.121094 0.513889 0.023438 0.038889
0 0.292187 0.215278 0.068750 0.058333
0 0.221094 0.379167 0.029687 0.069444
0 0.120313 0.559722 0.037500 0.075000
0 0.248438 0.383333 0.056250 0.166667