0 0.282813 0.811111 0.146875 0.372222
0 0.247656 0.437500 0.132812 0.319444
0 0.646094 0.777778 0.189062 0.133333
0 0.682031 0.930556 0.214062 0.133333
0 0.472656 0.343056 0.126562 0.263889
0 0.392969 0.341667 0.145313 0.266667
0 0.495312 0.766667 0.237500 0.394444
0 0.475000 0.962500 0.128125 0.069444
0 0.442969 0.195833 0.132812 0.108333
0 0.280469 0.233333 0.154688 0.105556
0 0.301563 0.166667 0.156250 0.088889
0 0.564844 0.245833 0.139063 0.158333
0 0.671094 0.248611 0.089063 0.119444
0 0.631250 0.190278 0.093750 0.052778
0 0.726562 0.634722 0.137500 0.202778
0 0.796094 0.812500 0.148438 0.169444
0 0.910937 0.586111 0.065625 0.183333
0 0.719531 0.295833 0.048438 0.175000
0 0.754687 0.234722 0.068750 0.069444
0 0.742969 0.309722 0.039062 0.141667
0 0.697656 0.437500 0.145313 0.297222
0 0.779687 0.294444 0.053125 0.094444
0 0.830469 0.652778 0.082812 0.188889
0 0.884375 0.752778 0.065625 0.150000
0 0.665625 0.868056 0.209375 0.169444
0 0.592187 0.669444 0.171875 0.216667
0 0.775000 0.337500 0.031250 0.113889
0 0.757031 0.431944 0.054688 0.108333
0 0.857812 0.600000 0.081250 0.138889
0 0.882812 0.543056 0.040625 0.097222
0 0.884375 0.506944 0.028125 0.041667