0 0.524375 0.170972 0.164062 0.135278
0 0.533516 0.217500 0.166406 0.160000
0 0.567656 0.307222 0.189688 0.276111
0 0.642891 0.192361 0.101094 0.240833
0 0.693516 0.215000 0.093281 0.267778
0 0.735625 0.166667 0.083125 0.240556
0 0.137266 0.756667 0.079844 0.160000
0 0.390000 0.339167 0.132500 0.210556
0 0.094844 0.768333 0.066250 0.158333
0 0.169062 0.659583 0.090938 0.120833
0 0.172734 0.876806 0.117969 0.153056
0 0.380781 0.497083 0.131875 0.189167
0 0.346953 0.895000 0.188906 0.210000
0 0.405234 0.674306 0.147344 0.393056
0 0.466094 0.372222 0.145000 0.278333
0 0.362656 0.326528 0.143437 0.184722
0 0.303828 0.504028 0.156719 0.228611
0 0.327031 0.351528 0.128750 0.217500
0 0.495703 0.611250 0.195156 0.394722
0 0.393203 0.225556 0.132656 0.120556
0 0.745313 0.430278 0.148125 0.417222
0 0.239609 0.431944 0.063906 0.165556
0 0.302656 0.697500 0.159062 0.269444
0 0.189766 0.366944 0.051719 0.116667
0 0.383984 0.868611 0.220469 0.262778
0 0.353437 0.607222 0.169063 0.264444
0 0.295234 0.278194 0.110156 0.134722
0 0.205547 0.318472 0.092031 0.163611