0 0.554922 0.190694 0.154531 0.086944
0 0.559453 0.238333 0.154531 0.111667
0 0.583984 0.334861 0.166719 0.223056
0 0.667266 0.246389 0.079531 0.215000
0 0.713984 0.283194 0.068906 0.244722
0 0.759219 0.249028 0.061250 0.220278
0 0.139531 0.779444 0.061250 0.127778
0 0.235937 0.884167 0.150000 0.179444
0 0.313203 0.425833 0.154531 0.182222
0 0.239687 0.323889 0.059688 0.108889
0 0.409609 0.632639 0.084219 0.356389
0 0.486016 0.364722 0.123906 0.233889
0 0.376719 0.289861 0.119375 0.144167
0 0.711016 0.817500 0.142344 0.340000
0 0.356016 0.246389 0.065781 0.111667
0 0.413359 0.320000 0.125469 0.160556
0 0.476094 0.605556 0.088750 0.345556
0 0.749297 0.506250 0.084219 0.380833
0 0.264844 0.245000 0.042812 0.108889
0 0.298516 0.593333 0.137656 0.206667
0 0.225078 0.276389 0.064219 0.106111
0 0.433906 0.205556 0.130000 0.111667
0 0.227500 0.703472 0.117813 0.301944
0 0.519687 0.748194 0.194375 0.402500
0 0.126406 0.515694 0.056563 0.122500
0 0.312422 0.231528 0.079531 0.098056
0 0.399531 0.178472 0.104062 0.138611
0 0.261016 0.361944 0.093281 0.157778
0 0.230469 0.424444 0.041250 0.130556
0 0.082109 0.683056 0.081094 0.163333
0 0.169219 0.578333 0.071875 0.111667