0 0.717187 0.811111 0.146875 0.372222
0 0.761719 0.437500 0.114062 0.319444
0 0.421094 0.744444 0.210938 0.338889
0 0.348438 0.797222 0.200000 0.172222
0 0.317969 0.930556 0.214062 0.133333
0 0.524219 0.343056 0.132812 0.263889
0 0.607812 0.341667 0.106250 0.266667
0 0.707812 0.311111 0.175000 0.172222
0 0.558594 0.195833 0.126562 0.102778
0 0.716406 0.216667 0.154688 0.111111
0 0.700781 0.161111 0.160938 0.077778
0 0.433594 0.231944 0.135937 0.180556
0 0.344531 0.240278 0.073438 0.119444
0 0.364063 0.187500 0.100000 0.086111
0 0.266406 0.638889 0.135937 0.194444
0 0.203906 0.734722 0.154688 0.258333
0 0.093750 0.581944 0.065625 0.180556
0 0.484375 0.258333 0.106250 0.205556
0 0.269531 0.293056 0.035937 0.136111
0 0.237500 0.243056 0.056250 0.102778
0 0.204687 0.327778 0.025000 0.061111
0 0.250781 0.318056 0.039062 0.147222
0 0.285156 0.216667 0.073438 0.083333
0 0.296094 0.440278 0.135937 0.291667
0 0.165625 0.662500 0.081250 0.197222
0 0.121875 0.768056 0.075000 0.163889
0 0.299219 0.262500 0.054688 0.158333
0 0.330469 0.875000 0.207813 0.177778
0 0.222656 0.337500 0.032813 0.125000
0 0.240625 0.431944 0.046875 0.091667
0 0.149219 0.551389 0.067187 0.075000