0 0.703672 0.792917 0.137969 0.349722
0 0.735938 0.441806 0.126250 0.300278
0 0.425391 0.722361 0.198281 0.334167
0 0.362266 0.779861 0.177656 0.161944
0 0.328594 0.905139 0.201250 0.125278
0 0.525234 0.352917 0.118906 0.248056
0 0.597969 0.351667 0.132187 0.250556
0 0.605391 0.433889 0.149844 0.268889
0 0.553203 0.214583 0.124844 0.101944
0 0.705937 0.255000 0.151250 0.104444
0 0.686094 0.187361 0.146875 0.083611
0 0.438672 0.259167 0.124844 0.148889
0 0.349141 0.251250 0.072031 0.117500
0 0.384297 0.218611 0.080781 0.062778
0 0.286641 0.626944 0.129219 0.190556
0 0.208828 0.743333 0.129219 0.182778
0 0.112734 0.594583 0.042656 0.109722
0 0.292578 0.343750 0.032344 0.083611
0 0.250703 0.252361 0.045469 0.046944
0 0.259531 0.324167 0.025000 0.112222
0 0.231563 0.308750 0.054375 0.101944
0 0.315312 0.436528 0.136563 0.263611
0 0.186797 0.646528 0.085156 0.177500
0 0.139063 0.739306 0.063125 0.159167
0 0.294844 0.272083 0.083750 0.169722
0 0.342500 0.855694 0.199687 0.161944
0 0.239687 0.347778 0.035313 0.112222
0 0.255781 0.437778 0.044062 0.078333
0 0.166250 0.556528 0.073438 0.091389
0 0.125859 0.514861 0.042656 0.080833