0 0.717187 0.811111 0.146875 0.372222
0 0.754687 0.431944 0.128125 0.308333
0 0.527344 0.343056 0.126562 0.263889
0 0.603906 0.336111 0.139063 0.255556
0 0.359375 0.876389 0.225000 0.158333
0 0.528906 0.962500 0.104688 0.069444
0 0.720313 0.251389 0.153125 0.147222
0 0.303125 0.395833 0.118750 0.258333
0 0.422656 0.234722 0.092188 0.163889
0 0.335938 0.254167 0.078125 0.108333
0 0.264844 0.584722 0.173437 0.208333
0 0.189844 0.841667 0.110937 0.183333
0 0.089063 0.588889 0.065625 0.161111
0 0.291406 0.273611 0.045312 0.141667
0 0.244531 0.236111 0.070312 0.077778
0 0.264844 0.298611 0.039062 0.141667
0 0.219531 0.300000 0.051562 0.100000
0 0.394531 0.216667 0.126562 0.166667
0 0.117969 0.761111 0.070312 0.161111
0 0.215625 0.719444 0.103125 0.177778
0 0.313281 0.927778 0.195312 0.138889
0 0.348438 0.772222 0.200000 0.200000
0 0.146875 0.656944 0.100000 0.225000
0 0.231250 0.338889 0.037500 0.133333
0 0.526563 0.209722 0.162500 0.213889
0 0.201563 0.336111 0.021875 0.061111
0 0.111719 0.505556 0.029687 0.038889
0 0.142187 0.590278 0.043750 0.086111
0 0.117188 0.577778 0.043750 0.105556
0 0.238281 0.426389 0.048438 0.086111