0 0.556875 0.182083 0.159062 0.089722
0 0.561719 0.230972 0.159062 0.114722
0 0.586953 0.330417 0.171719 0.229722
0 0.672656 0.239583 0.081875 0.221389
0 0.720781 0.277361 0.070938 0.251944
0 0.767266 0.242361 0.062969 0.226944
0 0.114297 0.761806 0.048906 0.117500
0 0.239453 0.886528 0.204844 0.221389
0 0.232422 0.319306 0.061406 0.111944
0 0.438750 0.627361 0.149688 0.386389
0 0.486875 0.375417 0.154375 0.224167
0 0.390781 0.266111 0.119687 0.145556
0 0.717656 0.826250 0.146562 0.347500
0 0.360000 0.231111 0.074063 0.131667
0 0.414297 0.309583 0.135469 0.176389
0 0.272578 0.627222 0.126094 0.218333
0 0.757109 0.506944 0.086719 0.392222
0 0.279609 0.284167 0.058281 0.070000
0 0.653125 0.668194 0.105625 0.361389
0 0.217422 0.270139 0.066094 0.109167
0 0.436484 0.189028 0.129219 0.092500
0 0.196953 0.684861 0.103906 0.310833
0 0.520703 0.745000 0.200156 0.392222
0 0.113359 0.508333 0.066094 0.126111
0 0.315156 0.218472 0.078750 0.095278
0 0.311953 0.439722 0.138594 0.263333
0 0.294688 0.376667 0.113437 0.210000
0 0.227656 0.413194 0.045625 0.159722
0 0.105625 0.593750 0.072500 0.168056
0 0.162187 0.588333 0.085000 0.134444