0 0.550234 0.180417 0.159219 0.096944
0 0.555781 0.229028 0.159688 0.121944
0 0.582266 0.326250 0.173906 0.236389
0 0.666016 0.231528 0.084844 0.223611
0 0.714219 0.266528 0.074375 0.253611
0 0.759766 0.229306 0.066094 0.228056
0 0.120547 0.662778 0.069531 0.145000
0 0.403906 0.313333 0.120000 0.183889
0 0.077578 0.663611 0.055469 0.147222
0 0.159688 0.574583 0.084375 0.101389
0 0.146016 0.790833 0.109844 0.127778
0 0.356406 0.468611 0.172812 0.164444
0 0.330313 0.913056 0.202813 0.173889
0 0.392188 0.648750 0.120000 0.369722
0 0.476641 0.365139 0.127344 0.250833
0 0.376172 0.293750 0.136719 0.154167
0 0.305391 0.454444 0.143594 0.196111
0 0.340547 0.309583 0.115469 0.191944
0 0.486875 0.609167 0.169687 0.358333
0 0.416094 0.201250 0.127812 0.089722
0 0.748516 0.492500 0.118906 0.394444
0 0.242813 0.403750 0.082187 0.162500
0 0.282266 0.660000 0.147344 0.232222
0 0.203516 0.290278 0.043906 0.107778
0 0.354141 0.854861 0.203906 0.254722
0 0.346328 0.569167 0.153594 0.230000
0 0.315078 0.229028 0.103281 0.110833
0 0.239609 0.250833 0.067656 0.128333
0 0.209063 0.348472 0.036875 0.057500