0 0.536562 0.174722 0.162187 0.117778
0 0.544141 0.222361 0.163594 0.142500
0 0.574844 0.315694 0.182812 0.258056
0 0.654219 0.210000 0.093750 0.233333
0 0.703672 0.238611 0.084531 0.261667
0 0.747500 0.195417 0.075313 0.235278
0 0.133750 0.830833 0.048438 0.118333
0 0.211250 0.759167 0.111563 0.302222
0 0.311484 0.498750 0.174844 0.305833
0 0.415469 0.651111 0.106875 0.377778
0 0.477109 0.364722 0.139844 0.261111
0 0.375156 0.299861 0.145937 0.180278
0 0.732578 0.781944 0.164844 0.372222
0 0.327734 0.282222 0.126406 0.135556
0 0.397031 0.339167 0.160938 0.202222
0 0.481328 0.611111 0.110781 0.367778
0 0.403828 0.213472 0.130781 0.106389
0 0.752891 0.458333 0.108281 0.402778
0 0.231172 0.431250 0.066719 0.168056
0 0.283438 0.384028 0.083750 0.195833
0 0.196172 0.343194 0.046719 0.088056
0 0.269922 0.688194 0.161406 0.314167
0 0.530781 0.754028 0.216562 0.439167
0 0.220625 0.343889 0.061875 0.161667
0 0.297891 0.257083 0.148906 0.205278
0 0.151484 0.637500 0.091094 0.137222
0 0.174922 0.821667 0.071094 0.267222
0 0.083438 0.722917 0.114688 0.146944
0 0.143672 0.745278 0.080156 0.107778