0 0.548828 0.179861 0.159531 0.099167
0 0.554531 0.228194 0.160000 0.124167
0 0.581484 0.316806 0.174531 0.221944
0 0.664922 0.229306 0.085781 0.224722
0 0.729063 0.273750 0.097812 0.278056
0 0.758516 0.226111 0.067031 0.228889
0 0.108516 0.581111 0.045156 0.147222
0 0.321250 0.923889 0.187500 0.152222
0 0.403281 0.318750 0.120938 0.193611
0 0.559453 0.503194 0.151094 0.373056
0 0.078203 0.669167 0.056094 0.147778
0 0.151875 0.599028 0.092812 0.114167
0 0.147344 0.795417 0.110312 0.129167
0 0.442734 0.605278 0.123281 0.382222
0 0.351953 0.523472 0.157969 0.248611
0 0.378594 0.638611 0.145937 0.347778
0 0.462813 0.366111 0.101875 0.250556
0 0.376875 0.289722 0.134375 0.166667
0 0.297109 0.441111 0.142031 0.236667
0 0.327734 0.297083 0.105156 0.184167
0 0.683906 0.738333 0.112813 0.401111
0 0.414844 0.197083 0.128438 0.102500
0 0.233906 0.713333 0.118750 0.315556
0 0.253203 0.402083 0.080469 0.199167
0 0.288516 0.633194 0.113594 0.212500
0 0.751094 0.472361 0.110625 0.373056
0 0.202656 0.294167 0.044375 0.108333
0 0.222891 0.253889 0.029531 0.068333
0 0.284609 0.251389 0.117344 0.171111