0 0.556641 0.166111 0.157031 0.077778
0 0.560703 0.223750 0.168281 0.118056
0 0.596328 0.317083 0.174844 0.218611
0 0.677266 0.232222 0.084219 0.227222
0 0.742734 0.281250 0.095469 0.279167
0 0.774219 0.235139 0.064687 0.233056
0 0.052422 0.648056 0.058281 0.161111
0 0.089688 0.547361 0.045312 0.138056
0 0.130937 0.812083 0.089063 0.166944
0 0.301719 0.927639 0.197500 0.144722
0 0.503203 0.960694 0.069531 0.078611
0 0.300078 0.505556 0.168281 0.256111
0 0.299297 0.308333 0.102031 0.178333
0 0.249063 0.669722 0.124687 0.210000
0 0.362344 0.269583 0.127812 0.169722
0 0.039688 0.686806 0.079375 0.118056
0 0.162500 0.581806 0.055000 0.086389
0 0.482969 0.334444 0.106875 0.224444
0 0.416641 0.378889 0.074531 0.238889
0 0.398750 0.296944 0.110000 0.172778
0 0.561484 0.508472 0.147344 0.376944
0 0.440859 0.597639 0.129531 0.359722
0 0.679609 0.724306 0.231406 0.296389
0 0.690156 0.890139 0.155313 0.219722
0 0.211016 0.381806 0.038906 0.106389
0 0.292813 0.245278 0.098750 0.109444
0 0.321172 0.192083 0.093906 0.054722
0 0.418203 0.191806 0.129531 0.106389
0 0.292734 0.420694 0.140781 0.235833
0 0.230391 0.219444 0.087344 0.126667
0 0.230469 0.378889 0.055000 0.066111
0 0.212656 0.266667 0.110000 0.129444
0 0.109062 0.555972 0.035625 0.120833