0 0.722422 0.814028 0.150156 0.371944
0 0.761562 0.436389 0.129375 0.326667
0 0.528281 0.339583 0.129375 0.269722
0 0.606563 0.332639 0.142187 0.261389
0 0.358125 0.896528 0.226875 0.161944
0 0.518750 0.968889 0.126250 0.062222
0 0.243828 0.656389 0.122969 0.227222
0 0.725625 0.250139 0.156562 0.159167
0 0.693672 0.176250 0.188594 0.113611
0 0.433281 0.243194 0.140625 0.167500
0 0.320625 0.243194 0.087813 0.116389
0 0.368516 0.189028 0.094219 0.065278
0 0.331719 0.528611 0.170938 0.170556
0 0.177656 0.855417 0.111875 0.210278
0 0.077734 0.601111 0.062344 0.156111
0 0.281484 0.280139 0.047969 0.161944
0 0.240000 0.228889 0.070312 0.071111
0 0.254375 0.304028 0.041563 0.141944
0 0.215234 0.284306 0.062344 0.090833
0 0.287891 0.440417 0.121406 0.289722
0 0.141562 0.620972 0.100625 0.133611
0 0.109688 0.767083 0.071875 0.164722
0 0.562656 0.748750 0.210938 0.343611
0 0.312656 0.936111 0.196563 0.127778
0 0.340625 0.781389 0.223750 0.181667
0 0.416484 0.659306 0.234844 0.193056
0 0.221563 0.339861 0.040000 0.133611
0 0.234297 0.426389 0.049531 0.102222
0 0.194297 0.335417 0.023906 0.056944
0 0.112031 0.562778 0.044688 0.096667
0 0.103281 0.505972 0.030312 0.039722
0 0.129609 0.593889 0.067031 0.096667