0 0.277344 0.811111 0.135937 0.372222
0 0.238281 0.412500 0.114062 0.375000
0 0.578906 0.758333 0.210938 0.316667
0 0.651563 0.837500 0.200000 0.252778
0 0.682031 0.930556 0.214062 0.133333
0 0.475781 0.343056 0.132812 0.263889
0 0.392188 0.337500 0.106250 0.275000
0 0.317969 0.295833 0.145313 0.275000
0 0.264062 0.311111 0.131250 0.250000
0 0.442188 0.204167 0.137500 0.119444
0 0.289844 0.187500 0.160938 0.141667
0 0.312500 0.161111 0.125000 0.061111
0 0.564844 0.229167 0.132812 0.175000
0 0.654687 0.238889 0.093750 0.116667
0 0.628125 0.190278 0.087500 0.052778
0 0.732031 0.641667 0.129688 0.216667
0 0.817187 0.844444 0.143750 0.183333
0 0.905469 0.583333 0.076563 0.200000
0 0.675000 0.458333 0.171875 0.283333
0 0.718750 0.290278 0.056250 0.152778
0 0.750000 0.227778 0.053125 0.094444
0 0.793750 0.325000 0.021875 0.055556
0 0.746875 0.315278 0.050000 0.147222
0 0.713281 0.215278 0.051562 0.058333
0 0.713281 0.411111 0.110937 0.255556
0 0.849219 0.643056 0.117188 0.180556
0 0.792969 0.252778 0.067187 0.127778
0 0.779687 0.336111 0.031250 0.105556
0 0.769531 0.431944 0.039062 0.097222
0 0.860156 0.533333 0.045312 0.050000