0 0.538125 0.175417 0.161875 0.115278
0 0.545391 0.222917 0.163281 0.140278
0 0.575156 0.308472 0.180938 0.239167
0 0.655547 0.212500 0.092656 0.232222
0 0.715234 0.241250 0.103906 0.266944
0 0.749063 0.199306 0.074375 0.234722
0 0.112187 0.657083 0.050000 0.153611
0 0.335469 0.919861 0.192812 0.160278
0 0.397422 0.329306 0.126719 0.205278
0 0.084531 0.713333 0.060625 0.152778
0 0.158203 0.624167 0.093594 0.133889
0 0.157734 0.831944 0.113906 0.140000
0 0.350859 0.545000 0.171094 0.286667
0 0.398125 0.661111 0.133125 0.381667
0 0.471641 0.368056 0.136094 0.264444
0 0.373203 0.302778 0.132969 0.178889
0 0.300000 0.502222 0.146562 0.230556
0 0.327109 0.321667 0.120781 0.182222
0 0.303281 0.431806 0.149688 0.203611
0 0.491094 0.610417 0.182188 0.376389
0 0.404922 0.206389 0.131094 0.115556
0 0.718906 0.454167 0.177500 0.375556
0 0.258203 0.369861 0.039531 0.075278
0 0.270547 0.698472 0.117031 0.283056
0 0.196172 0.325833 0.047656 0.112222
0 0.229375 0.431944 0.061250 0.163889
0 0.364922 0.862083 0.228281 0.260833
0 0.318672 0.659306 0.123594 0.234722
0 0.237578 0.278472 0.087031 0.099722
0 0.306719 0.251250 0.093437 0.103611