0 0.555469 0.183333 0.157812 0.088889
0 0.560156 0.231944 0.157812 0.113889
0 0.577344 0.319444 0.182812 0.205556
0 0.670312 0.240278 0.081250 0.219444
0 0.733594 0.287500 0.092188 0.269444
0 0.764062 0.243056 0.062500 0.225000
0 0.156250 0.620833 0.046875 0.141667
0 0.169531 0.719444 0.085938 0.355556
0 0.307812 0.919444 0.190625 0.155556
0 0.373437 0.284722 0.125000 0.147222
0 0.107813 0.544444 0.040625 0.116667
0 0.407031 0.312500 0.117188 0.186111
0 0.558594 0.506944 0.142187 0.363889
0 0.064844 0.640278 0.035937 0.147222
0 0.226562 0.388889 0.043750 0.172222
0 0.146875 0.611111 0.050000 0.133333
0 0.682813 0.883333 0.150000 0.227778
0 0.089063 0.650000 0.050000 0.194444
0 0.440625 0.601389 0.115625 0.375000
0 0.313281 0.531944 0.157812 0.230556
0 0.360938 0.645833 0.131250 0.330556
0 0.453906 0.363889 0.104688 0.244444
0 0.432031 0.188889 0.104688 0.077778
0 0.332813 0.266667 0.109375 0.222222
0 0.666406 0.604167 0.257812 0.252778
0 0.207813 0.256944 0.075000 0.175000
0 0.307812 0.245833 0.059375 0.080556
0 0.309375 0.427778 0.131250 0.216667
0 0.227344 0.675000 0.110937 0.277778
0 0.241406 0.262500 0.085938 0.147222
0 0.123438 0.522222 0.018750 0.061111