0 0.557578 0.180694 0.160156 0.090278
0 0.562422 0.230000 0.160156 0.115556
0 0.587734 0.321667 0.172969 0.214444
0 0.674219 0.238333 0.082500 0.222778
0 0.738516 0.287639 0.093594 0.276389
0 0.769375 0.241111 0.063438 0.228333
0 0.096797 0.558333 0.031719 0.146667
0 0.310937 0.924444 0.187188 0.151111
0 0.368906 0.265139 0.109375 0.169167
0 0.406953 0.311667 0.118906 0.188889
0 0.561562 0.509167 0.145937 0.369444
0 0.069922 0.651528 0.053906 0.135278
0 0.146016 0.579444 0.092031 0.110000
0 0.137187 0.778472 0.109375 0.124167
0 0.441016 0.605000 0.117344 0.380556
0 0.350703 0.516250 0.155469 0.242500
0 0.375234 0.634444 0.141094 0.343889
0 0.466328 0.363750 0.098281 0.248056
0 0.296641 0.428611 0.139531 0.231111
0 0.330781 0.285000 0.103125 0.180556
0 0.468047 0.986528 0.050781 0.026944
0 0.688438 0.819167 0.231562 0.341111
0 0.421250 0.189028 0.128438 0.095833
0 0.220625 0.706389 0.101562 0.256667
0 0.252266 0.391944 0.092031 0.186111
0 0.268906 0.642917 0.106250 0.248056
0 0.756719 0.502083 0.104688 0.394722
0 0.203906 0.273611 0.042812 0.107222
0 0.225391 0.239861 0.031719 0.061944
0 0.280938 0.241111 0.101562 0.155000