0 0.551875 0.204583 0.147500 0.083056
0 0.556250 0.250139 0.147500 0.106389
0 0.579766 0.339722 0.159219 0.207778
0 0.659219 0.257778 0.075938 0.205000
0 0.705234 0.252639 0.068594 0.153056
0 0.746875 0.260417 0.058437 0.210278
0 0.141641 0.584861 0.059844 0.137500
0 0.324922 0.884861 0.172344 0.160833
0 0.413203 0.325278 0.109531 0.173889
0 0.102969 0.633056 0.049688 0.135000
0 0.175859 0.561667 0.081719 0.111667
0 0.164922 0.754861 0.100781 0.114167
0 0.359219 0.518611 0.147500 0.243889
0 0.397187 0.634167 0.106563 0.340000
0 0.480312 0.373333 0.115312 0.228333
0 0.392031 0.296806 0.116875 0.148056
0 0.313828 0.470694 0.127031 0.194722
0 0.348203 0.307083 0.105156 0.153056
0 0.320391 0.405694 0.131406 0.168611
0 0.486172 0.601944 0.153281 0.327222
0 0.426328 0.212500 0.118281 0.088333
0 0.729297 0.507083 0.105156 0.402500
0 0.280391 0.350000 0.042344 0.062222
0 0.274531 0.640694 0.112500 0.218056
0 0.226250 0.290417 0.039375 0.098611
0 0.249688 0.407083 0.045312 0.160833
0 0.353984 0.825000 0.198594 0.228333
0 0.327734 0.622778 0.105156 0.192222
0 0.267109 0.252778 0.077344 0.080556
0 0.332891 0.238472 0.083281 0.083056