0 0.527969 0.173472 0.167813 0.128056
0 0.536484 0.220278 0.169844 0.152778
0 0.577578 0.301389 0.183594 0.250556
0 0.648438 0.200833 0.097500 0.237222
0 0.714844 0.232222 0.112187 0.289444
0 0.741562 0.180833 0.079375 0.238333
0 0.082344 0.746667 0.067812 0.167778
0 0.110469 0.641389 0.053750 0.142778
0 0.169766 0.884722 0.097656 0.180556
0 0.342344 0.931111 0.200937 0.137778
0 0.537422 0.946389 0.073594 0.107222
0 0.311641 0.593056 0.173281 0.196667
0 0.272031 0.720694 0.135000 0.230278
0 0.350312 0.311389 0.135000 0.192778
0 0.147734 0.754306 0.107031 0.164167
0 0.167500 0.665278 0.058437 0.087222
0 0.470391 0.344722 0.118906 0.240000
0 0.408828 0.414583 0.095469 0.269167
0 0.387188 0.328889 0.118125 0.191111
0 0.558594 0.492361 0.169063 0.395278
0 0.253906 0.440278 0.082812 0.203889
0 0.450156 0.609167 0.151250 0.380000
0 0.687734 0.670833 0.243594 0.338333
0 0.710781 0.834861 0.166250 0.262500
0 0.220156 0.453194 0.057500 0.114167
0 0.303750 0.271111 0.103750 0.122778
0 0.397891 0.223750 0.131719 0.132500
0 0.295078 0.472222 0.152344 0.258889
0 0.226250 0.448750 0.051875 0.080278
0 0.189609 0.354028 0.077656 0.119167
0 0.252031 0.325972 0.086563 0.156389
0 0.130469 0.636528 0.042188 0.113056
0 0.221953 0.294167 0.053281 0.099444