0 0.707266 0.819306 0.157969 0.361389
0 0.754609 0.461944 0.140781 0.331667
0 0.413750 0.736389 0.220938 0.358889
0 0.339531 0.782083 0.205000 0.191389
0 0.305000 0.912222 0.217813 0.153889
0 0.532031 0.345972 0.134375 0.275833
0 0.604766 0.351528 0.129844 0.278056
0 0.612578 0.427500 0.163281 0.303333
0 0.566250 0.201944 0.135937 0.121111
0 0.727656 0.246528 0.164062 0.126389
0 0.710938 0.181111 0.163125 0.093333
0 0.442188 0.241250 0.142187 0.174167
0 0.344531 0.210972 0.088750 0.155278
0 0.393984 0.179583 0.073594 0.065278
0 0.269687 0.612639 0.143437 0.215833
0 0.192031 0.692639 0.142813 0.295833
0 0.091797 0.542500 0.071094 0.186667
0 0.278281 0.279583 0.038750 0.150278
0 0.255547 0.203889 0.070469 0.067778
0 0.256797 0.290139 0.043594 0.153611
0 0.221875 0.257500 0.060625 0.102778
0 0.303281 0.407222 0.150313 0.288333
0 0.158203 0.624028 0.086719 0.188056
0 0.103281 0.709167 0.045937 0.126111
0 0.309375 0.261806 0.050000 0.159722
0 0.320703 0.862222 0.216094 0.200556
0 0.228828 0.310972 0.037969 0.122500
0 0.244453 0.411250 0.052656 0.093611