0 0.702500 0.801111 0.155625 0.360000
0 0.752500 0.415833 0.110312 0.362778
0 0.403359 0.755694 0.219219 0.241944
0 0.352656 0.849722 0.232813 0.198889
0 0.320156 0.923611 0.213125 0.115556
0 0.522656 0.348472 0.128438 0.255278
0 0.603594 0.343056 0.102813 0.266111
0 0.670078 0.314861 0.132969 0.241944
0 0.733594 0.288056 0.111875 0.215000
0 0.547656 0.768889 0.157187 0.424444
0 0.553750 0.211528 0.130000 0.104722
0 0.687500 0.187361 0.164688 0.088611
0 0.433594 0.239583 0.128438 0.155833
0 0.361016 0.211528 0.067969 0.078056
0 0.420000 0.245000 0.101250 0.161111
0 0.318750 0.464167 0.131562 0.196111
0 0.200078 0.844306 0.145156 0.188056
0 0.122109 0.754167 0.058906 0.099444
0 0.345859 0.282778 0.077031 0.112778
0 0.114688 0.673472 0.083125 0.136944
0 0.164453 0.598333 0.104219 0.131667
0 0.295234 0.610417 0.132969 0.220278
0 0.218125 0.689861 0.081563 0.255278
0 0.345938 0.485694 0.195000 0.206944
0 0.300469 0.319028 0.055937 0.169167
0 0.277891 0.229028 0.089219 0.091389
0 0.254453 0.341806 0.051406 0.171944
0 0.226484 0.259722 0.077031 0.083333
0 0.217344 0.327083 0.025625 0.078056
0 0.139609 0.535417 0.024219 0.059167
0 0.233984 0.335000 0.040781 0.115556
0 0.309688 0.216667 0.037812 0.045556