0 0.556719 0.185417 0.163437 0.094722
0 0.560781 0.234028 0.163750 0.119722
0 0.594141 0.325556 0.171094 0.217222
0 0.673281 0.246389 0.083750 0.222222
0 0.735938 0.296111 0.095312 0.272778
0 0.766875 0.252778 0.065000 0.227222
0 0.065703 0.625972 0.057969 0.157500
0 0.102656 0.530278 0.045312 0.135000
0 0.139688 0.787083 0.087813 0.164167
0 0.303047 0.912361 0.192344 0.162500
0 0.497266 0.951528 0.068281 0.094167
0 0.305938 0.522083 0.164688 0.197500
0 0.255234 0.653750 0.122656 0.206944
0 0.369062 0.271667 0.125312 0.168333
0 0.136406 0.652222 0.112500 0.145556
0 0.164687 0.571250 0.054062 0.085278
0 0.484687 0.338194 0.105625 0.220278
0 0.420078 0.379028 0.074531 0.233056
0 0.403906 0.299167 0.108125 0.170556
0 0.558438 0.509167 0.146250 0.368889
0 0.265547 0.365000 0.064531 0.177222
0 0.441172 0.590833 0.128906 0.351667
0 0.670234 0.721528 0.226719 0.294167
0 0.678281 0.886667 0.152500 0.226667
0 0.227891 0.374722 0.051094 0.104444
0 0.326641 0.218750 0.097969 0.103611
0 0.423672 0.198611 0.126094 0.107222
0 0.300156 0.415000 0.138437 0.232778
0 0.223828 0.252500 0.122031 0.151667
0 0.280547 0.221250 0.056094 0.126944
0 0.234141 0.372222 0.047656 0.071111
0 0.240234 0.250278 0.111094 0.156667
0 0.120625 0.537639 0.037187 0.115278