0 0.694375 0.827500 0.171250 0.345000
0 0.754766 0.492361 0.153594 0.345833
0 0.336875 0.731944 0.195000 0.148333
0 0.290000 0.888194 0.221563 0.178611
0 0.537891 0.350139 0.143594 0.289167
0 0.617031 0.365833 0.162500 0.296111
0 0.360469 0.847361 0.265625 0.285833
0 0.493281 0.958056 0.131875 0.083889
0 0.577422 0.210278 0.139219 0.136111
0 0.735234 0.285278 0.162344 0.138333
0 0.719609 0.211806 0.161094 0.121944
0 0.453047 0.233889 0.148906 0.187222
0 0.350703 0.210139 0.090469 0.139167
0 0.390859 0.164306 0.096719 0.072500
0 0.265937 0.584861 0.150313 0.230833
0 0.184766 0.746528 0.158906 0.200278
0 0.086172 0.496944 0.077656 0.196111
0 0.295937 0.250139 0.060000 0.184167
0 0.265234 0.181944 0.072969 0.083889
0 0.271875 0.258750 0.048438 0.149167
0 0.308047 0.395417 0.164531 0.326389
0 0.239063 0.230556 0.060000 0.094444
0 0.161641 0.580417 0.095156 0.205278
0 0.101250 0.667917 0.075313 0.163056
0 0.278984 0.783750 0.145781 0.121389
0 0.410000 0.652639 0.210312 0.281944
0 0.238203 0.277917 0.038594 0.116944
0 0.249453 0.377222 0.061719 0.119444
0 0.138047 0.522083 0.090156 0.155278
0 0.213828 0.267083 0.018594 0.047500
0 0.117109 0.460139 0.047031 0.105278
0 0.118047 0.424028 0.030781 0.047500