0 0.566016 0.189722 0.160469 0.105556
0 0.569141 0.238889 0.161406 0.130556
0 0.591094 0.331667 0.177187 0.228889
0 0.678750 0.258889 0.088438 0.227778
0 0.740312 0.314167 0.101250 0.281667
0 0.772188 0.271389 0.070000 0.231111
0 0.298672 0.898889 0.189219 0.175000
0 0.386484 0.245833 0.095469 0.159444
0 0.090000 0.471528 0.055625 0.130278
0 0.413516 0.303056 0.123281 0.198333
0 0.558984 0.513194 0.155781 0.378611
0 0.071172 0.593472 0.058281 0.160833
0 0.145547 0.565139 0.105156 0.077500
0 0.667578 0.882222 0.140781 0.235556
0 0.110781 0.718889 0.040938 0.106667
0 0.437266 0.595000 0.127969 0.386667
0 0.355000 0.481806 0.214062 0.265833
0 0.371641 0.617083 0.150156 0.353056
0 0.470313 0.360556 0.105000 0.254444
0 0.295078 0.379306 0.126094 0.281389
0 0.323047 0.177917 0.082031 0.130278
0 0.573906 0.829583 0.212500 0.340833
0 0.248359 0.350694 0.075469 0.118611
0 0.252656 0.640694 0.128750 0.223611
0 0.431641 0.183889 0.129531 0.107778
0 0.294063 0.294444 0.045937 0.071111
0 0.185000 0.721250 0.143437 0.244722
0 0.751172 0.526806 0.116094 0.399167
0 0.215156 0.244306 0.045625 0.109722
0 0.259453 0.207222 0.077656 0.091111
0 0.288906 0.235556 0.099375 0.137778
0 0.120234 0.527778 0.056719 0.113889
0 0.150938 0.636806 0.128750 0.132500