0 0.553438 0.190139 0.154062 0.086944
0 0.557969 0.237500 0.154062 0.111111
0 0.582344 0.325833 0.166250 0.206111
0 0.665625 0.245694 0.079375 0.214167
0 0.712109 0.266111 0.068594 0.211667
0 0.757109 0.248472 0.061094 0.219722
0 0.113906 0.574028 0.041250 0.170833
0 0.316094 0.900694 0.180000 0.168056
0 0.408438 0.316111 0.114375 0.181667
0 0.084219 0.637778 0.051875 0.141111
0 0.160547 0.563056 0.085469 0.116667
0 0.149063 0.765278 0.105313 0.119444
0 0.351875 0.518333 0.154062 0.255000
0 0.391641 0.639028 0.111406 0.355278
0 0.478516 0.366528 0.120469 0.238611
0 0.386328 0.286528 0.122031 0.154722
0 0.316797 0.454722 0.135781 0.143889
0 0.340547 0.297222 0.109844 0.160000
0 0.311484 0.400417 0.137344 0.176389
0 0.484766 0.605000 0.160156 0.341667
0 0.422109 0.198333 0.123594 0.092222
0 0.712812 0.474861 0.140313 0.287500
0 0.254297 0.639167 0.087031 0.236111
0 0.241406 0.384306 0.051875 0.133056
0 0.213125 0.279583 0.041250 0.103056
0 0.309922 0.643056 0.094531 0.249444
0 0.348828 0.829028 0.212031 0.219722
0 0.255938 0.240417 0.080937 0.084167
0 0.324609 0.225417 0.087031 0.086944