0 0.554453 0.182361 0.164219 0.089722
0 0.559141 0.231667 0.164219 0.115000
0 0.593906 0.322778 0.170625 0.213333
0 0.672969 0.240139 0.082187 0.221944
0 0.736875 0.287917 0.093125 0.272500
0 0.767656 0.242917 0.063125 0.227500
0 0.063281 0.645833 0.056875 0.157222
0 0.099609 0.547639 0.044219 0.134722
0 0.139844 0.805833 0.086875 0.162778
0 0.306484 0.924028 0.192656 0.151944
0 0.503203 0.956250 0.067969 0.087500
0 0.304922 0.506944 0.164219 0.250000
0 0.255156 0.666944 0.121562 0.205000
0 0.365703 0.276667 0.124844 0.165556
0 0.143828 0.661250 0.094844 0.126389
0 0.159531 0.584028 0.053750 0.084167
0 0.483359 0.339722 0.104219 0.218889
0 0.418672 0.383194 0.072656 0.233056
0 0.401172 0.303472 0.107344 0.168611
0 0.560000 0.509722 0.143750 0.367778
0 0.286719 0.346806 0.090000 0.131944
0 0.442266 0.596667 0.126406 0.351111
0 0.675312 0.720139 0.225937 0.289167
0 0.685469 0.887500 0.151562 0.225000
0 0.224297 0.386111 0.050469 0.103889
0 0.322266 0.224722 0.097969 0.101111
0 0.420234 0.200833 0.126406 0.103889
0 0.297734 0.424028 0.137344 0.230278
0 0.218750 0.262500 0.121562 0.148889
0 0.279687 0.227639 0.060000 0.118056
0 0.230703 0.383472 0.047344 0.070278
0 0.235469 0.259722 0.110625 0.154444
0 0.117734 0.543333 0.036406 0.115000