0 0.559844 0.185972 0.159062 0.095833
0 0.563906 0.234583 0.159375 0.120833
0 0.587500 0.334306 0.173437 0.235278
0 0.673828 0.247917 0.084219 0.223056
0 0.720938 0.287361 0.073750 0.253056
0 0.767500 0.254722 0.065625 0.227778
0 0.194922 0.690972 0.099219 0.290278
0 0.312969 0.455694 0.163125 0.284722
0 0.238828 0.291389 0.054219 0.080000
0 0.405156 0.630694 0.090938 0.367500
0 0.487109 0.360556 0.129844 0.244444
0 0.390625 0.272917 0.139688 0.161389
0 0.710313 0.828056 0.150000 0.343889
0 0.344844 0.244583 0.121875 0.119167
0 0.409453 0.316944 0.153906 0.181667
0 0.473516 0.605833 0.095469 0.356667
0 0.425234 0.193889 0.127656 0.088889
0 0.753750 0.516528 0.091250 0.392500
0 0.243125 0.371944 0.069375 0.163889
0 0.293594 0.335417 0.075938 0.186389
0 0.210078 0.274861 0.043281 0.082500
0 0.258203 0.634028 0.149219 0.295278
0 0.512031 0.758889 0.199375 0.413889
0 0.242031 0.221944 0.052812 0.091111
0 0.316406 0.212639 0.149688 0.209167
0 0.150469 0.570833 0.076563 0.114444
0 0.153594 0.743333 0.067500 0.247222
0 0.070703 0.625694 0.109531 0.132500
0 0.134531 0.652083 0.084062 0.100833
0 0.108359 0.728889 0.049844 0.105000