0 0.553594 0.197083 0.150625 0.084722
0 0.558125 0.243472 0.150625 0.108611
0 0.582031 0.329861 0.162500 0.201389
0 0.663281 0.251667 0.077500 0.209444
0 0.722188 0.297917 0.090938 0.259722
0 0.752812 0.254306 0.059688 0.214722
0 0.125625 0.542083 0.040313 0.159167
0 0.321719 0.899861 0.175937 0.148611
0 0.412031 0.320556 0.111875 0.177778
0 0.557344 0.506111 0.137187 0.347222
0 0.095078 0.634722 0.050781 0.137778
0 0.171797 0.572500 0.076094 0.103333
0 0.158516 0.759444 0.102969 0.116667
0 0.444062 0.596250 0.110312 0.358056
0 0.376250 0.512639 0.111875 0.228056
0 0.382188 0.624306 0.132812 0.323611
0 0.467969 0.369444 0.092500 0.233333
0 0.387344 0.291389 0.125312 0.151111
0 0.315000 0.430694 0.138750 0.217500
0 0.345547 0.295417 0.107344 0.169722
0 0.578203 0.853472 0.238594 0.204167
0 0.425391 0.205139 0.120781 0.090278
0 0.246406 0.690278 0.100000 0.243889
0 0.265078 0.397222 0.068594 0.172222
0 0.309766 0.532639 0.140156 0.193611
0 0.221094 0.284861 0.040313 0.100833
0 0.405938 0.777778 0.228125 0.175000
0 0.262031 0.248889 0.077500 0.082222
0 0.313594 0.238333 0.085000 0.172222