0 0.554063 0.186389 0.155625 0.087778
0 0.558594 0.234167 0.155625 0.112222
0 0.583359 0.331528 0.167969 0.224722
0 0.667266 0.242639 0.080156 0.216389
0 0.714375 0.279444 0.069375 0.246667
0 0.759687 0.245417 0.061562 0.221944
0 0.114062 0.645278 0.089375 0.085000
0 0.173437 0.697222 0.090938 0.271111
0 0.305156 0.474028 0.138750 0.251944
0 0.237422 0.309722 0.055469 0.082222
0 0.407656 0.624583 0.084687 0.328611
0 0.481641 0.367083 0.127969 0.224722
0 0.385234 0.287639 0.141719 0.180833
0 0.711172 0.817917 0.143281 0.342500
0 0.339062 0.258889 0.110937 0.128889
0 0.407734 0.321806 0.149531 0.172500
0 0.474688 0.604167 0.089375 0.347778
0 0.421484 0.200000 0.124844 0.082222
0 0.749688 0.504306 0.084687 0.383611
0 0.279766 0.362917 0.078594 0.178056
0 0.210469 0.289167 0.041563 0.079444
0 0.260469 0.648056 0.114062 0.282222
0 0.517031 0.750833 0.195625 0.400000
0 0.321328 0.222083 0.100156 0.104167
0 0.244375 0.264306 0.072500 0.139722
0 0.121797 0.516528 0.052344 0.057500
0 0.147266 0.579583 0.078594 0.068611
0 0.142656 0.689028 0.115625 0.254722
0 0.230469 0.413750 0.047813 0.148056