0 0.498437 0.836111 0.153125 0.305556
0 0.287500 0.290278 0.159375 0.202778
0 0.235937 0.188889 0.121875 0.105556
0 0.647656 0.697222 0.170313 0.100000
0 0.544531 0.316667 0.114062 0.111111
0 0.631250 0.368056 0.071875 0.080556
0 0.561719 0.429167 0.051562 0.058333
0 0.696094 0.436111 0.070312 0.138889
0 0.695312 0.493056 0.084375 0.125000
0 0.442188 0.688889 0.181250 0.227778
0 0.239063 0.594444 0.268750 0.277778
0 0.378906 0.280556 0.182812 0.138889
0 0.271094 0.397222 0.173437 0.211111
0 0.289844 0.922222 0.179688 0.150000
0 0.571094 0.933333 0.104688 0.127778
0 0.713281 0.590278 0.045312 0.163889
0 0.489063 0.479167 0.093750 0.263889
0 0.203125 0.800000 0.165625 0.394444
0 0.472656 0.366667 0.048438 0.100000
0 0.197656 0.291667 0.095312 0.283333
0 0.236719 0.280556 0.085938 0.166667
0 0.395313 0.411111 0.118750 0.205556
0 0.153906 0.326389 0.060937 0.191667
0 0.550781 0.495833 0.057813 0.113889
0 0.415625 0.243056 0.103125 0.102778
0 0.776563 0.619444 0.090625 0.150000
0 0.750000 0.691667 0.075000 0.105556
0 0.802344 0.763889 0.076563 0.094444
0 0.546094 0.369444 0.129688 0.122222