0 0.546016 0.178472 0.160156 0.103611
0 0.552031 0.226806 0.160938 0.128611
0 0.580000 0.322778 0.176875 0.243333
0 0.662422 0.224722 0.087656 0.226667
0 0.711016 0.257500 0.077656 0.256111
0 0.756094 0.218611 0.069062 0.230556
0 0.122656 0.678611 0.071250 0.147778
0 0.324922 0.916806 0.189219 0.166389
0 0.401562 0.321528 0.122500 0.196944
0 0.079766 0.681250 0.057344 0.149167
0 0.160859 0.591528 0.085469 0.099167
0 0.150000 0.805556 0.111250 0.132222
0 0.372109 0.485694 0.115781 0.179722
0 0.394219 0.653194 0.124687 0.374167
0 0.474922 0.366111 0.130469 0.255556
0 0.378047 0.292917 0.129531 0.169722
0 0.299609 0.470139 0.142969 0.254167
0 0.331562 0.308472 0.117188 0.174167
0 0.300234 0.410139 0.137031 0.211944
0 0.488359 0.609722 0.174219 0.365000
0 0.412109 0.199444 0.129219 0.106111
0 0.748203 0.482222 0.123906 0.398889
0 0.255078 0.368472 0.055781 0.096389
0 0.271328 0.675972 0.129844 0.230833
0 0.200781 0.302778 0.045312 0.109444
0 0.225625 0.426944 0.054688 0.162778
0 0.354297 0.861389 0.219531 0.263889
0 0.318828 0.614444 0.122031 0.232778
0 0.243281 0.258611 0.085312 0.093889
0 0.311484 0.236667 0.104531 0.115000