0 0.444531 0.183333 0.157812 0.088889
0 0.439844 0.231944 0.157812 0.113889
0 0.414844 0.330556 0.170313 0.227778
0 0.329688 0.240278 0.081250 0.219444
0 0.282031 0.277778 0.070312 0.250000
0 0.235937 0.243056 0.062500 0.225000
0 0.883594 0.768056 0.048438 0.108333
0 0.752344 0.881944 0.189062 0.219444
0 0.766406 0.319444 0.060937 0.111111
0 0.564063 0.634722 0.115625 0.363889
0 0.507812 0.361111 0.140625 0.216667
0 0.609375 0.266667 0.118750 0.144444
0 0.285156 0.823611 0.145313 0.347222
0 0.641406 0.236111 0.067187 0.116667
0 0.585938 0.309722 0.134375 0.175000
0 0.689063 0.505556 0.159375 0.244444
0 0.246094 0.505556 0.085938 0.388889
0 0.723437 0.290278 0.062500 0.086111
0 0.610156 0.784722 0.176563 0.386111
0 0.781250 0.270833 0.065625 0.108333
0 0.564063 0.190278 0.128125 0.091667
0 0.790625 0.690278 0.125000 0.275000
0 0.480469 0.752778 0.198437 0.411111
0 0.884375 0.506944 0.065625 0.125000
0 0.684375 0.219444 0.078125 0.094444
0 0.687500 0.418056 0.137500 0.219444
0 0.702344 0.344444 0.089063 0.216667
0 0.771094 0.412500 0.045312 0.158333
0 0.834375 0.743056 0.068750 0.236111
0 0.915625 0.665278 0.093750 0.163889
0 0.852344 0.669444 0.132812 0.183333