0 0.551328 0.206250 0.146406 0.082500
0 0.555703 0.251111 0.146406 0.105556
0 0.578828 0.342917 0.157969 0.211389
0 0.657813 0.259028 0.075313 0.203611
0 0.701953 0.293750 0.065156 0.231944
0 0.744766 0.261528 0.057969 0.208611
0 0.143203 0.636389 0.037656 0.041111
0 0.193203 0.686667 0.085469 0.255000
0 0.317109 0.476944 0.130469 0.237222
0 0.257031 0.317083 0.039062 0.066944
0 0.413594 0.618472 0.079687 0.309167
0 0.483125 0.376250 0.120313 0.211389
0 0.392656 0.301389 0.133438 0.170000
0 0.699141 0.800278 0.134844 0.322222
0 0.413594 0.333611 0.140625 0.162222
0 0.476562 0.599167 0.084062 0.327222
0 0.426641 0.219167 0.117344 0.077222
0 0.735313 0.505139 0.079687 0.360833
0 0.299766 0.359722 0.089844 0.172778
0 0.349844 0.253889 0.108750 0.080000
0 0.275234 0.640556 0.107344 0.265556
0 0.516406 0.737083 0.184062 0.376389
0 0.332422 0.239861 0.094219 0.098056
0 0.248984 0.265417 0.089844 0.139167
0 0.146797 0.511528 0.033281 0.059167
0 0.177187 0.569583 0.079687 0.087500
0 0.164219 0.679028 0.108750 0.239722
0 0.246875 0.420139 0.045000 0.139167