0 0.549375 0.180278 0.159375 0.098333
0 0.554922 0.228611 0.159844 0.123333
0 0.581953 0.325556 0.174531 0.237778
0 0.665312 0.230139 0.085312 0.224167
0 0.713594 0.264861 0.075000 0.254167
0 0.758984 0.227361 0.066719 0.228611
0 0.120859 0.665833 0.069844 0.145556
0 0.403359 0.314028 0.120469 0.184722
0 0.077891 0.667083 0.055781 0.147500
0 0.159844 0.577500 0.084687 0.102222
0 0.146719 0.793750 0.110000 0.128611
0 0.382109 0.468194 0.121719 0.162500
0 0.331328 0.913333 0.203281 0.173333
0 0.392656 0.649722 0.120938 0.370556
0 0.476328 0.365278 0.127969 0.251667
0 0.375703 0.294861 0.137031 0.155278
0 0.305312 0.456111 0.144063 0.197222
0 0.340000 0.310833 0.115937 0.192778
0 0.487187 0.609306 0.170625 0.359722
0 0.415469 0.202083 0.128125 0.090833
0 0.748359 0.490556 0.119844 0.395556
0 0.246328 0.394306 0.065781 0.178611
0 0.273359 0.666389 0.144844 0.230556
0 0.202891 0.292639 0.044219 0.108056
0 0.355078 0.856250 0.204531 0.256389
0 0.346641 0.570278 0.154219 0.231111
0 0.314219 0.230556 0.103438 0.111667
0 0.243359 0.243194 0.061719 0.125833
0 0.211016 0.353333 0.038594 0.063333