0 0.700469 0.795556 0.153438 0.355000
0 0.749688 0.415417 0.108750 0.357500
0 0.417500 0.753333 0.215937 0.286111
0 0.351250 0.829861 0.199687 0.222500
0 0.323594 0.916111 0.210000 0.113889
0 0.523125 0.349444 0.126562 0.251667
0 0.602969 0.343889 0.101250 0.262222
0 0.672891 0.321389 0.142969 0.248889
0 0.722812 0.318889 0.114688 0.238333
0 0.556719 0.216944 0.128125 0.113889
0 0.702031 0.220833 0.159375 0.127222
0 0.690078 0.179722 0.150469 0.076667
0 0.434609 0.248611 0.137031 0.135000
0 0.372734 0.202500 0.099844 0.047778
0 0.348203 0.252639 0.098281 0.105833
0 0.287891 0.594306 0.138594 0.164167
0 0.213281 0.828611 0.126562 0.172222
0 0.109844 0.571667 0.062500 0.172222
0 0.352734 0.431250 0.157969 0.209167
0 0.298984 0.301528 0.047656 0.129722
0 0.279687 0.292500 0.044688 0.127222
0 0.257266 0.239306 0.059531 0.095278
0 0.217109 0.329444 0.014844 0.058333
0 0.253672 0.299028 0.061094 0.098056
0 0.296875 0.227361 0.064062 0.060833
0 0.260391 0.387500 0.068594 0.111111
0 0.298984 0.427361 0.113281 0.233056
0 0.144063 0.750417 0.077500 0.143056
0 0.178281 0.578472 0.095312 0.132500
0 0.131406 0.575556 0.037187 0.100556
0 0.246172 0.449861 0.028281 0.071389