0 0.557578 0.157083 0.161094 0.079722
0 0.566016 0.216111 0.164531 0.121111
0 0.603437 0.311944 0.172812 0.224444
0 0.681484 0.225000 0.086406 0.233333
0 0.748672 0.275139 0.097969 0.286389
0 0.781016 0.227917 0.066406 0.239167
0 0.040234 0.651528 0.059844 0.165278
0 0.078437 0.548333 0.046562 0.141667
0 0.122344 0.645694 0.111250 0.171389
0 0.120703 0.820139 0.091406 0.171389
0 0.296016 0.932222 0.202656 0.135556
0 0.502891 0.966111 0.071406 0.067778
0 0.286875 0.536528 0.157812 0.248056
0 0.293594 0.295833 0.104688 0.197778
0 0.244531 0.673889 0.119687 0.215556
0 0.358281 0.263194 0.131250 0.174167
0 0.482031 0.329583 0.109688 0.230278
0 0.413984 0.375556 0.076406 0.245000
0 0.395703 0.276667 0.112969 0.147778
0 0.521094 0.508333 0.184375 0.262778
0 0.430547 0.602778 0.129531 0.310000
0 0.694766 0.893750 0.159531 0.212500
0 0.716328 0.750694 0.196094 0.451944
0 0.185469 0.298611 0.084687 0.085556
0 0.231250 0.223333 0.079687 0.076667
0 0.276953 0.239722 0.097969 0.073889
0 0.316016 0.183611 0.096406 0.056111
0 0.417344 0.179028 0.109688 0.100278
0 0.291797 0.415556 0.144531 0.212778
0 0.230469 0.381250 0.078125 0.109167
0 0.100000 0.548472 0.036562 0.059167