0 0.555469 0.183333 0.157812 0.088889
0 0.560156 0.231944 0.157812 0.113889
0 0.577344 0.315278 0.182812 0.197222
0 0.670312 0.240278 0.081250 0.219444
0 0.733594 0.263889 0.092188 0.222222
0 0.764062 0.243056 0.062500 0.225000
0 0.312500 0.919444 0.184375 0.155556
0 0.373437 0.284722 0.125000 0.147222
0 0.107813 0.523611 0.040625 0.075000
0 0.407031 0.312500 0.117188 0.186111
0 0.553125 0.506944 0.131250 0.363889
0 0.064844 0.640278 0.035937 0.147222
0 0.138281 0.627778 0.110937 0.150000
0 0.680469 0.875000 0.132812 0.244444
0 0.085938 0.619444 0.065625 0.127778
0 0.440625 0.601389 0.115625 0.375000
0 0.364844 0.498611 0.170313 0.236111
0 0.356250 0.634722 0.140625 0.352778
0 0.453906 0.363889 0.104688 0.244444
0 0.421875 0.195833 0.125000 0.091667
0 0.255469 0.391667 0.067187 0.166667
0 0.314844 0.268056 0.120313 0.202778
0 0.726562 0.466667 0.131250 0.433333
0 0.228906 0.397222 0.042188 0.066667
0 0.285938 0.231944 0.043750 0.063889
0 0.296875 0.476389 0.125000 0.241667
0 0.248438 0.675000 0.131250 0.266667
0 0.217188 0.318056 0.046875 0.086111
0 0.242969 0.220833 0.076563 0.125000
0 0.192969 0.270833 0.051562 0.080556
0 0.125000 0.533333 0.028125 0.083333