0 0.498437 0.836111 0.153125 0.305556
0 0.287500 0.290278 0.159375 0.202778
0 0.805469 0.737500 0.057813 0.141667
0 0.536719 0.526389 0.085938 0.175000
0 0.235937 0.188889 0.121875 0.105556
0 0.642969 0.697222 0.160938 0.100000
0 0.631250 0.368056 0.071875 0.080556
0 0.562500 0.400000 0.068750 0.066667
0 0.696094 0.436111 0.070312 0.138889
0 0.686719 0.491667 0.067187 0.122222
0 0.439063 0.708333 0.184375 0.283333
0 0.243750 0.645833 0.278125 0.380556
0 0.378906 0.280556 0.182812 0.138889
0 0.265625 0.402778 0.162500 0.222222
0 0.267969 0.901389 0.132812 0.191667
0 0.571094 0.933333 0.104688 0.127778
0 0.734375 0.591667 0.065625 0.138889
0 0.442188 0.523611 0.131250 0.252778
0 0.189844 0.800000 0.139063 0.394444
0 0.496094 0.394444 0.082812 0.188889
0 0.197656 0.294444 0.076563 0.322222
0 0.248438 0.312500 0.075000 0.169444
0 0.406250 0.383333 0.106250 0.138889
0 0.148438 0.320833 0.062500 0.269444
0 0.414062 0.248611 0.109375 0.113889
0 0.390625 0.500000 0.131250 0.255556
0 0.770312 0.629167 0.037500 0.080556
0 0.750000 0.691667 0.075000 0.105556
0 0.538281 0.311111 0.104688 0.083333
0 0.310937 0.455556 0.118750 0.227778