0 0.444531 0.183333 0.157812 0.088889
0 0.439844 0.231944 0.157812 0.113889
0 0.414844 0.322222 0.170313 0.211111
0 0.329688 0.240278 0.081250 0.219444
0 0.282031 0.277778 0.070312 0.250000
0 0.235937 0.243056 0.062500 0.225000
0 0.882031 0.643056 0.067187 0.141667
0 0.687500 0.911111 0.184375 0.172222
0 0.592969 0.312500 0.117188 0.186111
0 0.925000 0.641667 0.053125 0.144444
0 0.841406 0.559722 0.082812 0.091667
0 0.858594 0.772222 0.107813 0.122222
0 0.650781 0.505556 0.157812 0.233333
0 0.610156 0.643056 0.114062 0.363889
0 0.521094 0.363889 0.123438 0.244444
0 0.615625 0.281944 0.125000 0.158333
0 0.699219 0.456944 0.135937 0.230556
0 0.662500 0.293056 0.112500 0.163889
0 0.692187 0.398611 0.140625 0.180556
0 0.514844 0.608333 0.164062 0.350000
0 0.578906 0.191667 0.126562 0.094444
0 0.251563 0.505556 0.112500 0.388889
0 0.730469 0.348611 0.057813 0.102778
0 0.731250 0.662500 0.096875 0.230556
0 0.792969 0.275000 0.042188 0.105556
0 0.771875 0.401389 0.050000 0.158333
0 0.656250 0.847222 0.212500 0.244444
0 0.689063 0.638889 0.115625 0.222222
0 0.749219 0.234722 0.082812 0.086111
0 0.680469 0.219444 0.101562 0.105556