0 0.553672 0.195833 0.152031 0.085556
0 0.558203 0.242917 0.152031 0.109722
0 0.574766 0.323056 0.176094 0.190000
0 0.664297 0.250972 0.078281 0.211389
0 0.725156 0.277639 0.088750 0.221944
0 0.754453 0.253611 0.060156 0.216667
0 0.319688 0.904861 0.177500 0.149722
0 0.378281 0.293611 0.120313 0.141667
0 0.113516 0.555694 0.054219 0.136389
0 0.410625 0.320417 0.112813 0.179167
0 0.551328 0.507639 0.126406 0.350278
0 0.081172 0.635833 0.034531 0.141667
0 0.156406 0.633194 0.103750 0.120278
0 0.673906 0.861806 0.127812 0.235278
0 0.106719 0.713611 0.064687 0.147222
0 0.443047 0.598611 0.111406 0.361111
0 0.366328 0.543611 0.117344 0.288889
0 0.370781 0.630694 0.120313 0.339722
0 0.455859 0.369861 0.100781 0.235278
0 0.425000 0.208056 0.120313 0.088333
0 0.299375 0.405833 0.112813 0.259444
0 0.321953 0.277639 0.115781 0.195278
0 0.728984 0.476806 0.102344 0.422500
0 0.237734 0.397917 0.037656 0.077500
0 0.294063 0.242639 0.042188 0.061389
0 0.283516 0.597222 0.150469 0.171111
0 0.198594 0.745694 0.112813 0.221944
0 0.224922 0.323194 0.054219 0.083056
0 0.255000 0.221389 0.063125 0.098889
0 0.224141 0.265556 0.067656 0.101667
0 0.139844 0.543611 0.022500 0.112222