0 0.289844 0.811111 0.160938 0.372222
0 0.238281 0.412500 0.114062 0.375000
0 0.599219 0.763889 0.226562 0.250000
0 0.656250 0.847222 0.209375 0.233333
0 0.685156 0.937500 0.220312 0.119444
0 0.475781 0.343056 0.132812 0.263889
0 0.392188 0.337500 0.106250 0.275000
0 0.327344 0.316667 0.132812 0.238889
0 0.273438 0.286111 0.137500 0.216667
0 0.490625 0.662500 0.100000 0.386111
0 0.440625 0.200000 0.131250 0.105556
0 0.305469 0.176389 0.170313 0.091667
0 0.571875 0.247222 0.146875 0.177778
0 0.631250 0.209722 0.134375 0.102778
0 0.720313 0.481944 0.118750 0.180556
0 0.806250 0.859722 0.153125 0.197222
0 0.893750 0.752778 0.059375 0.105556
0 0.660937 0.283333 0.075000 0.100000
0 0.846094 0.652778 0.110937 0.211111
0 0.725781 0.630556 0.167187 0.205556
0 0.799219 0.688889 0.073438 0.300000
0 0.620313 0.475000 0.125000 0.238889
0 0.703906 0.315278 0.051562 0.175000
0 0.733594 0.304167 0.054688 0.175000
0 0.754687 0.223611 0.062500 0.108333
0 0.797656 0.319444 0.014063 0.061111
0 0.765625 0.283333 0.059375 0.105556
0 0.885156 0.523611 0.010937 0.036111
0 0.713281 0.219444 0.054688 0.055556
0 0.777344 0.379167 0.042188 0.108333
0 0.872656 0.529167 0.026562 0.075000