0 0.551484 0.205833 0.146094 0.082222
0 0.555859 0.250694 0.146094 0.105278
0 0.571797 0.327917 0.169219 0.182500
0 0.657734 0.258472 0.075156 0.203056
0 0.716250 0.302222 0.085312 0.249444
0 0.744531 0.261111 0.057813 0.208333
0 0.183516 0.658194 0.098281 0.210833
0 0.322266 0.886944 0.176406 0.143889
0 0.382969 0.299444 0.115625 0.136111
0 0.137266 0.539861 0.037656 0.108056
0 0.414062 0.325278 0.108438 0.172222
0 0.549297 0.505278 0.121406 0.336667
0 0.097578 0.628611 0.033281 0.136111
0 0.247109 0.396111 0.040469 0.159444
0 0.131484 0.597778 0.037656 0.090000
0 0.667109 0.845833 0.122969 0.226111
0 0.114062 0.647778 0.046250 0.185000
0 0.445234 0.592639 0.107031 0.346944
0 0.322266 0.512778 0.176406 0.213333
0 0.371484 0.633750 0.121406 0.305833
0 0.182891 0.561667 0.033281 0.048889
0 0.457500 0.372778 0.096875 0.226111
0 0.428594 0.210972 0.111250 0.071944
0 0.335313 0.280278 0.104062 0.180000
0 0.679531 0.506528 0.237188 0.236389
0 0.229844 0.273750 0.069375 0.161944
0 0.307109 0.258472 0.047656 0.064167
0 0.325313 0.394583 0.101250 0.161944
0 0.231328 0.678611 0.107031 0.287778
0 0.260781 0.264861 0.065000 0.149167
0 0.153828 0.528333 0.024531 0.069444