0 0.486641 0.835139 0.163594 0.321944
0 0.295312 0.266944 0.166250 0.220000
0 0.247344 0.160000 0.125312 0.118889
0 0.637813 0.719861 0.177812 0.110833
0 0.563672 0.338750 0.106719 0.119722
0 0.635547 0.382778 0.074531 0.088333
0 0.698906 0.474722 0.079375 0.180000
0 0.695234 0.514861 0.088594 0.134167
0 0.435703 0.682083 0.188906 0.247500
0 0.232578 0.603889 0.265156 0.338889
0 0.386797 0.267500 0.187344 0.158889
0 0.284375 0.399583 0.157500 0.235833
0 0.288750 0.941111 0.248750 0.093889
0 0.555703 0.935417 0.108906 0.129167
0 0.578047 0.416806 0.088281 0.125833
0 0.490625 0.479444 0.136875 0.225000
0 0.217422 0.721667 0.264531 0.410556
0 0.485938 0.388472 0.069375 0.159722
0 0.205547 0.258333 0.105156 0.293333
0 0.246484 0.253333 0.082031 0.166667
0 0.396094 0.384167 0.118438 0.187222
0 0.160625 0.288194 0.067500 0.198056
0 0.539453 0.535000 0.066719 0.128889
0 0.421875 0.229722 0.110312 0.133889
0 0.777109 0.656250 0.085156 0.169722
0 0.795312 0.801528 0.076250 0.094167
0 0.519609 0.321389 0.112656 0.156111
0 0.737187 0.676806 0.084687 0.241389