0 0.524141 0.165278 0.156406 0.117222
0 0.532969 0.219028 0.170625 0.158611
0 0.579531 0.297083 0.179375 0.254722
0 0.644688 0.195139 0.100000 0.239722
0 0.711406 0.223611 0.115312 0.292222
0 0.737578 0.171111 0.082031 0.240000
0 0.085547 0.763056 0.069531 0.169444
0 0.112266 0.656806 0.055156 0.144167
0 0.174687 0.897917 0.099375 0.183611
0 0.348125 0.932361 0.202188 0.135278
0 0.542891 0.944861 0.074531 0.109722
0 0.309609 0.564722 0.181719 0.279444
0 0.290547 0.364722 0.113906 0.211667
0 0.274766 0.729722 0.137031 0.234444
0 0.347969 0.317361 0.136563 0.196944
0 0.182812 0.701250 0.063438 0.135833
0 0.468438 0.345833 0.121250 0.243333
0 0.410000 0.416111 0.093437 0.267222
0 0.383828 0.319444 0.117344 0.167222
0 0.544922 0.471528 0.155781 0.325278
0 0.450391 0.597500 0.134219 0.351111
0 0.681406 0.665833 0.229375 0.341111
0 0.714922 0.826250 0.168594 0.267500
0 0.222266 0.466250 0.052031 0.092500
0 0.225469 0.301944 0.082812 0.117222
0 0.271094 0.325278 0.098750 0.111111
0 0.301953 0.254444 0.094219 0.077778
0 0.400234 0.222083 0.119531 0.125278
0 0.303594 0.489167 0.168125 0.246111
0 0.297109 0.410833 0.174219 0.165000
0 0.190391 0.403472 0.035781 0.063611
0 0.127891 0.663611 0.049531 0.131667