0 0.557578 0.174861 0.162344 0.091389
0 0.562422 0.224722 0.162344 0.117222
0 0.588125 0.317778 0.175313 0.217222
0 0.675859 0.233472 0.083594 0.225833
0 0.741016 0.283472 0.094844 0.280278
0 0.772344 0.236389 0.064375 0.231667
0 0.096094 0.557917 0.043438 0.148611
0 0.307500 0.926111 0.189688 0.147778
0 0.404844 0.307778 0.120625 0.191667
0 0.561641 0.507778 0.147969 0.374444
0 0.063125 0.646528 0.054688 0.148611
0 0.146016 0.579306 0.082031 0.111389
0 0.131406 0.780972 0.110937 0.125833
0 0.439531 0.605139 0.119063 0.385833
0 0.348594 0.514861 0.155938 0.245833
0 0.372656 0.635000 0.143125 0.348889
0 0.465156 0.360556 0.099687 0.251667
0 0.378359 0.276250 0.135156 0.163056
0 0.293125 0.426389 0.141562 0.234444
0 0.333359 0.280694 0.115781 0.183056
0 0.691016 0.790972 0.162344 0.380278
0 0.419375 0.183333 0.130312 0.097222
0 0.222266 0.702222 0.115781 0.317222
0 0.246484 0.390694 0.073906 0.185833
0 0.279375 0.608056 0.130312 0.214444
0 0.759453 0.489306 0.106094 0.377500
0 0.199063 0.269028 0.043438 0.108611
0 0.226406 0.234861 0.030625 0.068611
0 0.284297 0.213194 0.117344 0.151389