0 0.289844 0.811111 0.160938 0.372222
0 0.238281 0.412500 0.114062 0.375000
0 0.599219 0.763889 0.226562 0.250000
0 0.663281 0.845833 0.217188 0.236111
0 0.685156 0.937500 0.220312 0.119444
0 0.475781 0.343056 0.132812 0.263889
0 0.392188 0.337500 0.106250 0.275000
0 0.329688 0.316667 0.131250 0.244444
0 0.256250 0.279167 0.118750 0.225000
0 0.484375 0.959722 0.093750 0.075000
0 0.443750 0.201389 0.134375 0.108333
0 0.305469 0.176389 0.170313 0.091667
0 0.567187 0.229167 0.143750 0.175000
0 0.635156 0.191667 0.126562 0.138889
0 0.693750 0.405556 0.125000 0.244444
0 0.809375 0.855556 0.150000 0.194444
0 0.888281 0.763889 0.060937 0.111111
0 0.658594 0.275000 0.079687 0.116667
0 0.920312 0.612500 0.056250 0.169444
0 0.849219 0.637500 0.126562 0.191667
0 0.710938 0.613889 0.137500 0.227778
0 0.792969 0.693056 0.079687 0.263889
0 0.660156 0.506944 0.179688 0.197222
0 0.713281 0.302778 0.035937 0.150000
0 0.741406 0.288889 0.048438 0.177778
0 0.760938 0.368056 0.040625 0.097222
0 0.760156 0.212500 0.089063 0.119444
0 0.794531 0.316667 0.020313 0.072222
0 0.871875 0.536111 0.025000 0.061111
0 0.774219 0.329167 0.042188 0.119444
0 0.710938 0.219444 0.050000 0.055556