0 0.717187 0.811111 0.146875 0.372222
0 0.761719 0.437500 0.114062 0.319444
0 0.421094 0.744444 0.210938 0.338889
0 0.348438 0.797222 0.200000 0.172222
0 0.317969 0.930556 0.214062 0.133333
0 0.524219 0.343056 0.132812 0.263889
0 0.607812 0.341667 0.106250 0.266667
0 0.707031 0.318056 0.176563 0.163889
0 0.557813 0.204167 0.137500 0.119444
0 0.714844 0.222222 0.151562 0.100000
0 0.701562 0.168056 0.162500 0.091667
0 0.435937 0.227778 0.137500 0.183333
0 0.338281 0.244444 0.073438 0.122222
0 0.364063 0.187500 0.100000 0.086111
0 0.266406 0.651389 0.135937 0.169444
0 0.161719 0.818056 0.129688 0.175000
0 0.093750 0.581944 0.065625 0.180556
0 0.532031 0.543056 0.139063 0.352778
0 0.261719 0.363889 0.020313 0.061111
0 0.237500 0.243056 0.056250 0.102778
0 0.204687 0.327778 0.025000 0.061111
0 0.250781 0.318056 0.039062 0.147222
0 0.296875 0.451389 0.128125 0.286111
0 0.171094 0.661111 0.098437 0.222222
0 0.287500 0.259722 0.053125 0.191667
0 0.332813 0.876389 0.212500 0.175000
0 0.224219 0.337500 0.032813 0.125000
0 0.242188 0.434722 0.046875 0.091667