0 0.575313 0.196389 0.162500 0.120000
0 0.576875 0.245833 0.164062 0.145000
0 0.595469 0.348889 0.183750 0.260556
0 0.685781 0.276389 0.094688 0.234444
0 0.730703 0.323194 0.085781 0.262500
0 0.778672 0.298056 0.076406 0.236111
0 0.186641 0.642083 0.112969 0.303611
0 0.316016 0.426250 0.176094 0.308056
0 0.250312 0.250972 0.057813 0.088056
0 0.398984 0.615000 0.108594 0.378889
0 0.494063 0.358889 0.140937 0.262778
0 0.402344 0.256389 0.146562 0.182222
0 0.692813 0.838889 0.166563 0.322222
0 0.358281 0.220972 0.126875 0.137500
0 0.418984 0.303333 0.161719 0.204444
0 0.468281 0.601389 0.112500 0.368889
0 0.440859 0.183333 0.131094 0.108333
0 0.751953 0.556528 0.110156 0.403611
0 0.247266 0.346667 0.071094 0.153333
0 0.299141 0.333333 0.082656 0.212778
0 0.222422 0.229861 0.047031 0.088611
0 0.252500 0.595139 0.162812 0.316389
0 0.499062 0.759861 0.218438 0.441944
0 0.338672 0.184861 0.107656 0.125278
0 0.260937 0.181667 0.103438 0.132778
0 0.268047 0.243194 0.098594 0.150833
0 0.146172 0.499444 0.087656 0.123889
0 0.139844 0.682639 0.085938 0.265278
0 0.069922 0.560972 0.095156 0.144722
0 0.096484 0.661389 0.067031 0.090000