0 0.733437 0.817222 0.157500 0.365556
0 0.770391 0.433333 0.144219 0.342778
0 0.415781 0.753472 0.226250 0.381389
0 0.337891 0.819028 0.214531 0.184722
0 0.305156 0.945417 0.229687 0.109167
0 0.529766 0.331806 0.135781 0.283056
0 0.607734 0.330556 0.130781 0.286111
0 0.618594 0.410833 0.165938 0.310000
0 0.561719 0.173889 0.142500 0.116111
0 0.736016 0.220139 0.172656 0.119167
0 0.715859 0.136667 0.172656 0.083333
0 0.430000 0.229167 0.147500 0.172778
0 0.324453 0.206806 0.090469 0.158056
0 0.257344 0.644861 0.147500 0.217500
0 0.161953 0.735694 0.107344 0.321944
0 0.064609 0.588194 0.070469 0.193611
0 0.255781 0.288611 0.036875 0.155000
0 0.227188 0.211250 0.073750 0.071389
0 0.232266 0.303611 0.043594 0.155000
0 0.192812 0.282778 0.055313 0.113333
0 0.279297 0.445278 0.144219 0.301111
0 0.136719 0.650833 0.073750 0.163889
0 0.092344 0.787917 0.068750 0.175833
0 0.290078 0.261806 0.052031 0.160833
0 0.321172 0.905694 0.227969 0.184722
0 0.203672 0.325972 0.040156 0.128056
0 0.224766 0.436250 0.052031 0.104167
0 0.138359 0.552500 0.067031 0.074444
0 0.098125 0.543472 0.026875 0.086389