0 0.555469 0.183333 0.157812 0.088889
0 0.560156 0.231944 0.157812 0.113889
0 0.577344 0.315278 0.182812 0.197222
0 0.670312 0.240278 0.081250 0.219444
0 0.733594 0.268056 0.092188 0.230556
0 0.764062 0.243056 0.062500 0.225000
0 0.161719 0.658333 0.095312 0.183333
0 0.307812 0.919444 0.190625 0.155556
0 0.373437 0.284722 0.125000 0.147222
0 0.107813 0.544444 0.040625 0.116667
0 0.407031 0.312500 0.117188 0.186111
0 0.553125 0.506944 0.131250 0.363889
0 0.064844 0.640278 0.035937 0.147222
0 0.226562 0.388889 0.043750 0.172222
0 0.117969 0.748611 0.095312 0.191667
0 0.680469 0.875000 0.132812 0.244444
0 0.081250 0.631944 0.043750 0.147222
0 0.440625 0.601389 0.115625 0.375000
0 0.305469 0.502778 0.164062 0.255556
0 0.360938 0.645833 0.131250 0.330556
0 0.453906 0.363889 0.104688 0.244444
0 0.422656 0.188889 0.120313 0.077778
0 0.321875 0.261111 0.109375 0.205556
0 0.706250 0.501389 0.206250 0.252778
0 0.207813 0.256944 0.075000 0.175000
0 0.291406 0.240278 0.051562 0.069444
0 0.308594 0.401389 0.120313 0.169444
0 0.209375 0.694444 0.115625 0.311111
0 0.271094 0.261111 0.082812 0.166667
0 0.207813 0.288889 0.043750 0.072222
0 0.123438 0.547222 0.028125 0.105556