0 0.701406 0.823194 0.164375 0.353611
0 0.753750 0.476111 0.149375 0.338889
0 0.409922 0.723194 0.227344 0.386389
0 0.340078 0.773889 0.196719 0.200556
0 0.297812 0.901111 0.219687 0.165556
0 0.534922 0.347778 0.138906 0.282222
0 0.611953 0.358333 0.152969 0.287222
0 0.615547 0.446667 0.172656 0.309444
0 0.571562 0.205833 0.137500 0.128333
0 0.731328 0.273472 0.165781 0.135278
0 0.713906 0.198194 0.160000 0.112500
0 0.448516 0.235556 0.144531 0.176111
0 0.354219 0.222361 0.074687 0.107500
0 0.392266 0.182222 0.088906 0.079444
0 0.267813 0.599583 0.146875 0.223056
0 0.172187 0.696250 0.160938 0.258056
0 0.084141 0.538056 0.058906 0.132778
0 0.306953 0.260000 0.026406 0.067222
0 0.253750 0.191806 0.059688 0.053056
0 0.256328 0.268750 0.028906 0.116944
0 0.225781 0.253056 0.062813 0.116667
0 0.310000 0.406806 0.163437 0.310833
0 0.161094 0.598611 0.096250 0.201667
0 0.105547 0.694583 0.075156 0.179167
0 0.291719 0.251806 0.087188 0.235833
0 0.315156 0.850972 0.220000 0.204167
0 0.232344 0.295694 0.043125 0.124722
0 0.244766 0.394028 0.050781 0.090278
0 0.143750 0.505278 0.082500 0.108889
0 0.108516 0.440000 0.045469 0.078333