0 0.555469 0.183333 0.157812 0.088889
0 0.560156 0.231944 0.157812 0.113889
0 0.585156 0.330556 0.170313 0.227778
0 0.670312 0.240278 0.081250 0.219444
0 0.717969 0.277778 0.070312 0.250000
0 0.764062 0.243056 0.062500 0.225000
0 0.116406 0.768056 0.048438 0.108333
0 0.247656 0.881944 0.189062 0.219444
0 0.233594 0.319444 0.060937 0.111111
0 0.429688 0.634722 0.131250 0.363889
0 0.485938 0.368056 0.153125 0.202778
0 0.390625 0.266667 0.118750 0.144444
0 0.714844 0.823611 0.145313 0.347222
0 0.358594 0.236111 0.067187 0.116667
0 0.414062 0.309722 0.134375 0.175000
0 0.297656 0.541667 0.132812 0.216667
0 0.753906 0.505556 0.085938 0.388889
0 0.276562 0.290278 0.062500 0.086111
0 0.462500 0.858333 0.271875 0.277778
0 0.218750 0.270833 0.065625 0.108333
0 0.435937 0.190278 0.128125 0.091667
0 0.210938 0.694444 0.125000 0.277778
0 0.519531 0.752778 0.198437 0.411111
0 0.115625 0.506944 0.065625 0.125000
0 0.315625 0.219444 0.078125 0.094444
0 0.312500 0.418056 0.137500 0.219444
0 0.299219 0.341667 0.095312 0.227778
0 0.228906 0.412500 0.045312 0.158333
0 0.155469 0.747222 0.064062 0.233333
0 0.084375 0.665278 0.093750 0.163889
0 0.147656 0.669444 0.132812 0.183333