0 0.717187 0.811111 0.146875 0.372222
0 0.748437 0.437500 0.140625 0.319444
0 0.527344 0.343056 0.126562 0.263889
0 0.603906 0.341667 0.139063 0.266667
0 0.391406 0.888889 0.257812 0.177778
0 0.532031 0.952778 0.123438 0.088889
0 0.302344 0.486111 0.142187 0.255556
0 0.720313 0.231944 0.153125 0.136111
0 0.689063 0.179167 0.175000 0.113889
0 0.434375 0.248611 0.137500 0.163889
0 0.317969 0.252778 0.095312 0.116667
0 0.368750 0.193056 0.093750 0.058333
0 0.273438 0.634722 0.137500 0.202778
0 0.205469 0.806944 0.145313 0.175000
0 0.089063 0.597222 0.062500 0.161111
0 0.285938 0.284722 0.046875 0.158333
0 0.245312 0.234722 0.068750 0.069444
0 0.253906 0.311111 0.035937 0.144444
0 0.221094 0.288889 0.060937 0.088889
0 0.301563 0.419444 0.143750 0.233333
0 0.172656 0.665278 0.098437 0.208333
0 0.117969 0.761111 0.070312 0.161111
0 0.325781 0.834722 0.182812 0.113889
0 0.316406 0.927778 0.210938 0.138889
0 0.355469 0.766667 0.185938 0.127778
0 0.225000 0.343056 0.031250 0.119444
0 0.421094 0.688889 0.204687 0.250000
0 0.242188 0.430556 0.050000 0.088889
0 0.142187 0.600000 0.081250 0.138889
0 0.198437 0.333333 0.021875 0.061111
0 0.119531 0.575000 0.045312 0.122222
0 0.107813 0.505556 0.028125 0.038889