0 0.444531 0.183333 0.157812 0.088889
0 0.439844 0.231944 0.157812 0.113889
0 0.414844 0.330556 0.170313 0.227778
0 0.329688 0.240278 0.081250 0.219444
0 0.282031 0.277778 0.070312 0.250000
0 0.235937 0.243056 0.062500 0.225000
0 0.883594 0.640278 0.101562 0.091667
0 0.830469 0.701389 0.092188 0.275000
0 0.687500 0.480556 0.159375 0.244444
0 0.777344 0.290278 0.070312 0.147222
0 0.592969 0.627778 0.085938 0.333333
0 0.517969 0.366667 0.129688 0.227778
0 0.615625 0.286111 0.143750 0.183333
0 0.285156 0.823611 0.145313 0.347222
0 0.662500 0.256944 0.112500 0.130556
0 0.592969 0.320833 0.151562 0.175000
0 0.525000 0.606944 0.090625 0.352778
0 0.578906 0.197222 0.126562 0.083333
0 0.246094 0.505556 0.085938 0.388889
0 0.728906 0.372222 0.085938 0.233333
0 0.792969 0.287500 0.042188 0.080556
0 0.742188 0.651389 0.115625 0.286111
0 0.480469 0.751389 0.189062 0.358333
0 0.680469 0.219444 0.101562 0.105556
0 0.878906 0.545833 0.060937 0.091667
0 0.828125 0.576389 0.059375 0.080556
0 0.857031 0.706944 0.114062 0.202778
0 0.778906 0.405556 0.045312 0.116667