0 0.552578 0.203194 0.148594 0.083611
0 0.556953 0.248889 0.148594 0.107222
0 0.580469 0.341667 0.160312 0.214444
0 0.660781 0.256667 0.076563 0.206667
0 0.705625 0.292083 0.066250 0.235278
0 0.748984 0.259306 0.058906 0.211944
0 0.215781 0.693611 0.089688 0.269444
0 0.323906 0.467083 0.150000 0.261389
0 0.251719 0.315556 0.050000 0.073333
0 0.412812 0.627917 0.080937 0.342500
0 0.486484 0.370556 0.119219 0.225000
0 0.391563 0.299861 0.135313 0.172500
0 0.702578 0.805972 0.136719 0.326944
0 0.351016 0.267222 0.113281 0.107222
0 0.412891 0.332639 0.142656 0.164722
0 0.476875 0.601944 0.085312 0.332222
0 0.426172 0.216111 0.119219 0.078333
0 0.739375 0.506389 0.080937 0.366111
0 0.257734 0.384722 0.047031 0.122778
0 0.302500 0.370556 0.066250 0.167222
0 0.224531 0.301250 0.039688 0.075833
0 0.268750 0.650278 0.110312 0.303333
0 0.515078 0.744444 0.182344 0.381667
0 0.330469 0.237222 0.095625 0.099444
0 0.257656 0.248889 0.091250 0.107222
0 0.136953 0.522083 0.026406 0.057500
0 0.177578 0.575694 0.077969 0.101944
0 0.140703 0.749722 0.092656 0.141111
0 0.098047 0.642500 0.077969 0.115000
0 0.170156 0.648889 0.039688 0.070556