0 0.580234 0.194306 0.156094 0.114167
0 0.579453 0.250278 0.170156 0.155556
0 0.606016 0.348611 0.184531 0.253333
0 0.690078 0.288056 0.098594 0.238333
0 0.748672 0.351528 0.113594 0.290833
0 0.782656 0.315556 0.080625 0.238889
0 0.060078 0.525972 0.068594 0.168611
0 0.103750 0.439167 0.054375 0.143333
0 0.121875 0.702361 0.098437 0.181944
0 0.275000 0.864028 0.201563 0.204167
0 0.464687 0.946389 0.074063 0.107222
0 0.308047 0.453056 0.181406 0.287222
0 0.323750 0.257778 0.112813 0.210000
0 0.246094 0.596667 0.135937 0.232222
0 0.386641 0.243750 0.135781 0.194722
0 0.043828 0.559444 0.085156 0.132778
0 0.173672 0.501528 0.055156 0.098056
0 0.496406 0.335972 0.120000 0.241389
0 0.428594 0.371389 0.091875 0.266111
0 0.420234 0.265139 0.116719 0.165278
0 0.547734 0.497361 0.154219 0.323056
0 0.435937 0.565833 0.132187 0.349444
0 0.648828 0.897500 0.167344 0.205000
0 0.652734 0.758472 0.244844 0.341944
0 0.233437 0.325000 0.050625 0.099444
0 0.311953 0.209722 0.098281 0.109444
0 0.353437 0.158889 0.094063 0.076111
0 0.452656 0.181250 0.119063 0.123056
0 0.307969 0.370000 0.153438 0.261111
0 0.260391 0.165000 0.099219 0.120556
0 0.270703 0.306944 0.073281 0.170000
0 0.221641 0.240417 0.035469 0.063056
0 0.123125 0.452778 0.050313 0.131667