0 0.558828 0.167500 0.165781 0.093333
0 0.563672 0.218750 0.165781 0.119722
0 0.590000 0.313750 0.179062 0.221944
0 0.679453 0.227500 0.085469 0.230556
0 0.745937 0.278611 0.096875 0.286111
0 0.777969 0.230417 0.065625 0.236389
0 0.081719 0.559028 0.032813 0.151944
0 0.303437 0.929722 0.193750 0.140556
0 0.363359 0.255417 0.113281 0.175278
0 0.402813 0.303333 0.123125 0.195556
0 0.562891 0.507917 0.151094 0.382500
0 0.053828 0.655278 0.055781 0.140000
0 0.129453 0.586528 0.105156 0.096389
0 0.123672 0.798333 0.113281 0.169444
0 0.438125 0.607083 0.121562 0.394167
0 0.341250 0.516389 0.193750 0.253889
0 0.369922 0.637778 0.146094 0.356111
0 0.464375 0.357361 0.101875 0.256944
0 0.288672 0.424722 0.144531 0.239444
0 0.323984 0.275694 0.106719 0.186944
0 0.463516 0.985278 0.054219 0.029444
0 0.218047 0.380694 0.049219 0.099167
0 0.688516 0.837778 0.241406 0.324444
0 0.417578 0.176528 0.132969 0.099167
0 0.209922 0.712222 0.105156 0.265556
0 0.239297 0.363472 0.068906 0.175278
0 0.259844 0.646528 0.110000 0.256944
0 0.764844 0.500417 0.108438 0.408611
0 0.192656 0.264028 0.044375 0.110833
0 0.214688 0.229028 0.032813 0.064167
0 0.255703 0.233472 0.068906 0.154722
0 0.102344 0.545833 0.044375 0.090556