0 0.726328 0.815556 0.152969 0.368889
0 0.766172 0.435972 0.131719 0.332500
0 0.528672 0.337639 0.131719 0.274722
0 0.608281 0.330556 0.144687 0.266111
0 0.355469 0.904306 0.230938 0.164722
0 0.518906 0.973194 0.128438 0.053611
0 0.234219 0.658611 0.125312 0.211111
0 0.729531 0.223611 0.159375 0.138889
0 0.697031 0.171389 0.191875 0.115556
0 0.431875 0.239444 0.143125 0.170556
0 0.317266 0.239306 0.089531 0.118611
0 0.365937 0.184306 0.095937 0.066389
0 0.315547 0.519861 0.131719 0.193611
0 0.171641 0.862500 0.113906 0.213889
0 0.070000 0.603750 0.063438 0.159167
0 0.277344 0.276806 0.048750 0.164722
0 0.235000 0.225000 0.071563 0.072222
0 0.249766 0.301389 0.042344 0.144444
0 0.209844 0.281250 0.063438 0.092500
0 0.294375 0.418750 0.135000 0.286389
0 0.135000 0.613750 0.095937 0.133056
0 0.102500 0.772778 0.073125 0.167778
0 0.549766 0.748333 0.203281 0.338333
0 0.315625 0.947083 0.206562 0.105833
0 0.338359 0.794583 0.226094 0.193611
0 0.403438 0.657361 0.245625 0.202500
0 0.216250 0.337639 0.040625 0.135833
0 0.229453 0.425972 0.050469 0.104167
0 0.188750 0.333333 0.024375 0.057778
0 0.103359 0.567639 0.042344 0.104167
0 0.095937 0.506944 0.030937 0.040556
0 0.122734 0.596389 0.068281 0.098333