0 0.444531 0.183333 0.157812 0.088889
0 0.439844 0.231944 0.157812 0.113889
0 0.414844 0.322222 0.170313 0.211111
0 0.329688 0.240278 0.081250 0.219444
0 0.266406 0.288889 0.092188 0.272222
0 0.235937 0.243056 0.062500 0.225000
0 0.687500 0.919444 0.184375 0.155556
0 0.621875 0.258333 0.090625 0.150000
0 0.910156 0.515278 0.051562 0.125000
0 0.592969 0.312500 0.117188 0.186111
0 0.440625 0.506944 0.143750 0.363889
0 0.925000 0.638889 0.053125 0.155556
0 0.846875 0.598611 0.100000 0.080556
0 0.319531 0.875000 0.132812 0.244444
0 0.887500 0.759722 0.050000 0.102778
0 0.559375 0.601389 0.115625 0.375000
0 0.645312 0.523611 0.184375 0.258333
0 0.624219 0.630556 0.139063 0.338889
0 0.534375 0.363889 0.096875 0.244444
0 0.708594 0.401389 0.117188 0.269444
0 0.687500 0.197222 0.078125 0.122222
0 0.376563 0.759722 0.268750 0.363889
0 0.756250 0.377778 0.071875 0.111111
0 0.739844 0.677778 0.129688 0.255556
0 0.578906 0.191667 0.126562 0.094444
0 0.713281 0.316667 0.032813 0.050000
0 0.807031 0.754167 0.135937 0.230556
0 0.248438 0.500000 0.103125 0.388889
0 0.792969 0.275000 0.042188 0.105556
0 0.750000 0.233333 0.075000 0.083333
0 0.719531 0.262500 0.089063 0.141667
0 0.872656 0.551389 0.045312 0.097222
0 0.842969 0.673611 0.126562 0.130556