0 0.553203 0.194167 0.152656 0.086111
0 0.557734 0.241250 0.152656 0.110278
0 0.581953 0.328611 0.164844 0.204444
0 0.664297 0.249306 0.078594 0.212500
0 0.725547 0.296111 0.089219 0.263333
0 0.755078 0.251944 0.060469 0.217778
0 0.106328 0.488611 0.051406 0.121111
0 0.318125 0.906389 0.178437 0.150556
0 0.381484 0.266806 0.087656 0.145278
0 0.409531 0.319167 0.113437 0.180000
0 0.556875 0.507222 0.139063 0.352222
0 0.088203 0.635000 0.051406 0.150556
0 0.154766 0.598750 0.105781 0.072500
0 0.152500 0.786944 0.104375 0.131667
0 0.442031 0.598750 0.111875 0.363056
0 0.344453 0.515278 0.182969 0.233889
0 0.379297 0.627083 0.134531 0.328056
0 0.466250 0.368889 0.093750 0.236667
0 0.304531 0.418611 0.133125 0.266111
0 0.338438 0.261250 0.092188 0.193611
0 0.552344 0.845972 0.130000 0.271389
0 0.239375 0.390417 0.045312 0.091389
0 0.682500 0.856667 0.133125 0.250000
0 0.423125 0.202083 0.122500 0.091389
0 0.241719 0.647083 0.092188 0.223056
0 0.271875 0.317639 0.046875 0.139722
0 0.313516 0.687361 0.108906 0.255278
0 0.743047 0.500694 0.099844 0.376389
0 0.216016 0.282778 0.040781 0.102222
0 0.257578 0.242500 0.072656 0.080556
0 0.249297 0.312222 0.040781 0.112778
0 0.137344 0.544861 0.046875 0.104722
0 0.149453 0.684583 0.125469 0.158611