0 0.555469 0.183333 0.157812 0.088889
0 0.560156 0.231944 0.157812 0.113889
0 0.585156 0.322222 0.170313 0.211111
0 0.670312 0.240278 0.081250 0.219444
0 0.733594 0.288889 0.092188 0.272222
0 0.764062 0.243056 0.062500 0.225000
0 0.312500 0.919444 0.184375 0.155556
0 0.378125 0.258333 0.090625 0.150000
0 0.089063 0.518056 0.056250 0.130556
0 0.407031 0.312500 0.117188 0.186111
0 0.559375 0.506944 0.143750 0.363889
0 0.075000 0.638889 0.053125 0.155556
0 0.152344 0.593056 0.089063 0.091667
0 0.112500 0.759722 0.050000 0.102778
0 0.440625 0.601389 0.115625 0.375000
0 0.352344 0.518056 0.176563 0.225000
0 0.375781 0.630556 0.139063 0.338889
0 0.465625 0.363889 0.096875 0.244444
0 0.298438 0.409722 0.137500 0.286111
0 0.311719 0.188889 0.114062 0.122222
0 0.641406 0.726389 0.273438 0.297222
0 0.243750 0.377778 0.071875 0.111111
0 0.701562 0.886111 0.121875 0.222222
0 0.421094 0.191667 0.126562 0.094444
0 0.264844 0.669444 0.123438 0.238889
0 0.289062 0.298611 0.040625 0.063889
0 0.192969 0.754167 0.135937 0.230556
0 0.751563 0.500000 0.103125 0.388889
0 0.207031 0.275000 0.042188 0.105556
0 0.250000 0.233333 0.075000 0.083333
0 0.280469 0.261111 0.082812 0.138889
0 0.123438 0.562500 0.050000 0.136111
0 0.153125 0.662500 0.121875 0.141667