0 0.682969 0.828333 0.189375 0.343333
0 0.748281 0.475556 0.178750 0.409444
0 0.380469 0.735972 0.244375 0.305278
0 0.320781 0.818750 0.254688 0.264722
0 0.281484 0.885833 0.227656 0.174444
0 0.536641 0.350833 0.152656 0.295000
0 0.597500 0.379306 0.112813 0.287500
0 0.667344 0.335556 0.108750 0.313333
0 0.763750 0.344861 0.130000 0.256944
0 0.716484 0.245556 0.170156 0.229444
0 0.579766 0.218750 0.141719 0.141389
0 0.781719 0.228750 0.045937 0.063056
0 0.455625 0.212083 0.152812 0.203611
0 0.391719 0.171944 0.108125 0.119444
0 0.307969 0.405556 0.148438 0.242778
0 0.339531 0.453194 0.180000 0.240278
0 0.161172 0.753889 0.149531 0.218889
0 0.095938 0.654028 0.081875 0.150278
0 0.361172 0.236806 0.088281 0.135833
0 0.230938 0.691667 0.168437 0.301667
0 0.146250 0.539444 0.128125 0.197222
0 0.282187 0.556250 0.148125 0.183611
0 0.193203 0.603333 0.083281 0.242222
0 0.316484 0.310833 0.136094 0.258333
0 0.305000 0.227917 0.044062 0.113611
0 0.297734 0.162917 0.092969 0.118056
0 0.261328 0.270278 0.068594 0.173889
0 0.242969 0.176944 0.052187 0.102222
0 0.225547 0.235694 0.027656 0.060833
0 0.130391 0.444028 0.039844 0.080278
0 0.236641 0.263889 0.048281 0.109444