0 0.683750 0.827917 0.188437 0.344167
0 0.748125 0.473611 0.177812 0.408333
0 0.381016 0.736806 0.243906 0.303611
0 0.321719 0.820139 0.254375 0.263056
0 0.282344 0.887500 0.227500 0.172778
0 0.536250 0.350694 0.152188 0.294167
0 0.597187 0.378472 0.112187 0.286944
0 0.664844 0.360139 0.106563 0.293611
0 0.774219 0.334306 0.097500 0.215833
0 0.721328 0.385556 0.118906 0.372222
0 0.579063 0.218333 0.141562 0.140556
0 0.719531 0.226528 0.169375 0.128611
0 0.454844 0.212361 0.152500 0.202500
0 0.391016 0.172639 0.107969 0.118611
0 0.398438 0.377917 0.147812 0.201389
0 0.316719 0.433194 0.154062 0.203056
0 0.161797 0.756528 0.149219 0.218056
0 0.096250 0.657083 0.081563 0.149722
0 0.360547 0.237917 0.087969 0.135278
0 0.162812 0.662778 0.121562 0.176111
0 0.141484 0.533889 0.110469 0.189444
0 0.282500 0.566389 0.155938 0.265556
0 0.214141 0.563194 0.103281 0.193056
0 0.301719 0.322778 0.140313 0.258889
0 0.306875 0.219028 0.047500 0.081944
0 0.254297 0.176389 0.059844 0.103889
0 0.301094 0.171250 0.083437 0.077500
0 0.260859 0.271944 0.068281 0.173333
0 0.228359 0.172778 0.060781 0.136667
0 0.224062 0.247361 0.025938 0.079167
0 0.130156 0.446944 0.038750 0.068889
0 0.236094 0.265694 0.048125 0.109167