0 0.717656 0.794167 0.170000 0.384444
0 0.759297 0.392083 0.123281 0.383611
0 0.420000 0.773194 0.233750 0.317500
0 0.352500 0.859306 0.215000 0.249722
0 0.325937 0.941667 0.223125 0.116667
0 0.520234 0.341250 0.139219 0.274167
0 0.603672 0.329028 0.112969 0.283056
0 0.677109 0.292639 0.153906 0.236389
0 0.731953 0.298333 0.136094 0.271111
0 0.551875 0.199722 0.137187 0.130000
0 0.705156 0.193333 0.175000 0.143889
0 0.696094 0.145278 0.158125 0.095556
0 0.425469 0.241806 0.148750 0.155833
0 0.336875 0.258611 0.100937 0.110556
0 0.364219 0.197778 0.101562 0.071667
0 0.299453 0.581111 0.185469 0.255556
0 0.188437 0.862500 0.154688 0.203333
0 0.081406 0.645694 0.043125 0.105833
0 0.278516 0.334028 0.073281 0.188611
0 0.258906 0.334028 0.019062 0.076389
0 0.237500 0.259167 0.068125 0.110556
0 0.199766 0.347222 0.022031 0.071111
0 0.246094 0.322639 0.045625 0.141944
0 0.282813 0.225139 0.062187 0.054722
0 0.290781 0.423333 0.123438 0.267222
0 0.156562 0.682639 0.132500 0.254167
0 0.123438 0.795139 0.063438 0.107500
0 0.090469 0.541944 0.055313 0.156667
0 0.109531 0.618333 0.068437 0.185556
0 0.215156 0.366667 0.034063 0.113333
0 0.234453 0.452778 0.046094 0.100556