0 0.730156 0.762500 0.185625 0.405000
0 0.753594 0.355278 0.139375 0.397222
0 0.432578 0.783889 0.245781 0.347778
0 0.369219 0.870139 0.224062 0.259722
0 0.346719 0.945694 0.226875 0.108611
0 0.513047 0.338889 0.150156 0.291111
0 0.595625 0.314861 0.124687 0.296389
0 0.666797 0.275278 0.167031 0.292222
0 0.720859 0.259167 0.138594 0.277778
0 0.538203 0.193194 0.141719 0.148056
0 0.692422 0.157639 0.175156 0.169167
0 0.677344 0.121944 0.161250 0.101111
0 0.414922 0.252917 0.155781 0.175833
0 0.345469 0.218056 0.107813 0.078333
0 0.323828 0.278750 0.110156 0.133056
0 0.295625 0.639306 0.167187 0.208056
0 0.227188 0.910000 0.160625 0.180000
0 0.089297 0.671111 0.104844 0.210556
0 0.160703 0.690278 0.129531 0.191667
0 0.306094 0.474583 0.176563 0.253611
0 0.272344 0.351806 0.072500 0.162500
0 0.250000 0.326111 0.062813 0.111667
0 0.228281 0.286250 0.069062 0.113056
0 0.192109 0.387778 0.021094 0.061667
0 0.220156 0.361944 0.054062 0.096111
0 0.264766 0.268194 0.069219 0.072500
0 0.208984 0.435972 0.018281 0.041944
0 0.237812 0.454722 0.059688 0.176111
0 0.148125 0.837083 0.089375 0.163611
0 0.123516 0.621528 0.030469 0.063611
0 0.121016 0.596806 0.014531 0.033056