0 0.701016 0.823472 0.164531 0.353056
0 0.753672 0.476806 0.149531 0.339167
0 0.409844 0.722917 0.227500 0.386944
0 0.334453 0.772639 0.207656 0.202500
0 0.297578 0.900833 0.219844 0.166111
0 0.535000 0.347917 0.139063 0.282500
0 0.612031 0.358472 0.153125 0.287500
0 0.615625 0.446806 0.172812 0.309722
0 0.571797 0.205972 0.137656 0.128611
0 0.731484 0.273889 0.165781 0.135556
0 0.716562 0.193472 0.164062 0.102500
0 0.447969 0.233889 0.140000 0.178333
0 0.350000 0.202083 0.091250 0.159722
0 0.394297 0.176944 0.082344 0.073333
0 0.267656 0.599167 0.146875 0.223333
0 0.158750 0.724306 0.135937 0.281944
0 0.086016 0.531806 0.063281 0.155278
0 0.282422 0.268194 0.041406 0.149167
0 0.259453 0.192083 0.071719 0.076944
0 0.261484 0.280139 0.044531 0.152500
0 0.224375 0.253472 0.056563 0.113056
0 0.303750 0.409444 0.163750 0.313889
0 0.166797 0.594583 0.081719 0.185833
0 0.107813 0.708056 0.071875 0.173333
0 0.315937 0.255139 0.060937 0.171389
0 0.314922 0.850278 0.220156 0.204444
0 0.232422 0.295139 0.043281 0.124722
0 0.244922 0.393472 0.050781 0.090278
0 0.147422 0.492500 0.069219 0.087778
0 0.109844 0.475694 0.038437 0.121389