0 0.444531 0.183333 0.157812 0.088889
0 0.439844 0.231944 0.157812 0.113889
0 0.414844 0.330556 0.170313 0.227778
0 0.329688 0.240278 0.081250 0.219444
0 0.282031 0.277778 0.070312 0.250000
0 0.235937 0.243056 0.062500 0.225000
0 0.837500 0.734722 0.068750 0.247222
0 0.879687 0.530556 0.046875 0.077778
0 0.579688 0.308333 0.143750 0.177778
0 0.875781 0.780556 0.051562 0.127778
0 0.696875 0.420833 0.137500 0.219444
0 0.685937 0.884722 0.181250 0.225000
0 0.592969 0.619444 0.085938 0.316667
0 0.521094 0.363889 0.123438 0.244444
0 0.620313 0.287500 0.134375 0.147222
0 0.402344 0.823611 0.320312 0.347222
0 0.653906 0.273611 0.098437 0.125000
0 0.516406 0.597222 0.107813 0.366667
0 0.578906 0.197222 0.126562 0.083333
0 0.253125 0.505556 0.096875 0.388889
0 0.731250 0.388889 0.068750 0.183333
0 0.724219 0.573611 0.160938 0.230556
0 0.792969 0.287500 0.042188 0.080556
0 0.793750 0.748611 0.103125 0.252778
0 0.600781 0.805556 0.176563 0.283333
0 0.680469 0.219444 0.101562 0.105556
0 0.764062 0.272222 0.065625 0.188889
0 0.923438 0.595833 0.053125 0.158333
0 0.783594 0.331944 0.032813 0.063889
0 0.848437 0.605556 0.115625 0.122222