0 0.710156 0.811111 0.160938 0.372222
0 0.761719 0.412500 0.114062 0.375000
0 0.400781 0.763889 0.226562 0.250000
0 0.343750 0.847222 0.209375 0.233333
0 0.314844 0.937500 0.220312 0.119444
0 0.524219 0.343056 0.132812 0.263889
0 0.607812 0.337500 0.106250 0.275000
0 0.655469 0.298611 0.101562 0.269444
0 0.726562 0.305556 0.137500 0.255556
0 0.559375 0.200000 0.131250 0.105556
0 0.427344 0.381944 0.098437 0.252778
0 0.692969 0.176389 0.173437 0.097222
0 0.432812 0.244444 0.146875 0.166667
0 0.367188 0.206944 0.131250 0.108333
0 0.275000 0.519444 0.137500 0.211111
0 0.196094 0.851389 0.151562 0.197222
0 0.340625 0.295833 0.084375 0.119444
0 0.146875 0.651389 0.112500 0.202778
0 0.283594 0.672222 0.173437 0.177778
0 0.182812 0.701389 0.090625 0.258333
0 0.310156 0.408333 0.135937 0.183333
0 0.279687 0.316667 0.056250 0.172222
0 0.264844 0.306944 0.070312 0.186111
0 0.245312 0.227778 0.062500 0.100000
0 0.203906 0.326389 0.017188 0.069444
0 0.236719 0.295833 0.057813 0.113889
0 0.118750 0.516667 0.018750 0.038889
0 0.292187 0.219444 0.081250 0.072222
0 0.221094 0.380556 0.032813 0.077778
0 0.128906 0.562500 0.060937 0.108333