0 0.555469 0.183333 0.157812 0.088889
0 0.560156 0.231944 0.157812 0.113889
0 0.585156 0.322222 0.170313 0.211111
0 0.670312 0.240278 0.081250 0.219444
0 0.733594 0.288889 0.092188 0.272222
0 0.764062 0.243056 0.062500 0.225000
0 0.312500 0.919444 0.184375 0.155556
0 0.373437 0.284722 0.125000 0.147222
0 0.102344 0.559722 0.057813 0.147222
0 0.407031 0.312500 0.117188 0.186111
0 0.553125 0.506944 0.131250 0.363889
0 0.071094 0.638889 0.042188 0.127778
0 0.148438 0.566667 0.081250 0.072222
0 0.680469 0.875000 0.132812 0.244444
0 0.137500 0.794444 0.093750 0.105556
0 0.440625 0.601389 0.115625 0.375000
0 0.346875 0.544444 0.140625 0.300000
0 0.371094 0.630556 0.123438 0.344444
0 0.465625 0.363889 0.096875 0.244444
0 0.421875 0.195833 0.125000 0.091667
0 0.291406 0.401389 0.117188 0.269444
0 0.298438 0.281944 0.093750 0.180556
0 0.546875 0.861111 0.112500 0.272222
0 0.234375 0.387500 0.053125 0.108333
0 0.285156 0.581944 0.135937 0.202778
0 0.135937 0.663889 0.090625 0.188889
0 0.203906 0.259722 0.085938 0.186111
0 0.245312 0.237500 0.034375 0.058333
0 0.310156 0.218056 0.107813 0.119444
0 0.126562 0.526389 0.034375 0.069444