0 0.541406 0.176667 0.161250 0.110556
0 0.548203 0.224306 0.162344 0.135278
0 0.577422 0.319167 0.179844 0.250556
0 0.658438 0.217500 0.090625 0.230000
0 0.707578 0.248333 0.081094 0.258889
0 0.752031 0.207361 0.072188 0.233056
0 0.183359 0.750278 0.131719 0.249444
0 0.150234 0.600139 0.077344 0.068611
0 0.412109 0.320000 0.151094 0.197222
0 0.137734 0.831667 0.057031 0.134444
0 0.307266 0.447361 0.160781 0.239722
0 0.318359 0.718889 0.188906 0.353889
0 0.412969 0.640139 0.100312 0.344167
0 0.472969 0.367361 0.133750 0.260833
0 0.370703 0.304861 0.140469 0.165278
0 0.708594 0.769028 0.153125 0.417500
0 0.336641 0.295556 0.103594 0.138333
0 0.487891 0.599167 0.123594 0.380556
0 0.408047 0.209167 0.129844 0.100556
0 0.753359 0.470417 0.102656 0.399722
0 0.271328 0.416111 0.095469 0.236111
0 0.307734 0.547639 0.156719 0.184167
0 0.198594 0.328611 0.045625 0.086111
0 0.223750 0.775278 0.086875 0.287222
0 0.423438 0.823750 0.226250 0.352500
0 0.307812 0.245278 0.105937 0.119444
0 0.227266 0.320694 0.072656 0.175278
0 0.096016 0.597917 0.080469 0.176389
0 0.206953 0.377778 0.035469 0.068333
0 0.139766 0.718750 0.114531 0.139722