0 0.498437 0.836111 0.153125 0.305556
0 0.287500 0.290278 0.159375 0.202778
0 0.235937 0.188889 0.121875 0.105556
0 0.671094 0.684722 0.057813 0.091667
0 0.711719 0.693056 0.067187 0.102778
0 0.557813 0.331944 0.103125 0.108333
0 0.631250 0.368056 0.071875 0.080556
0 0.572656 0.426389 0.067187 0.125000
0 0.697656 0.452778 0.073438 0.172222
0 0.695312 0.493056 0.084375 0.125000
0 0.442188 0.688889 0.181250 0.227778
0 0.180469 0.679167 0.151562 0.425000
0 0.378906 0.280556 0.182812 0.138889
0 0.294531 0.469444 0.167187 0.233333
0 0.365625 0.962500 0.118750 0.069444
0 0.571094 0.933333 0.104688 0.127778
0 0.475000 0.404167 0.143750 0.191667
0 0.507812 0.494444 0.093750 0.244444
0 0.261719 0.881944 0.323437 0.230556
0 0.197656 0.291667 0.095312 0.283333
0 0.240625 0.294444 0.087500 0.172222
0 0.392188 0.395833 0.112500 0.175000
0 0.156250 0.323611 0.056250 0.191667
0 0.538281 0.540278 0.048438 0.113889
0 0.422656 0.238889 0.095312 0.100000
0 0.775000 0.601389 0.093750 0.147222
0 0.805469 0.768056 0.073438 0.086111
0 0.513281 0.327778 0.110937 0.144444
0 0.747656 0.691667 0.079687 0.166667