0 0.730781 0.819306 0.175937 0.361389
0 0.787031 0.406250 0.124687 0.409722
0 0.406328 0.793333 0.247656 0.327778
0 0.330312 0.876944 0.228750 0.246111
0 0.298828 0.957361 0.240781 0.085278
0 0.527578 0.330556 0.145156 0.288333
0 0.618828 0.324444 0.116094 0.300556
0 0.699141 0.298472 0.163906 0.285278
0 0.759766 0.300000 0.134844 0.276111
0 0.565937 0.178611 0.146875 0.130556
0 0.732422 0.183194 0.182656 0.145833
0 0.718750 0.136250 0.172500 0.088056
0 0.426719 0.210556 0.155313 0.157778
0 0.355000 0.159028 0.114375 0.060833
0 0.326953 0.219583 0.112656 0.121389
0 0.267109 0.588333 0.170781 0.191111
0 0.172422 0.879722 0.145156 0.197222
0 0.053672 0.585278 0.071719 0.197222
0 0.299531 0.491389 0.177500 0.215556
0 0.274922 0.245417 0.052969 0.081944
0 0.245000 0.269583 0.058125 0.154722
0 0.222734 0.204306 0.068281 0.109167
0 0.178359 0.307500 0.023906 0.066667
0 0.208203 0.284861 0.052969 0.094167
0 0.267969 0.190694 0.073438 0.069722
0 0.208281 0.379028 0.070000 0.100278
0 0.277344 0.350278 0.085312 0.188333
0 0.092969 0.790278 0.088750 0.163889
0 0.083594 0.512500 0.015313 0.033333
0 0.132187 0.594444 0.088750 0.142778
0 0.082656 0.559722 0.037500 0.078889
0 0.212500 0.435278 0.044375 0.085000