0 0.433047 0.676389 0.192344 0.243333
0 0.167969 0.721389 0.126875 0.472222
0 0.386641 0.296111 0.164844 0.117778
0 0.237109 0.546667 0.105469 0.330000
0 0.285547 0.875694 0.184531 0.231944
0 0.335313 0.480972 0.088125 0.299167
0 0.432188 0.478889 0.150000 0.225556
0 0.461953 0.368472 0.113594 0.146944
0 0.490469 0.840139 0.160000 0.295278
0 0.803516 0.761250 0.058594 0.109722
0 0.531562 0.341111 0.146562 0.183889
0 0.138906 0.407083 0.081875 0.299167
0 0.517422 0.471250 0.129531 0.205833
0 0.226562 0.285278 0.117500 0.258333
0 0.284375 0.293611 0.148438 0.217222
0 0.163984 0.304722 0.076406 0.187778
0 0.242891 0.191389 0.116406 0.119444
0 0.787891 0.666250 0.063594 0.143056
0 0.670469 0.685972 0.066250 0.093056
0 0.748672 0.582083 0.062031 0.143056
0 0.388750 0.229444 0.142813 0.089444
0 0.742578 0.658472 0.066406 0.112500
0 0.629766 0.386250 0.087031 0.146389
0 0.632891 0.375278 0.077031 0.068333
0 0.576172 0.433750 0.061719 0.115278
0 0.696562 0.440556 0.071250 0.140556
0 0.700703 0.514444 0.096406 0.160556
0 0.405000 0.347778 0.070938 0.090556
0 0.584141 0.970000 0.050469 0.059444
0 0.715000 0.691250 0.055625 0.140278