0 0.572344 0.194444 0.161875 0.115556
0 0.574453 0.243472 0.163281 0.140278
0 0.594375 0.337639 0.180938 0.239167
0 0.683594 0.270556 0.092812 0.232222
0 0.728906 0.315972 0.083437 0.260833
0 0.776719 0.289306 0.074375 0.234722
0 0.119063 0.562917 0.086250 0.140833
0 0.291094 0.877361 0.192812 0.203056
0 0.417578 0.297361 0.126719 0.205278
0 0.069219 0.568333 0.060625 0.152778
0 0.151172 0.505833 0.093594 0.133889
0 0.128359 0.709722 0.113906 0.140000
0 0.349688 0.479861 0.169687 0.259167
0 0.382734 0.623611 0.133281 0.381667
0 0.486328 0.360833 0.136094 0.264444
0 0.396641 0.263056 0.132969 0.178889
0 0.303438 0.434167 0.146562 0.230556
0 0.349453 0.266111 0.120781 0.182222
0 0.314219 0.366250 0.149688 0.203611
0 0.479375 0.605417 0.182188 0.376389
0 0.438203 0.179444 0.131094 0.115556
0 0.748594 0.533056 0.140000 0.393889
0 0.274688 0.299583 0.049375 0.085278
0 0.251641 0.622083 0.124219 0.245833
0 0.220547 0.225833 0.047656 0.112222
0 0.239687 0.349444 0.059375 0.185556
0 0.325625 0.819028 0.224688 0.279722
0 0.304297 0.605972 0.127031 0.240833
0 0.266172 0.193333 0.087031 0.100000
0 0.335625 0.189861 0.106875 0.122500