0 0.717187 0.811111 0.146875 0.372222
0 0.756250 0.437500 0.125000 0.319444
0 0.421094 0.744444 0.210938 0.338889
0 0.348438 0.797222 0.200000 0.172222
0 0.317969 0.930556 0.214062 0.133333
0 0.527344 0.343056 0.126562 0.263889
0 0.607812 0.341667 0.106250 0.266667
0 0.678125 0.309722 0.134375 0.186111
0 0.557031 0.195833 0.132812 0.108333
0 0.719531 0.219444 0.160938 0.116667
0 0.700781 0.161111 0.160938 0.077778
0 0.442188 0.245833 0.118750 0.158333
0 0.335938 0.211111 0.059375 0.105556
0 0.363281 0.180556 0.060937 0.044444
0 0.273438 0.641667 0.137500 0.188889
0 0.207031 0.731944 0.145313 0.286111
0 0.093750 0.581944 0.065625 0.180556
0 0.402344 0.236111 0.142187 0.177778
0 0.274219 0.293056 0.045312 0.175000
0 0.237500 0.243056 0.056250 0.102778
0 0.204687 0.327778 0.025000 0.061111
0 0.248438 0.315278 0.037500 0.147222
0 0.273438 0.219444 0.053125 0.061111
0 0.303125 0.427778 0.140625 0.283333
0 0.164062 0.655556 0.084375 0.200000
0 0.121875 0.768056 0.075000 0.163889
0 0.298438 0.273611 0.043750 0.169444
0 0.327344 0.872222 0.195312 0.172222
0 0.222656 0.337500 0.032813 0.125000
0 0.242188 0.436111 0.050000 0.088889
0 0.138281 0.550000 0.073438 0.083333