0 0.738750 0.818611 0.160938 0.362778
0 0.781406 0.431944 0.136875 0.350000
0 0.414453 0.768056 0.231094 0.371111
0 0.334844 0.825972 0.219062 0.188611
0 0.301484 0.949444 0.234531 0.101111
0 0.530703 0.328472 0.138594 0.289167
0 0.618828 0.326806 0.116406 0.291944
0 0.691641 0.314722 0.135156 0.237222
0 0.563203 0.167361 0.145469 0.118611
0 0.741250 0.199167 0.176250 0.121667
0 0.720625 0.129306 0.176250 0.085278
0 0.434922 0.218889 0.131719 0.167222
0 0.318516 0.174722 0.066719 0.097222
0 0.345938 0.147361 0.039375 0.036389
0 0.252656 0.655694 0.150625 0.206944
0 0.179922 0.754444 0.159219 0.313333
0 0.055781 0.590278 0.071875 0.197778
0 0.381797 0.219167 0.162656 0.210000
0 0.249141 0.279722 0.041094 0.173333
0 0.213281 0.219028 0.061562 0.112500
0 0.177266 0.311806 0.027344 0.066944
0 0.225234 0.298194 0.041094 0.161389
0 0.256953 0.196250 0.063281 0.085278
0 0.285156 0.421250 0.154062 0.310278
0 0.131953 0.674028 0.090781 0.213056
0 0.086563 0.793889 0.082187 0.179444
0 0.280078 0.252500 0.047969 0.185556
0 0.311641 0.906944 0.213906 0.186111
0 0.197031 0.322361 0.035937 0.136944
0 0.218281 0.430278 0.054688 0.097222
0 0.106328 0.558056 0.073594 0.103333