0 0.551328 0.181250 0.158906 0.095278
0 0.556641 0.229583 0.159219 0.120278
0 0.589922 0.318472 0.171406 0.218056
0 0.666875 0.233333 0.084062 0.222778
0 0.730781 0.277917 0.095625 0.273056
0 0.760703 0.232361 0.065469 0.227500
0 0.069141 0.659444 0.058281 0.157778
0 0.103828 0.560556 0.045469 0.135000
0 0.102734 0.717639 0.089844 0.184167
0 0.313359 0.922778 0.192656 0.154444
0 0.259531 0.693194 0.123438 0.249167
0 0.363516 0.281944 0.125469 0.168889
0 0.328281 0.390278 0.123438 0.127222
0 0.152266 0.624028 0.106094 0.112500
0 0.118594 0.554583 0.046562 0.096389
0 0.399062 0.306806 0.108438 0.170833
0 0.558750 0.504583 0.146875 0.369722
0 0.316562 0.579861 0.199687 0.230278
0 0.225078 0.394444 0.046094 0.185000
0 0.365156 0.227639 0.102500 0.198611
0 0.662891 0.708611 0.252031 0.296111
0 0.687734 0.875833 0.152969 0.233889
0 0.452187 0.368750 0.104375 0.226389
0 0.441953 0.603750 0.120469 0.379722
0 0.225156 0.395972 0.051250 0.104722
0 0.274688 0.353750 0.061875 0.191389
0 0.416406 0.204722 0.126250 0.107778
0 0.208359 0.245139 0.077969 0.114167
0 0.303750 0.256667 0.052500 0.077222
0 0.306406 0.459306 0.131562 0.158056
0 0.264453 0.233194 0.049844 0.110278