0 0.555469 0.183333 0.157812 0.088889
0 0.560156 0.231944 0.157812 0.113889
0 0.585156 0.330556 0.170313 0.227778
0 0.670312 0.240278 0.081250 0.219444
0 0.717969 0.277778 0.070312 0.250000
0 0.764062 0.243056 0.062500 0.225000
0 0.128125 0.784722 0.071875 0.141667
0 0.229687 0.877778 0.153125 0.211111
0 0.233594 0.319444 0.060937 0.111111
0 0.407031 0.634722 0.085938 0.363889
0 0.492188 0.361111 0.140625 0.216667
0 0.380469 0.277778 0.132812 0.166667
0 0.714844 0.823611 0.145313 0.347222
0 0.358594 0.236111 0.067187 0.116667
0 0.418750 0.316667 0.137500 0.188889
0 0.452344 0.545833 0.139063 0.313889
0 0.753906 0.505556 0.085938 0.388889
0 0.282813 0.288889 0.056250 0.077778
0 0.312500 0.550000 0.175000 0.150000
0 0.218750 0.270833 0.065625 0.108333
0 0.435937 0.169444 0.128125 0.133333
0 0.200781 0.706944 0.107813 0.308333
0 0.519531 0.752778 0.198437 0.411111
0 0.112500 0.511111 0.053125 0.094444
0 0.315625 0.219444 0.078125 0.094444
0 0.321094 0.440278 0.145313 0.225000
0 0.282031 0.394444 0.082812 0.166667
0 0.228906 0.412500 0.045312 0.158333
0 0.298438 0.701389 0.171875 0.236111
0 0.084375 0.665278 0.093750 0.163889
0 0.148438 0.659722 0.121875 0.197222