0 0.424687 0.668194 0.196875 0.275278
0 0.162734 0.637778 0.152344 0.472778
0 0.273516 0.847083 0.195781 0.255833
0 0.469922 0.832500 0.161406 0.329444
0 0.790000 0.805833 0.063438 0.117778
0 0.444922 0.489028 0.185156 0.314167
0 0.520703 0.467361 0.129844 0.230833
0 0.543047 0.344306 0.149844 0.204167
0 0.145234 0.329167 0.087969 0.311111
0 0.236953 0.246250 0.135469 0.250833
0 0.299453 0.264167 0.164219 0.242222
0 0.260000 0.156667 0.118125 0.130000
0 0.453672 0.358056 0.180781 0.179444
0 0.175391 0.252361 0.083281 0.198056
0 0.397656 0.278333 0.164688 0.138333
0 0.247578 0.507500 0.124219 0.325556
0 0.338359 0.471806 0.107344 0.325278
0 0.410547 0.215139 0.117344 0.116389
0 0.783438 0.712639 0.066250 0.140278
0 0.661875 0.711111 0.075000 0.103333
0 0.749453 0.618889 0.076406 0.155556
0 0.734141 0.694306 0.071406 0.121944
0 0.636641 0.385556 0.082344 0.153889
0 0.636250 0.391250 0.079063 0.093056
0 0.579219 0.445278 0.066875 0.123889
0 0.698672 0.470556 0.077656 0.150556
0 0.699297 0.544583 0.103594 0.174167
0 0.562500 0.937917 0.086250 0.124167
0 0.712266 0.721250 0.058906 0.119722