0 0.728750 0.783889 0.160938 0.389444
0 0.758750 0.405556 0.126250 0.332778
0 0.430703 0.753611 0.223594 0.363889
0 0.360312 0.815139 0.206250 0.196389
0 0.335156 0.936111 0.218750 0.127778
0 0.518047 0.340278 0.142656 0.279444
0 0.601484 0.328750 0.116406 0.279167
0 0.699531 0.293056 0.182500 0.185000
0 0.546250 0.197778 0.141875 0.136111
0 0.698125 0.195833 0.149688 0.098333
0 0.690469 0.142500 0.157500 0.102222
0 0.425547 0.236250 0.144219 0.199722
0 0.327656 0.255417 0.095312 0.135833
0 0.360000 0.202639 0.093437 0.088611
0 0.272813 0.678194 0.139375 0.193611
0 0.174766 0.858889 0.136094 0.190556
0 0.097969 0.631528 0.072500 0.188056
0 0.576797 0.661806 0.222344 0.371944
0 0.268359 0.343194 0.052969 0.163611
0 0.228203 0.275833 0.060156 0.109444
0 0.198672 0.364583 0.027344 0.064167
0 0.242734 0.347917 0.038594 0.153611
0 0.293750 0.473889 0.139063 0.306667
0 0.175781 0.701389 0.111563 0.234444
0 0.129453 0.797639 0.066719 0.121389
0 0.315469 0.284722 0.125937 0.167222
0 0.331016 0.868750 0.196406 0.184167
0 0.218672 0.371528 0.037656 0.128611
0 0.238672 0.468056 0.050156 0.094444
0 0.149844 0.597361 0.065625 0.093611