0 0.554375 0.184722 0.156562 0.088333
0 0.559063 0.232917 0.156562 0.113056
0 0.583906 0.322500 0.169063 0.209444
0 0.668438 0.241111 0.080625 0.217778
0 0.731250 0.289583 0.091563 0.270278
0 0.761484 0.243889 0.062031 0.223333
0 0.109375 0.554167 0.041875 0.143333
0 0.313203 0.915278 0.182969 0.154444
0 0.407031 0.312917 0.116250 0.184722
0 0.558359 0.505833 0.142656 0.361111
0 0.077578 0.639722 0.052656 0.143333
0 0.152031 0.574861 0.090000 0.107500
0 0.143516 0.769306 0.107031 0.121389
0 0.440469 0.599722 0.114688 0.372222
0 0.352109 0.512778 0.152031 0.237222
0 0.376016 0.628750 0.137969 0.336389
0 0.465234 0.364028 0.096094 0.242500
0 0.381562 0.282778 0.130312 0.157222
0 0.299297 0.427500 0.136406 0.226111
0 0.332734 0.286806 0.100781 0.176389
0 0.683984 0.743056 0.111719 0.377778
0 0.421094 0.192917 0.125625 0.093611
0 0.231172 0.693333 0.111719 0.306111
0 0.256719 0.385972 0.075938 0.193056
0 0.286953 0.617500 0.108594 0.203889
0 0.749141 0.488056 0.102344 0.363889
0 0.208594 0.275694 0.041875 0.104722
0 0.233516 0.241389 0.026406 0.074444
0 0.283828 0.244167 0.099219 0.151667