0 0.710156 0.811111 0.160938 0.372222
0 0.749219 0.412500 0.139063 0.375000
0 0.400781 0.763889 0.226562 0.250000
0 0.348438 0.861111 0.240625 0.205556
0 0.314844 0.937500 0.220312 0.119444
0 0.524219 0.343056 0.132812 0.263889
0 0.586719 0.355556 0.092188 0.266667
0 0.652344 0.319444 0.085938 0.283333
0 0.758594 0.270833 0.085938 0.202778
0 0.689844 0.352778 0.092188 0.338889
0 0.556250 0.201389 0.134375 0.108333
0 0.694531 0.177778 0.167187 0.088889
0 0.432812 0.226389 0.140625 0.169444
0 0.366406 0.202778 0.101562 0.094444
0 0.421094 0.355556 0.082812 0.261111
0 0.312500 0.470833 0.131250 0.169444
0 0.185156 0.837500 0.135937 0.186111
0 0.112500 0.755556 0.071875 0.133333
0 0.341406 0.275000 0.079687 0.116667
0 0.178906 0.738889 0.114062 0.150000
0 0.147656 0.619444 0.098437 0.177778
0 0.293750 0.618056 0.140625 0.225000
0 0.219531 0.645833 0.082812 0.152778
0 0.299219 0.365278 0.135937 0.225000
0 0.287500 0.270833 0.043750 0.075000
0 0.216406 0.245833 0.051562 0.125000
0 0.278125 0.227778 0.087500 0.061111
0 0.245312 0.333333 0.056250 0.161111
0 0.202344 0.241667 0.051562 0.133333
0 0.206250 0.326389 0.021875 0.052778
0 0.128906 0.536111 0.029687 0.061111
0 0.220312 0.333333 0.040625 0.100000