0 0.560234 0.164167 0.167656 0.094444
0 0.565234 0.215694 0.167656 0.120833
0 0.591875 0.311528 0.180938 0.224167
0 0.682188 0.224583 0.086250 0.233056
0 0.732812 0.260000 0.074687 0.256667
0 0.781797 0.227500 0.066406 0.238889
0 0.102344 0.621389 0.084687 0.106111
0 0.302266 0.922778 0.195781 0.154444
0 0.402578 0.301389 0.124531 0.197778
0 0.049922 0.650833 0.056406 0.153333
0 0.132891 0.569861 0.092969 0.126944
0 0.120547 0.789583 0.114531 0.129722
0 0.341172 0.521111 0.167656 0.277222
0 0.384297 0.652361 0.121094 0.386389
0 0.478984 0.355972 0.131094 0.259722
0 0.378594 0.268750 0.132812 0.168056
0 0.289844 0.466528 0.144375 0.221389
0 0.328828 0.280694 0.119531 0.174167
0 0.297187 0.392778 0.149375 0.191667
0 0.485547 0.615556 0.174219 0.371667
0 0.417500 0.172917 0.134375 0.100278
0 0.768594 0.472361 0.139375 0.404167
0 0.256641 0.333750 0.044844 0.091389
0 0.249922 0.659861 0.124531 0.241944
0 0.190234 0.261667 0.044844 0.112222
0 0.218438 0.388333 0.048125 0.171111
0 0.335313 0.869306 0.225625 0.259722
0 0.305547 0.647917 0.136094 0.224167
0 0.236641 0.218750 0.087969 0.091389
0 0.311328 0.202500 0.094531 0.094444