0 0.525547 0.171250 0.163906 0.133611
0 0.534687 0.218056 0.166250 0.158333
0 0.568438 0.308056 0.189062 0.274444
0 0.643984 0.194028 0.100469 0.240278
0 0.694531 0.217222 0.092500 0.267222
0 0.736875 0.169583 0.082500 0.240278
0 0.188828 0.822778 0.111406 0.310000
0 0.403672 0.334167 0.158281 0.217222
0 0.098984 0.750972 0.080156 0.183611
0 0.154062 0.678333 0.102813 0.105000
0 0.171016 0.885833 0.094219 0.158333
0 0.298438 0.479444 0.155938 0.256667
0 0.354766 0.926944 0.194219 0.146111
0 0.421016 0.662639 0.117344 0.373056
0 0.466719 0.371944 0.144375 0.277222
0 0.361641 0.325556 0.146094 0.184444
0 0.304766 0.783194 0.208594 0.370833
0 0.325313 0.316667 0.112813 0.163889
0 0.492734 0.600694 0.140156 0.393056
0 0.394219 0.224306 0.132500 0.119167
0 0.743984 0.433472 0.131406 0.411944
0 0.308672 0.393333 0.092969 0.176667
0 0.337109 0.613056 0.158281 0.233333
0 0.191406 0.375833 0.049062 0.091667
0 0.245234 0.713194 0.117656 0.215833
0 0.435703 0.827917 0.182344 0.344167
0 0.296094 0.275833 0.110000 0.133889
0 0.219375 0.361944 0.080937 0.191667
0 0.204766 0.416806 0.038281 0.072500
0 0.131719 0.625972 0.026250 0.055833