0 0.282813 0.811111 0.146875 0.372222
0 0.248438 0.437500 0.134375 0.319444
0 0.578906 0.744444 0.210938 0.338889
0 0.651563 0.797222 0.200000 0.172222
0 0.682031 0.930556 0.214062 0.133333
0 0.472656 0.343056 0.126562 0.263889
0 0.395313 0.341667 0.100000 0.266667
0 0.345313 0.377778 0.115625 0.233333
0 0.442969 0.195833 0.132812 0.108333
0 0.280469 0.225000 0.160938 0.111111
0 0.299219 0.161111 0.160938 0.077778
0 0.560156 0.243056 0.120313 0.152778
0 0.671094 0.191667 0.064062 0.061111
0 0.614844 0.188889 0.070312 0.044444
0 0.726562 0.641667 0.137500 0.188889
0 0.810156 0.736111 0.145313 0.277778
0 0.906250 0.581944 0.065625 0.180556
0 0.667969 0.266667 0.126562 0.133333
0 0.725781 0.295833 0.045312 0.169444
0 0.796875 0.330556 0.025000 0.066667
0 0.751563 0.315278 0.037500 0.147222
0 0.772656 0.261111 0.051562 0.111111
0 0.691406 0.427778 0.151562 0.283333
0 0.835938 0.658333 0.084375 0.177778
0 0.889062 0.755556 0.056250 0.155556
0 0.703906 0.288889 0.042188 0.161111
0 0.672656 0.872222 0.195312 0.172222
0 0.776563 0.337500 0.034375 0.119444
0 0.757812 0.436111 0.050000 0.088889
0 0.845313 0.543056 0.068750 0.069444