0 0.277344 0.811111 0.135937 0.372222
0 0.238281 0.437500 0.114062 0.325000
0 0.578906 0.758333 0.210938 0.316667
0 0.651563 0.837500 0.200000 0.252778
0 0.682031 0.930556 0.214062 0.133333
0 0.475781 0.343056 0.132812 0.263889
0 0.394531 0.337500 0.101562 0.275000
0 0.293750 0.300000 0.178125 0.166667
0 0.452344 0.775000 0.157812 0.444444
0 0.440625 0.204167 0.134375 0.119444
0 0.286719 0.234722 0.157812 0.113889
0 0.298438 0.169444 0.153125 0.077778
0 0.566406 0.231944 0.139063 0.180556
0 0.660937 0.229167 0.078125 0.113889
0 0.629687 0.187500 0.087500 0.052778
0 0.739062 0.662500 0.140625 0.186111
0 0.817187 0.844444 0.143750 0.183333
0 0.906250 0.581944 0.065625 0.180556
0 0.686719 0.470833 0.167187 0.236111
0 0.718750 0.290278 0.056250 0.152778
0 0.795312 0.327778 0.025000 0.061111
0 0.748437 0.315278 0.043750 0.152778
0 0.688281 0.370833 0.120313 0.225000
0 0.848437 0.643056 0.125000 0.169444
0 0.878125 0.747222 0.062500 0.116667
0 0.752344 0.238889 0.089063 0.100000
0 0.785937 0.761111 0.118750 0.222222
0 0.777344 0.337500 0.032813 0.130556
0 0.769531 0.431944 0.039062 0.097222
0 0.862500 0.540278 0.056250 0.069444