0 0.729531 0.764583 0.184688 0.403611
0 0.753984 0.357917 0.138281 0.396389
0 0.419141 0.783056 0.241719 0.296111
0 0.367969 0.869861 0.223438 0.260278
0 0.345391 0.945417 0.226719 0.109167
0 0.513672 0.339167 0.149531 0.290000
0 0.596172 0.315833 0.123906 0.295556
0 0.660156 0.284167 0.146875 0.319444
0 0.721562 0.261250 0.143750 0.272500
0 0.544922 0.185556 0.150156 0.140556
0 0.685469 0.110972 0.186250 0.153611
0 0.416328 0.260417 0.157031 0.196389
0 0.348594 0.237083 0.137500 0.135278
0 0.291172 0.564028 0.177031 0.244167
0 0.221641 0.899583 0.163594 0.200833
0 0.128906 0.831806 0.060313 0.124167
0 0.328047 0.330972 0.091719 0.136389
0 0.150078 0.703056 0.110781 0.192222
0 0.296563 0.716528 0.184062 0.213056
0 0.186484 0.740000 0.119531 0.253889
0 0.302422 0.463750 0.166094 0.241944
0 0.267891 0.370278 0.067344 0.182778
0 0.249375 0.364444 0.068750 0.180556
0 0.228906 0.283472 0.068750 0.112500
0 0.193672 0.390278 0.019844 0.066667
0 0.226094 0.356944 0.064062 0.133333
0 0.124687 0.593750 0.025938 0.043611
0 0.267969 0.266806 0.071563 0.085833
0 0.215625 0.448472 0.038125 0.089722
0 0.135781 0.640278 0.067812 0.120556