0 0.444531 0.183333 0.157812 0.088889
0 0.439844 0.231944 0.157812 0.113889
0 0.414844 0.330556 0.170313 0.227778
0 0.329688 0.240278 0.081250 0.219444
0 0.282031 0.277778 0.070312 0.250000
0 0.235937 0.243056 0.062500 0.225000
0 0.871875 0.784722 0.071875 0.141667
0 0.770312 0.891667 0.153125 0.183333
0 0.641406 0.856944 0.242188 0.241667
0 0.766406 0.319444 0.060937 0.111111
0 0.592969 0.634722 0.085938 0.363889
0 0.507812 0.361111 0.140625 0.216667
0 0.625781 0.281944 0.126562 0.163889
0 0.285156 0.823611 0.145313 0.347222
0 0.647656 0.233333 0.067187 0.127778
0 0.553906 0.277778 0.079687 0.094444
0 0.525000 0.606944 0.090625 0.352778
0 0.246094 0.505556 0.085938 0.388889
0 0.719531 0.281944 0.054688 0.086111
0 0.710156 0.536111 0.114062 0.200000
0 0.781250 0.270833 0.065625 0.108333
0 0.571875 0.166667 0.143750 0.122222
0 0.799219 0.706944 0.107813 0.308333
0 0.480469 0.752778 0.198437 0.411111
0 0.873437 0.509722 0.040625 0.063889
0 0.684375 0.219444 0.078125 0.094444
0 0.647656 0.375000 0.148438 0.288889
0 0.726562 0.372222 0.053125 0.188889
0 0.771094 0.412500 0.045312 0.158333
0 0.711719 0.677778 0.139063 0.227778
0 0.914062 0.668056 0.096875 0.186111
0 0.851562 0.645833 0.125000 0.186111