0 0.559609 0.163194 0.169219 0.095278
0 0.564609 0.215278 0.169219 0.122222
0 0.591484 0.320972 0.182656 0.244167
0 0.682813 0.224306 0.087188 0.235278
0 0.733906 0.264583 0.075313 0.268056
0 0.783359 0.227222 0.067031 0.241111
0 0.090625 0.791528 0.055313 0.113056
0 0.295000 0.906250 0.152500 0.187500
0 0.294922 0.416528 0.169219 0.208611
0 0.218750 0.300139 0.050313 0.095278
0 0.400469 0.647361 0.092188 0.390278
0 0.484219 0.353889 0.135625 0.256111
0 0.375312 0.267500 0.152500 0.172778
0 0.730547 0.831806 0.155781 0.336389
0 0.339375 0.225833 0.070312 0.125000
0 0.407969 0.310694 0.144063 0.187500
0 0.473438 0.617500 0.097188 0.378333
0 0.772500 0.508750 0.092188 0.416944
0 0.232969 0.377778 0.075313 0.190556
0 0.278984 0.599583 0.150781 0.217500
0 0.198594 0.256944 0.070312 0.116111
0 0.427266 0.179722 0.142344 0.122222
0 0.209531 0.702361 0.139063 0.285833
0 0.523594 0.787083 0.207813 0.425833
0 0.090547 0.519167 0.062031 0.133889
0 0.294063 0.207778 0.087188 0.107222
0 0.386328 0.140972 0.103906 0.145833
0 0.132500 0.659167 0.092188 0.199444
0 0.164297 0.790139 0.095469 0.324722
0 0.053672 0.611528 0.085469 0.175833
0 0.098047 0.706806 0.077031 0.086389