0 0.555469 0.183333 0.157812 0.088889
0 0.560156 0.231944 0.157812 0.113889
0 0.585156 0.330556 0.170313 0.227778
0 0.670312 0.240278 0.081250 0.219444
0 0.717969 0.277778 0.070312 0.250000
0 0.764062 0.243056 0.062500 0.225000
0 0.126562 0.766667 0.068750 0.133333
0 0.252344 0.875000 0.179688 0.238889
0 0.229687 0.311111 0.053125 0.094444
0 0.438281 0.625000 0.148438 0.383333
0 0.485938 0.375000 0.153125 0.222222
0 0.385937 0.283333 0.131250 0.166667
0 0.714844 0.823611 0.145313 0.347222
0 0.392969 0.225000 0.107813 0.138889
0 0.408594 0.315278 0.160938 0.186111
0 0.271875 0.656944 0.131250 0.269444
0 0.753906 0.491667 0.095312 0.344444
0 0.278125 0.293056 0.062500 0.108333
0 0.668750 0.550000 0.103125 0.350000
0 0.218750 0.270833 0.065625 0.108333
0 0.460938 0.190278 0.078125 0.091667
0 0.185156 0.691667 0.098437 0.288889
0 0.519531 0.741667 0.198437 0.388889
0 0.127344 0.522222 0.054688 0.072222
0 0.322656 0.219444 0.092188 0.094444
0 0.310156 0.493056 0.160938 0.241667
0 0.282031 0.390278 0.098437 0.230556
0 0.223438 0.415278 0.043750 0.158333
0 0.061719 0.668056 0.085938 0.125000
0 0.173437 0.615278 0.075000 0.147222