0 0.728047 0.816389 0.153906 0.367222
0 0.760859 0.436250 0.147344 0.334722
0 0.529141 0.337083 0.132656 0.276389
0 0.609453 0.330000 0.145781 0.267778
0 0.339297 0.907639 0.263594 0.177500
0 0.519375 0.975000 0.129375 0.050000
0 0.285234 0.478472 0.145781 0.285278
0 0.731328 0.228194 0.160469 0.128056
0 0.698594 0.169861 0.193125 0.116389
0 0.431719 0.238333 0.144063 0.171667
0 0.316250 0.238333 0.090000 0.119444
0 0.365469 0.181528 0.096562 0.064167
0 0.259766 0.637083 0.153906 0.189167
0 0.195156 0.826111 0.149063 0.183333
0 0.067422 0.605000 0.063906 0.160000
0 0.276094 0.275972 0.049062 0.165833
0 0.233672 0.223611 0.072031 0.072778
0 0.245859 0.305278 0.037656 0.148333
0 0.208203 0.280417 0.063906 0.093056
0 0.297422 0.376389 0.134219 0.221111
0 0.152500 0.669028 0.096562 0.224167
0 0.100156 0.775278 0.073750 0.168889
0 0.316250 0.815972 0.171875 0.116389
0 0.313750 0.945833 0.206250 0.108333
0 0.347500 0.782500 0.204687 0.160000
0 0.414609 0.733194 0.207969 0.358056
0 0.212266 0.331528 0.039219 0.136944
0 0.227969 0.427639 0.047500 0.090278
0 0.186953 0.333056 0.024531 0.058333
0 0.104297 0.575972 0.052344 0.125278
0 0.093672 0.507639 0.031094 0.040833
0 0.115703 0.596250 0.052344 0.113611