0 0.719219 0.815694 0.166875 0.368611
0 0.772734 0.411111 0.118281 0.388889
0 0.398438 0.775417 0.235000 0.259167
0 0.339375 0.861806 0.217188 0.241944
0 0.309219 0.946806 0.228437 0.106389
0 0.526328 0.339028 0.137656 0.273611
0 0.613047 0.333472 0.110156 0.285278
0 0.680234 0.311667 0.137656 0.247778
0 0.736328 0.280139 0.142656 0.224722
0 0.455078 0.602500 0.170156 0.345556
0 0.562891 0.190833 0.136094 0.109444
0 0.702969 0.166111 0.176563 0.095000
0 0.426797 0.239722 0.152344 0.184444
0 0.365156 0.200833 0.139375 0.106667
0 0.265547 0.517500 0.153906 0.204444
0 0.183750 0.874722 0.158750 0.204444
0 0.092969 0.763889 0.061562 0.109444
0 0.330313 0.274306 0.069687 0.115278
0 0.142344 0.660278 0.115000 0.218889
0 0.273672 0.684722 0.179844 0.198889
0 0.197578 0.694861 0.082656 0.288056
0 0.310078 0.390833 0.145781 0.216111
0 0.273672 0.310278 0.066406 0.187222
0 0.255859 0.292917 0.066406 0.175833
0 0.237266 0.215278 0.064844 0.112222
0 0.194219 0.321806 0.017813 0.066389
0 0.225781 0.277222 0.061562 0.109444
0 0.280078 0.210972 0.056719 0.057500
0 0.213750 0.376389 0.043750 0.112222
0 0.109219 0.542083 0.035625 0.115278