0 0.569688 0.186111 0.154688 0.098333
0 0.574688 0.242639 0.159688 0.137500
0 0.605234 0.338056 0.172344 0.235556
0 0.682422 0.267917 0.091719 0.231389
0 0.743203 0.324722 0.105156 0.282778
0 0.775781 0.285278 0.073438 0.233889
0 0.061875 0.573472 0.063750 0.163611
0 0.102422 0.482361 0.050156 0.139722
0 0.139219 0.580139 0.112187 0.176944
0 0.129609 0.743056 0.093594 0.173889
0 0.287812 0.887917 0.197500 0.184722
0 0.479922 0.949583 0.071406 0.100833
0 0.298281 0.501667 0.159375 0.255556
0 0.315781 0.277361 0.107187 0.200833
0 0.252266 0.624167 0.122031 0.219444
0 0.378047 0.256250 0.131094 0.182500
0 0.490781 0.336806 0.113437 0.231944
0 0.424922 0.369583 0.082969 0.240833
0 0.412422 0.274444 0.112656 0.155000
0 0.519062 0.510000 0.185000 0.273333
0 0.429922 0.585278 0.135781 0.309444
0 0.663125 0.892639 0.160625 0.214722
0 0.690000 0.765417 0.206250 0.452500
0 0.207500 0.261806 0.055000 0.113056
0 0.260703 0.200417 0.078281 0.083611
0 0.302813 0.222361 0.095312 0.083611
0 0.342031 0.175278 0.092812 0.066667
0 0.437109 0.186250 0.107344 0.110278
0 0.311016 0.403333 0.161094 0.228333
0 0.254688 0.354167 0.083125 0.120000
0 0.116016 0.477500 0.044844 0.125000