0 0.536250 0.174583 0.162187 0.118056
0 0.543906 0.222083 0.163750 0.143056
0 0.574062 0.307083 0.181875 0.241944
0 0.653984 0.209861 0.093906 0.233611
0 0.703516 0.238194 0.084844 0.261944
0 0.747266 0.195000 0.075469 0.235556
0 0.133906 0.697639 0.086875 0.141944
0 0.338047 0.920556 0.193594 0.158889
0 0.396484 0.331111 0.127656 0.207222
0 0.085859 0.720694 0.061406 0.153611
0 0.164062 0.623611 0.087813 0.106667
0 0.159609 0.838194 0.114531 0.141944
0 0.350391 0.533889 0.170781 0.261667
0 0.398984 0.663056 0.135156 0.383333
0 0.471016 0.368750 0.137344 0.266389
0 0.372031 0.304861 0.133750 0.180833
0 0.299297 0.494583 0.148906 0.254722
0 0.326094 0.324861 0.121562 0.184167
0 0.302813 0.435278 0.150625 0.206111
0 0.491641 0.610556 0.183906 0.378889
0 0.403203 0.208333 0.131406 0.117778
0 0.747344 0.458889 0.135000 0.407778
0 0.257188 0.393750 0.051250 0.110833
0 0.271250 0.720694 0.122812 0.255278
0 0.195234 0.331389 0.048281 0.112778
0 0.224609 0.452917 0.047656 0.153611
0 0.365234 0.866528 0.225781 0.266944
0 0.320156 0.673611 0.128125 0.242778
0 0.236406 0.283056 0.087500 0.101111
0 0.303828 0.255139 0.107344 0.124167