0 0.489063 0.835417 0.161562 0.318611
0 0.293672 0.271667 0.164844 0.216667
0 0.798516 0.764167 0.061719 0.146667
0 0.523516 0.527222 0.118906 0.187778
0 0.245000 0.165833 0.124687 0.116111
0 0.637266 0.709583 0.163594 0.114167
0 0.634844 0.379861 0.074063 0.086944
0 0.574531 0.412083 0.055313 0.082500
0 0.703125 0.454028 0.066250 0.144167
0 0.686641 0.508194 0.070469 0.128056
0 0.463672 0.708194 0.141406 0.322500
0 0.237656 0.624167 0.268125 0.400000
0 0.385234 0.270278 0.186406 0.155000
0 0.268672 0.382083 0.168594 0.236389
0 0.259219 0.883472 0.130000 0.196944
0 0.558906 0.935278 0.108125 0.129444
0 0.731563 0.612222 0.069375 0.144444
0 0.460781 0.417361 0.151250 0.231944
0 0.181875 0.772361 0.150000 0.406389
0 0.203828 0.267917 0.085469 0.328611
0 0.254062 0.290417 0.079687 0.175833
0 0.376406 0.389028 0.080000 0.189722
0 0.155313 0.295556 0.066875 0.274444
0 0.352891 0.670556 0.156094 0.462222
0 0.501406 0.336111 0.107813 0.181111
0 0.764531 0.662639 0.049062 0.081944
0 0.744375 0.713472 0.077812 0.111944
0 0.556797 0.317361 0.083594 0.093056
0 0.307578 0.444028 0.131719 0.255278