0 0.717187 0.811111 0.146875 0.372222
0 0.761719 0.437500 0.114062 0.319444
0 0.421094 0.744444 0.210938 0.338889
0 0.348438 0.797222 0.200000 0.172222
0 0.317969 0.930556 0.214062 0.133333
0 0.524219 0.343056 0.132812 0.263889
0 0.607812 0.341667 0.106250 0.266667
0 0.690625 0.295833 0.165625 0.186111
0 0.557813 0.204167 0.137500 0.119444
0 0.714844 0.222222 0.151562 0.100000
0 0.701562 0.168056 0.162500 0.091667
0 0.433594 0.231944 0.135937 0.180556
0 0.338281 0.244444 0.073438 0.122222
0 0.364063 0.187500 0.100000 0.086111
0 0.266406 0.651389 0.135937 0.169444
0 0.189062 0.722222 0.121875 0.244444
0 0.093750 0.581944 0.065625 0.180556
0 0.525000 0.458333 0.106250 0.344444
0 0.264844 0.300000 0.035937 0.127778
0 0.237500 0.243056 0.056250 0.102778
0 0.204687 0.327778 0.025000 0.061111
0 0.250781 0.318056 0.039062 0.147222
0 0.279687 0.195833 0.065625 0.102778
0 0.298438 0.443056 0.134375 0.286111
0 0.167969 0.643056 0.085938 0.186111
0 0.113281 0.754167 0.057813 0.152778
0 0.292187 0.248611 0.059375 0.175000
0 0.331250 0.872222 0.209375 0.172222
0 0.224219 0.337500 0.032813 0.125000
0 0.240625 0.431944 0.046875 0.091667