0 0.537266 0.175000 0.162031 0.116667
0 0.544687 0.222639 0.163437 0.141389
0 0.575234 0.316250 0.182344 0.256944
0 0.654766 0.211111 0.093281 0.232778
0 0.704219 0.240139 0.084062 0.261389
0 0.748203 0.197222 0.074844 0.235000
0 0.146484 0.841250 0.081406 0.159722
0 0.253203 0.916528 0.162656 0.166944
0 0.305156 0.458056 0.167500 0.213333
0 0.224688 0.367917 0.066875 0.121389
0 0.415078 0.650694 0.106094 0.377500
0 0.477344 0.364583 0.139375 0.260278
0 0.371875 0.302500 0.150625 0.185556
0 0.732109 0.783472 0.164219 0.371389
0 0.338359 0.267917 0.073281 0.125278
0 0.401016 0.332083 0.136719 0.185833
0 0.481172 0.610833 0.110156 0.367222
0 0.752969 0.460278 0.107500 0.402222
0 0.247813 0.319167 0.066562 0.143333
0 0.292187 0.629444 0.151875 0.180556
0 0.207266 0.322222 0.071406 0.119444
0 0.415391 0.212361 0.138594 0.136944
0 0.234219 0.755833 0.137187 0.328333
0 0.533750 0.748056 0.220625 0.444444
0 0.120703 0.583472 0.064531 0.134722
0 0.293281 0.260556 0.086563 0.113889
0 0.378750 0.190833 0.113750 0.160000
0 0.075547 0.713056 0.103594 0.253889
0 0.171953 0.641111 0.072031 0.130556