0 0.679062 0.830417 0.192812 0.339167
0 0.766172 0.489306 0.146719 0.403056
0 0.378047 0.731806 0.246406 0.311944
0 0.314141 0.797500 0.227969 0.290556
0 0.277422 0.878194 0.228281 0.181389
0 0.538203 0.352083 0.155156 0.298611
0 0.621250 0.370694 0.130000 0.301944
0 0.682109 0.371806 0.150469 0.281389
0 0.743047 0.354167 0.155469 0.253333
0 0.586016 0.220972 0.139219 0.141944
0 0.375938 0.436944 0.150625 0.233333
0 0.721484 0.236667 0.176406 0.139444
0 0.452109 0.229722 0.161094 0.217778
0 0.396953 0.175694 0.142031 0.140278
0 0.276250 0.454306 0.155000 0.248056
0 0.165000 0.766667 0.169063 0.238889
0 0.088359 0.635972 0.068281 0.121389
0 0.361250 0.245417 0.097500 0.129722
0 0.144531 0.550972 0.128750 0.240278
0 0.265078 0.600139 0.212031 0.264722
0 0.182969 0.605833 0.102188 0.293889
0 0.318984 0.334583 0.126719 0.202500
0 0.296328 0.254722 0.071719 0.191667
0 0.285312 0.219028 0.070938 0.151389
0 0.274688 0.145556 0.071563 0.125000
0 0.223984 0.240417 0.022344 0.062500
0 0.258906 0.222639 0.067500 0.129167
0 0.123359 0.404028 0.019531 0.032500
0 0.315156 0.161667 0.059062 0.070556
0 0.237344 0.300694 0.051562 0.119167
0 0.120469 0.452361 0.058750 0.131944