0 0.731797 0.757917 0.187656 0.407500
0 0.752656 0.350556 0.141562 0.398889
0 0.422813 0.799028 0.245625 0.329722
0 0.371484 0.870417 0.225156 0.259167
0 0.349766 0.946111 0.227344 0.107778
0 0.512031 0.338611 0.151562 0.293333
0 0.594453 0.313194 0.126094 0.298056
0 0.665469 0.272083 0.168437 0.294722
0 0.717734 0.255278 0.146094 0.281111
0 0.536406 0.192500 0.142187 0.150556
0 0.677031 0.124722 0.160312 0.208889
0 0.619297 0.133194 0.058594 0.070833
0 0.413437 0.245000 0.162187 0.193333
0 0.320391 0.264583 0.107656 0.115278
0 0.349922 0.218194 0.102344 0.086944
0 0.290938 0.581528 0.154375 0.210278
0 0.224375 0.904583 0.159375 0.190833
0 0.327031 0.331667 0.090938 0.135556
0 0.304609 0.718333 0.184531 0.206667
0 0.162734 0.728889 0.137031 0.241111
0 0.305469 0.471389 0.176563 0.242778
0 0.270313 0.373333 0.080000 0.192222
0 0.248047 0.371667 0.070156 0.181667
0 0.226953 0.291528 0.069531 0.114167
0 0.191953 0.400833 0.024844 0.065556
0 0.224688 0.364861 0.065000 0.134722
0 0.125625 0.604583 0.026250 0.044167
0 0.259219 0.269444 0.052187 0.066667
0 0.213125 0.450417 0.030312 0.058611
0 0.130625 0.648333 0.051250 0.093333
0 0.227422 0.491667 0.052344 0.107222