0 0.710156 0.811111 0.160938 0.372222
0 0.743750 0.412500 0.150000 0.375000
0 0.400781 0.763889 0.226562 0.250000
0 0.348438 0.861111 0.240625 0.205556
0 0.314844 0.937500 0.220312 0.119444
0 0.524219 0.343056 0.132812 0.263889
0 0.586719 0.355556 0.092188 0.266667
0 0.652344 0.294444 0.085938 0.294444
0 0.748437 0.279167 0.112500 0.230556
0 0.683594 0.193056 0.139063 0.208333
0 0.559375 0.200000 0.137500 0.105556
0 0.744531 0.162500 0.057813 0.069444
0 0.432812 0.226389 0.140625 0.169444
0 0.366406 0.202778 0.101562 0.094444
0 0.302344 0.455556 0.132812 0.211111
0 0.350781 0.473611 0.173437 0.236111
0 0.185156 0.837500 0.135937 0.186111
0 0.112500 0.755556 0.071875 0.133333
0 0.341406 0.275000 0.079687 0.116667
0 0.224219 0.740278 0.170313 0.191667
0 0.150000 0.615278 0.112500 0.152778
0 0.289062 0.616667 0.137500 0.166667
0 0.210938 0.637500 0.071875 0.141667
0 0.302344 0.362500 0.101562 0.208333
0 0.287500 0.280556 0.040625 0.105556
0 0.274219 0.222222 0.089063 0.105556
0 0.245312 0.333333 0.056250 0.161111
0 0.227344 0.231944 0.039062 0.080556
0 0.192969 0.281944 0.039062 0.075000
0 0.131250 0.534722 0.031250 0.058333
0 0.220312 0.333333 0.040625 0.100000