0 0.702734 0.801528 0.155781 0.360278
0 0.752656 0.415833 0.110312 0.362778
0 0.403359 0.755694 0.219219 0.241944
0 0.348203 0.836528 0.202656 0.225833
0 0.320312 0.923889 0.213125 0.115556
0 0.522813 0.348472 0.128438 0.255278
0 0.603750 0.343333 0.102813 0.266111
0 0.664297 0.322917 0.127031 0.236389
0 0.735234 0.286944 0.114844 0.217778
0 0.446484 0.970694 0.060469 0.021389
0 0.556172 0.211528 0.125469 0.104722
0 0.687734 0.187361 0.164844 0.088611
0 0.434375 0.257222 0.139063 0.163889
0 0.368594 0.220972 0.122500 0.091389
0 0.311875 0.409028 0.120938 0.236389
0 0.200078 0.844583 0.145156 0.188056
0 0.123672 0.755694 0.058906 0.107500
0 0.343594 0.290833 0.072500 0.096667
0 0.133516 0.509722 0.021094 0.045556
0 0.162969 0.632083 0.119375 0.188056
0 0.295234 0.610694 0.132969 0.220278
0 0.215859 0.687361 0.077031 0.255278
0 0.336094 0.507083 0.157187 0.190833
0 0.299844 0.305694 0.039375 0.142500
0 0.270391 0.315000 0.043906 0.198889
0 0.244766 0.366111 0.034844 0.118333
0 0.256094 0.231806 0.066562 0.107500
0 0.214453 0.325694 0.022656 0.075278
0 0.140313 0.538194 0.025625 0.043056
0 0.296016 0.225139 0.058906 0.061944
0 0.234141 0.335278 0.040781 0.115556