0 0.714687 0.813750 0.163750 0.372500
0 0.767109 0.411250 0.116094 0.381389
0 0.399922 0.768889 0.230469 0.254444
0 0.346641 0.867639 0.244844 0.209167
0 0.312500 0.942361 0.224062 0.115278
0 0.525547 0.340556 0.135156 0.268333
0 0.610469 0.334861 0.108125 0.279722
0 0.659766 0.308194 0.101719 0.237500
0 0.754453 0.271528 0.100156 0.214722
0 0.637500 0.497500 0.149375 0.390000
0 0.558047 0.196528 0.136719 0.110278
0 0.698828 0.171111 0.173281 0.093333
0 0.434141 0.226111 0.136719 0.169444
0 0.364922 0.198056 0.103281 0.096111
0 0.435625 0.233333 0.111250 0.155556
0 0.296563 0.470833 0.125625 0.189444
0 0.186172 0.861944 0.152656 0.197778
0 0.104219 0.774444 0.055625 0.101667
0 0.339453 0.271528 0.081094 0.118611
0 0.125625 0.732083 0.076250 0.141389
0 0.143203 0.610556 0.104844 0.130000
0 0.286172 0.616111 0.139844 0.231667
0 0.207578 0.695139 0.100156 0.282500
0 0.380000 0.448056 0.108125 0.319444
0 0.291094 0.315417 0.054062 0.172500
0 0.269609 0.216389 0.103281 0.104444
0 0.243281 0.333472 0.054062 0.180833
0 0.209141 0.230417 0.046094 0.115833
0 0.204453 0.315139 0.027031 0.076389
0 0.122578 0.537222 0.025469 0.062222
0 0.221953 0.326528 0.042969 0.121389