0 0.723672 0.779861 0.177344 0.394167
0 0.756797 0.375139 0.130781 0.390278
0 0.413125 0.777361 0.237188 0.281944
0 0.353125 0.868889 0.227188 0.262222
0 0.335469 0.943611 0.225000 0.112778
0 0.517031 0.340000 0.144375 0.282222
0 0.600000 0.322500 0.118438 0.289444
0 0.661484 0.292639 0.142031 0.262500
0 0.732891 0.244861 0.128594 0.241389
0 0.556563 0.947222 0.144063 0.105556
0 0.542422 0.194167 0.138906 0.127222
0 0.679141 0.149306 0.173906 0.115833
0 0.420625 0.239861 0.151250 0.195278
0 0.351250 0.212222 0.132500 0.156667
0 0.302578 0.433889 0.135781 0.261667
0 0.207969 0.895694 0.158438 0.208611
0 0.125078 0.818889 0.065781 0.119444
0 0.331562 0.298611 0.084687 0.127778
0 0.097734 0.648750 0.082031 0.168611
0 0.157812 0.697222 0.124063 0.210556
0 0.295000 0.644028 0.147500 0.246944
0 0.216797 0.734722 0.091406 0.274444
0 0.340781 0.530139 0.188125 0.222500
0 0.281484 0.333611 0.048906 0.155556
0 0.250547 0.322917 0.061719 0.198611
0 0.232187 0.405000 0.041875 0.105000
0 0.234062 0.254167 0.097500 0.135000
0 0.198672 0.355556 0.028281 0.078333
0 0.131016 0.589444 0.027656 0.064444
0 0.218906 0.369167 0.047500 0.125000
0 0.281406 0.245972 0.055625 0.065833