0 0.735938 0.818194 0.159375 0.363611
0 0.241797 0.285417 0.042344 0.159722
0 0.776719 0.426944 0.139063 0.334444
0 0.529922 0.330694 0.137344 0.286389
0 0.613125 0.323056 0.150938 0.277222
0 0.361328 0.910139 0.237344 0.179722
0 0.519766 0.982500 0.133906 0.035000
0 0.120547 0.625972 0.101719 0.159722
0 0.739297 0.230972 0.166094 0.159722
0 0.712266 0.148194 0.196719 0.144722
0 0.429141 0.228056 0.149219 0.177778
0 0.311172 0.223611 0.086406 0.114444
0 0.360469 0.169306 0.100000 0.066389
0 0.283359 0.431389 0.169531 0.313333
0 0.163750 0.863889 0.120313 0.213889
0 0.053516 0.601944 0.066094 0.190000
0 0.279922 0.261389 0.057656 0.147778
0 0.204531 0.225139 0.039062 0.039167
0 0.194219 0.282222 0.052500 0.105556
0 0.253672 0.176944 0.110156 0.105556
0 0.085781 0.784028 0.076250 0.174722
0 0.299453 0.592778 0.184844 0.183889
0 0.288438 0.941806 0.200000 0.116389
0 0.330781 0.800694 0.227188 0.208056
0 0.211328 0.680139 0.117031 0.244167
0 0.210469 0.329028 0.044062 0.144722
0 0.223984 0.434583 0.061094 0.132500
0 0.174844 0.318611 0.027187 0.069444
0 0.079062 0.506944 0.032188 0.042222
0 0.086719 0.580694 0.044062 0.117500