0 0.729531 0.781667 0.161875 0.390556
0 0.752266 0.404306 0.139531 0.335278
0 0.520781 0.339861 0.137187 0.279722
0 0.596875 0.322917 0.149375 0.273056
0 0.385937 0.903472 0.245000 0.189167
0 0.537188 0.958056 0.125937 0.083889
0 0.285234 0.551944 0.167344 0.184444
0 0.708906 0.210694 0.157812 0.141944
0 0.675312 0.159444 0.188437 0.135000
0 0.424141 0.257917 0.143906 0.181389
0 0.314297 0.272500 0.090469 0.125000
0 0.358828 0.212083 0.094531 0.073056
0 0.264141 0.685694 0.176719 0.185833
0 0.211172 0.863889 0.141406 0.195000
0 0.092031 0.652639 0.067187 0.160278
0 0.277578 0.313472 0.053281 0.164167
0 0.234922 0.268889 0.071406 0.078333
0 0.249922 0.345000 0.041719 0.146111
0 0.213047 0.326111 0.064531 0.096667
0 0.302891 0.430000 0.139844 0.230556
0 0.178125 0.708194 0.095625 0.213611
0 0.129844 0.810556 0.076875 0.170000
0 0.412891 0.776111 0.249844 0.192778
0 0.337656 0.930000 0.200937 0.140000
0 0.365391 0.786528 0.201094 0.178056
0 0.424375 0.661667 0.206250 0.228333
0 0.219062 0.373889 0.042812 0.135000
0 0.237500 0.462222 0.052500 0.106111
0 0.194844 0.378750 0.025625 0.058611
0 0.122500 0.613611 0.044688 0.105000
0 0.112969 0.556667 0.031250 0.042778
0 0.142344 0.638889 0.069375 0.102778