0 0.550937 0.180972 0.159062 0.095833
0 0.556406 0.229306 0.159375 0.120833
0 0.582656 0.326806 0.173437 0.235278
0 0.666563 0.232917 0.084375 0.223056
0 0.714688 0.268194 0.073750 0.253056
0 0.760313 0.231389 0.065625 0.227778
0 0.102578 0.691250 0.060469 0.077500
0 0.172578 0.716250 0.096094 0.279167
0 0.302891 0.483889 0.144219 0.261667
0 0.408906 0.631806 0.090625 0.336944
0 0.480156 0.367639 0.132812 0.233611
0 0.381406 0.291250 0.146250 0.189722
0 0.719297 0.814028 0.150156 0.353611
0 0.334219 0.264167 0.114375 0.135556
0 0.404531 0.325000 0.154062 0.181667
0 0.476562 0.608056 0.095625 0.356667
0 0.416797 0.200833 0.127656 0.088889
0 0.753828 0.494028 0.091406 0.392500
0 0.277422 0.350139 0.096094 0.173611
0 0.254141 0.302639 0.097031 0.126389
0 0.204141 0.300694 0.043281 0.082500
0 0.260000 0.662222 0.119687 0.291111
0 0.521563 0.754583 0.204062 0.414167
0 0.315547 0.227500 0.102969 0.110000
0 0.244141 0.261250 0.072344 0.147500
0 0.111250 0.534028 0.032188 0.073611
0 0.155078 0.586250 0.093594 0.106944
0 0.141172 0.709306 0.120781 0.263611
0 0.226172 0.426111 0.050469 0.152222