0 0.733672 0.752500 0.190156 0.410556
0 0.751484 0.344583 0.143906 0.400833
0 0.417891 0.753472 0.232969 0.236389
0 0.374297 0.870833 0.226406 0.258333
0 0.353281 0.946667 0.227813 0.106667
0 0.510859 0.338472 0.153281 0.295833
0 0.593203 0.311111 0.127969 0.300000
0 0.655469 0.273333 0.151250 0.271111
0 0.700937 0.212083 0.161875 0.217500
0 0.514453 0.834028 0.174219 0.331944
0 0.533828 0.187778 0.138594 0.138889
0 0.665547 0.128750 0.176094 0.135278
0 0.407813 0.268889 0.160000 0.214444
0 0.346016 0.247361 0.141406 0.136944
0 0.294531 0.480000 0.132812 0.285000
0 0.227031 0.909306 0.167813 0.181389
0 0.131562 0.853333 0.067500 0.120000
0 0.322813 0.327917 0.082500 0.118611
0 0.170391 0.742083 0.127344 0.238056
0 0.302734 0.671806 0.160469 0.254722
0 0.231250 0.760972 0.105313 0.283056
0 0.338906 0.556944 0.178125 0.213889
0 0.275938 0.353194 0.057188 0.141389
0 0.252656 0.367500 0.075313 0.194444
0 0.225078 0.293472 0.070781 0.123611
0 0.192812 0.397639 0.024375 0.073611
0 0.219219 0.355556 0.067500 0.120000
0 0.265781 0.278611 0.058750 0.069444
0 0.215703 0.453333 0.050781 0.118333
0 0.132500 0.630000 0.044062 0.111111