0 0.556094 0.182361 0.159375 0.089722
0 0.560781 0.231389 0.159375 0.115000
0 0.585938 0.330833 0.171875 0.230000
0 0.671953 0.239722 0.082031 0.221667
0 0.720156 0.277639 0.070938 0.252500
0 0.766719 0.242500 0.063125 0.227222
0 0.130078 0.663194 0.089844 0.098056
0 0.411719 0.308611 0.129375 0.179444
0 0.071016 0.645139 0.053594 0.145833
0 0.142813 0.597361 0.105625 0.095278
0 0.138047 0.776667 0.108906 0.123333
0 0.307578 0.504722 0.148281 0.173889
0 0.312422 0.917778 0.182969 0.164444
0 0.401484 0.640833 0.077344 0.356111
0 0.478750 0.364444 0.124687 0.246667
0 0.378594 0.287361 0.135625 0.148611
0 0.321875 0.380139 0.157812 0.199167
0 0.340859 0.294444 0.110469 0.168333
0 0.483516 0.612778 0.108906 0.350556
0 0.420469 0.196250 0.127812 0.084167
0 0.735156 0.507639 0.126250 0.392500
0 0.256406 0.356111 0.067812 0.230000
0 0.218516 0.708194 0.086719 0.255278
0 0.204297 0.287361 0.042656 0.081389
0 0.347031 0.852500 0.201875 0.246667
0 0.295859 0.577778 0.152969 0.179444
0 0.317812 0.218889 0.102500 0.106667
0 0.226328 0.291528 0.052031 0.156944
0 0.213750 0.332222 0.033125 0.064444