0 0.710156 0.811111 0.160938 0.372222
0 0.743750 0.412500 0.150000 0.375000
0 0.400781 0.763889 0.226562 0.250000
0 0.348438 0.861111 0.240625 0.205556
0 0.314844 0.937500 0.220312 0.119444
0 0.524219 0.343056 0.132812 0.263889
0 0.586719 0.355556 0.092188 0.266667
0 0.652344 0.325000 0.085938 0.272222
0 0.756250 0.269444 0.084375 0.211111
0 0.699219 0.366667 0.064062 0.366667
0 0.556250 0.201389 0.134375 0.108333
0 0.698438 0.175000 0.168750 0.094444
0 0.432812 0.226389 0.140625 0.169444
0 0.366406 0.202778 0.101562 0.094444
0 0.399219 0.388889 0.117188 0.177778
0 0.310937 0.479167 0.137500 0.180556
0 0.185156 0.837500 0.135937 0.186111
0 0.112500 0.755556 0.071875 0.133333
0 0.341406 0.275000 0.079687 0.116667
0 0.173437 0.747222 0.131250 0.144444
0 0.142187 0.620833 0.100000 0.175000
0 0.285938 0.620833 0.134375 0.230556
0 0.221094 0.640278 0.089063 0.175000
0 0.292969 0.363889 0.120313 0.216667
0 0.286719 0.272222 0.045312 0.083333
0 0.232813 0.236111 0.053125 0.094444
0 0.277344 0.227778 0.085938 0.077778
0 0.245312 0.333333 0.056250 0.161111
0 0.205469 0.236111 0.051562 0.133333
0 0.206250 0.319444 0.021875 0.077778
0 0.130469 0.537500 0.032813 0.063889
0 0.220312 0.333333 0.040625 0.100000