0 0.555469 0.183333 0.157812 0.088889
0 0.560156 0.231944 0.157812 0.113889
0 0.585156 0.330556 0.170313 0.227778
0 0.670312 0.240278 0.081250 0.219444
0 0.717969 0.277778 0.070312 0.250000
0 0.764062 0.243056 0.062500 0.225000
0 0.155469 0.595833 0.107813 0.080556
0 0.248438 0.676389 0.121875 0.230556
0 0.110156 0.738889 0.051562 0.127778
0 0.320312 0.455556 0.165625 0.183333
0 0.280469 0.272222 0.082812 0.094444
0 0.407031 0.627778 0.085938 0.333333
0 0.482031 0.366667 0.129688 0.227778
0 0.392188 0.266667 0.093750 0.138889
0 0.714844 0.823611 0.145313 0.347222
0 0.353906 0.241667 0.073438 0.094444
0 0.419531 0.308333 0.101562 0.155556
0 0.483594 0.597222 0.107813 0.366667
0 0.421094 0.197222 0.126562 0.083333
0 0.753906 0.505556 0.085938 0.388889
0 0.239063 0.338889 0.078125 0.111111
0 0.327344 0.375000 0.160938 0.183333
0 0.208594 0.275000 0.045312 0.100000
0 0.286719 0.623611 0.129688 0.191667
0 0.409375 0.813889 0.212500 0.327778
0 0.319531 0.219444 0.101562 0.105556
0 0.235937 0.287500 0.065625 0.158333
0 0.115625 0.525000 0.056250 0.061111
0 0.168750 0.693056 0.100000 0.297222