0 0.722422 0.814028 0.150156 0.371944
0 0.754375 0.436389 0.143750 0.326667
0 0.528281 0.339722 0.129375 0.270000
0 0.606563 0.338333 0.142187 0.272778
0 0.339844 0.896389 0.250937 0.173333
0 0.518750 0.968889 0.126250 0.062222
0 0.296719 0.487361 0.155000 0.258611
0 0.725625 0.225972 0.156562 0.139167
0 0.693828 0.176250 0.188594 0.113611
0 0.433281 0.243194 0.140625 0.167500
0 0.320625 0.243194 0.087813 0.116389
0 0.370078 0.189028 0.094219 0.065278
0 0.263047 0.645278 0.161406 0.170556
0 0.200781 0.821111 0.142187 0.147778
0 0.077734 0.601111 0.062344 0.156111
0 0.281484 0.280139 0.047969 0.161944
0 0.240000 0.228889 0.070312 0.071111
0 0.251875 0.308611 0.040000 0.145000
0 0.215234 0.284306 0.062344 0.090833
0 0.292656 0.414861 0.143750 0.266944
0 0.160859 0.663472 0.094219 0.218611
0 0.109688 0.767083 0.071875 0.164722
0 0.326172 0.802778 0.175781 0.122222
0 0.319844 0.947500 0.214062 0.105000
0 0.351797 0.764444 0.201406 0.147778
0 0.416484 0.710417 0.202969 0.318056
0 0.221641 0.336944 0.033594 0.122222
0 0.235078 0.430417 0.047969 0.093611
0 0.194297 0.335417 0.023906 0.056944
0 0.128047 0.588333 0.063906 0.125000
0 0.099375 0.505972 0.028750 0.039722
0 0.113672 0.572778 0.051094 0.122222