0 0.555078 0.189028 0.155469 0.087500
0 0.559766 0.236944 0.155469 0.112222
0 0.584375 0.325972 0.167813 0.208056
0 0.668281 0.245000 0.080000 0.216111
0 0.730703 0.293056 0.090781 0.268333
0 0.760625 0.247778 0.061562 0.221667
0 0.099453 0.494167 0.047656 0.145000
0 0.315703 0.914444 0.181719 0.153333
0 0.380469 0.262778 0.089375 0.147778
0 0.408828 0.316111 0.115469 0.183333
0 0.558984 0.507917 0.141719 0.358611
0 0.081641 0.637778 0.052344 0.153333
0 0.147891 0.606389 0.095469 0.079444
0 0.147187 0.792639 0.106250 0.134167
0 0.441953 0.600833 0.113906 0.369444
0 0.340312 0.510694 0.184688 0.205278
0 0.378047 0.629722 0.137031 0.333889
0 0.466641 0.366806 0.095469 0.240833
0 0.301797 0.417361 0.135469 0.270833
0 0.344141 0.251806 0.093906 0.202500
0 0.515859 0.908750 0.237031 0.164167
0 0.235781 0.388750 0.046250 0.093056
0 0.686875 0.848750 0.129375 0.284722
0 0.422656 0.197083 0.124687 0.093056
0 0.237188 0.652778 0.089375 0.221667
0 0.270313 0.360000 0.044688 0.156111
0 0.305781 0.683056 0.109375 0.265556
0 0.748281 0.500972 0.101562 0.383056
0 0.211875 0.279167 0.041563 0.103889
0 0.254141 0.238333 0.073906 0.082222
0 0.253438 0.293056 0.044688 0.103889
0 0.131641 0.546111 0.047656 0.106667
0 0.144062 0.688472 0.127812 0.161389