0 0.552266 0.181667 0.158594 0.093889
0 0.557422 0.230000 0.158906 0.118889
0 0.583437 0.327917 0.172500 0.233056
0 0.667656 0.234861 0.083437 0.221944
0 0.715781 0.271111 0.072813 0.252222
0 0.761406 0.234861 0.064687 0.226944
0 0.173828 0.705972 0.139844 0.240278
0 0.130078 0.551944 0.038281 0.081667
0 0.418359 0.310833 0.145469 0.182222
0 0.127031 0.792222 0.052812 0.129444
0 0.309375 0.426806 0.153750 0.224167
0 0.271016 0.735139 0.118594 0.298056
0 0.408359 0.630833 0.089219 0.336111
0 0.477578 0.364722 0.125781 0.248333
0 0.377578 0.291250 0.135781 0.151389
0 0.699844 0.788056 0.166563 0.410556
0 0.343906 0.278472 0.099687 0.128056
0 0.484609 0.597778 0.111406 0.370000
0 0.418047 0.199722 0.127344 0.087222
0 0.753984 0.497778 0.089844 0.391667
0 0.278594 0.388750 0.086250 0.188611
0 0.295625 0.531389 0.145625 0.198889
0 0.204922 0.296806 0.042969 0.081944
0 0.194844 0.768056 0.077812 0.280000
0 0.412578 0.816667 0.215781 0.334444
0 0.316797 0.225139 0.102656 0.108611
0 0.233672 0.284583 0.067344 0.182500
0 0.095703 0.548750 0.086094 0.169167
0 0.214844 0.340833 0.033437 0.065000
0 0.146016 0.659722 0.121719 0.151111