0 0.555312 0.183194 0.157812 0.089167
0 0.560000 0.231806 0.157812 0.114167
0 0.585078 0.330417 0.170469 0.228056
0 0.670234 0.240000 0.081406 0.219444
0 0.717891 0.277500 0.070469 0.250000
0 0.763984 0.242778 0.062656 0.225000
0 0.153125 0.594861 0.103125 0.089167
0 0.221953 0.686389 0.087656 0.250000
0 0.110156 0.739444 0.051562 0.127778
0 0.328906 0.455694 0.157812 0.155833
0 0.274062 0.312917 0.154688 0.091944
0 0.407109 0.627778 0.086094 0.333333
0 0.481953 0.366806 0.129844 0.228056
0 0.394375 0.262500 0.098437 0.125000
0 0.714922 0.823472 0.145469 0.347500
0 0.351406 0.241944 0.081250 0.088889
0 0.431875 0.279167 0.082812 0.102778
0 0.483672 0.597361 0.107969 0.366944
0 0.420937 0.197361 0.126562 0.083611
0 0.753828 0.505278 0.086094 0.388889
0 0.257031 0.380833 0.060937 0.116667
0 0.337344 0.391806 0.162500 0.161389
0 0.206875 0.287778 0.042188 0.080556
0 0.290703 0.599028 0.128281 0.208611
0 0.409453 0.814028 0.212656 0.328056
0 0.319375 0.219861 0.101562 0.105833
0 0.235781 0.287778 0.065625 0.158333
0 0.116406 0.522778 0.039062 0.072222
0 0.167266 0.737917 0.106406 0.303056