0 0.714922 0.814167 0.149531 0.371667
0 0.748828 0.443194 0.142969 0.322500
0 0.528438 0.343611 0.128438 0.266667
0 0.605000 0.344028 0.140937 0.269722
0 0.388594 0.886528 0.259063 0.183611
0 0.542812 0.953889 0.124063 0.091667
0 0.525625 0.200556 0.151562 0.225556
0 0.720703 0.238472 0.157031 0.114722
0 0.691328 0.183333 0.175781 0.117778
0 0.436172 0.247083 0.138594 0.166944
0 0.333906 0.240694 0.083750 0.124167
0 0.371016 0.190278 0.094219 0.060556
0 0.272422 0.629583 0.138906 0.205833
0 0.202578 0.804306 0.141719 0.153056
0 0.086797 0.585139 0.060469 0.162500
0 0.281875 0.290833 0.049688 0.176111
0 0.247266 0.229167 0.069219 0.071111
0 0.256094 0.304306 0.038437 0.142500
0 0.222656 0.282639 0.061562 0.090278
0 0.300469 0.433056 0.149063 0.300556
0 0.171484 0.657778 0.099844 0.210556
0 0.116172 0.752500 0.071406 0.162778
0 0.323359 0.830694 0.183594 0.118056
0 0.312500 0.929028 0.213438 0.132500
0 0.355938 0.762083 0.185312 0.129167
0 0.226172 0.336806 0.032031 0.120278
0 0.423750 0.683056 0.198750 0.262778
0 0.244219 0.426111 0.053750 0.092778
0 0.139844 0.591944 0.079063 0.140556
0 0.199609 0.325278 0.019219 0.064444
0 0.117422 0.559444 0.049219 0.120556
0 0.107813 0.489722 0.028437 0.047778