0 0.497813 0.835139 0.152500 0.304167
0 0.287812 0.291806 0.158750 0.201944
0 0.236484 0.190833 0.121406 0.105000
0 0.672812 0.679028 0.054375 0.074722
0 0.664297 0.708194 0.167969 0.088611
0 0.556953 0.334722 0.102656 0.105000
0 0.630156 0.369306 0.071563 0.080278
0 0.696250 0.453472 0.073125 0.171389
0 0.693906 0.493611 0.084062 0.124444
0 0.441797 0.688611 0.180469 0.226667
0 0.221641 0.652778 0.237969 0.370556
0 0.378828 0.282222 0.182031 0.138333
0 0.285469 0.453611 0.147812 0.265556
0 0.358594 0.977639 0.144687 0.035833
0 0.570234 0.932222 0.104219 0.127222
0 0.543047 0.398472 0.121406 0.094167
0 0.507891 0.507639 0.107344 0.179722
0 0.263047 0.827083 0.342344 0.337500
0 0.485469 0.401111 0.065312 0.138333
0 0.198359 0.293333 0.094844 0.282222
0 0.242031 0.300139 0.085625 0.163056
0 0.392109 0.396806 0.112031 0.174167
0 0.154844 0.327639 0.060625 0.190833
0 0.536016 0.549028 0.038906 0.069167
0 0.413047 0.228056 0.097969 0.124444
0 0.769297 0.597361 0.097969 0.171389
0 0.803594 0.767639 0.073125 0.085833
0 0.510234 0.312500 0.108906 0.132778
0 0.746797 0.692917 0.099531 0.179722