0 0.689219 0.825000 0.183438 0.350000
0 0.765547 0.465139 0.137031 0.395278
0 0.397031 0.747778 0.244062 0.343333
0 0.322813 0.813750 0.222812 0.273611
0 0.288359 0.897639 0.226406 0.162500
0 0.533984 0.348750 0.148594 0.288611
0 0.617422 0.360000 0.122969 0.294444
0 0.693047 0.344306 0.161719 0.253056
0 0.746719 0.365139 0.145313 0.285278
0 0.577734 0.217778 0.141094 0.145556
0 0.729531 0.253889 0.179062 0.163889
0 0.724766 0.203889 0.160469 0.113889
0 0.449063 0.224306 0.153438 0.172500
0 0.360000 0.216111 0.104375 0.121667
0 0.392734 0.158472 0.102656 0.072500
0 0.261797 0.573889 0.155781 0.208333
0 0.163125 0.779028 0.154375 0.210833
0 0.267656 0.333333 0.075938 0.206111
0 0.300937 0.216944 0.052187 0.097778
0 0.261875 0.189583 0.071875 0.118056
0 0.217031 0.264306 0.021250 0.069722
0 0.264531 0.244583 0.047500 0.121389
0 0.309531 0.168194 0.063750 0.061944
0 0.302969 0.371111 0.137500 0.305556
0 0.142813 0.589028 0.140937 0.265278
0 0.122578 0.438333 0.022969 0.048333
0 0.095000 0.415972 0.064375 0.143611
0 0.095000 0.513750 0.068125 0.155278
0 0.230312 0.289444 0.038125 0.116667
0 0.241797 0.379583 0.049531 0.105278