0 0.531641 0.167222 0.155469 0.106667
0 0.539375 0.221667 0.169063 0.147778
0 0.579609 0.303889 0.181719 0.245556
0 0.651641 0.205972 0.095469 0.235278
0 0.717656 0.239444 0.109688 0.287222
0 0.744844 0.188611 0.077187 0.236667
0 0.079844 0.732639 0.066250 0.166389
0 0.108984 0.628611 0.052344 0.141667
0 0.165703 0.873889 0.096094 0.178333
0 0.337344 0.929861 0.199687 0.140278
0 0.532656 0.947500 0.072813 0.105000
0 0.307891 0.545278 0.177969 0.280000
0 0.294375 0.356528 0.109375 0.191944
0 0.269687 0.712917 0.133125 0.226944
0 0.352266 0.306389 0.133594 0.188889
0 0.069219 0.772778 0.083750 0.129444
0 0.181016 0.646806 0.058281 0.094167
0 0.472109 0.343750 0.117031 0.236944
0 0.411406 0.400139 0.086875 0.244167
0 0.388984 0.325139 0.116719 0.188056
0 0.558594 0.494306 0.165625 0.391389
0 0.448906 0.604583 0.147500 0.371389
0 0.685859 0.676944 0.241094 0.331667
0 0.707266 0.841806 0.164219 0.258056
0 0.214609 0.445000 0.044219 0.110000
0 0.283984 0.297222 0.101719 0.125000
0 0.307734 0.240556 0.093594 0.071667
0 0.400859 0.220417 0.131094 0.128611
0 0.295469 0.465556 0.150313 0.255000
0 0.222578 0.285139 0.092031 0.139167
0 0.233047 0.438194 0.057031 0.074722
0 0.208672 0.334444 0.113906 0.146667
0 0.128203 0.632917 0.042031 0.123056