0 0.556250 0.182361 0.159375 0.089722
0 0.561094 0.231389 0.159375 0.115000
0 0.586328 0.322778 0.172031 0.213333
0 0.672266 0.240000 0.082031 0.221667
0 0.720469 0.276250 0.070938 0.249722
0 0.767031 0.242778 0.063125 0.227222
0 0.120703 0.631250 0.080469 0.129167
0 0.310937 0.915278 0.186250 0.169444
0 0.406328 0.312917 0.118281 0.188056
0 0.071016 0.645139 0.053594 0.145833
0 0.150000 0.568056 0.088438 0.120556
0 0.138203 0.777222 0.108906 0.123333
0 0.347969 0.521806 0.159375 0.263611
0 0.388984 0.646806 0.115156 0.367500
0 0.479062 0.364861 0.124687 0.246944
0 0.383594 0.281944 0.126250 0.160000
0 0.299141 0.469861 0.137344 0.210278
0 0.336172 0.293333 0.113594 0.165556
0 0.306172 0.399722 0.142031 0.182222
0 0.485313 0.611806 0.165625 0.353611
0 0.420625 0.190694 0.127812 0.095278
0 0.748047 0.485417 0.116719 0.420833
0 0.258828 0.336806 0.041094 0.084167
0 0.262734 0.652222 0.108906 0.221667
0 0.204453 0.275000 0.042656 0.106667
0 0.232734 0.391389 0.048906 0.165556
0 0.342500 0.852917 0.214688 0.246944
0 0.308516 0.628333 0.108906 0.224444
0 0.248516 0.234306 0.083594 0.086944
0 0.319688 0.218750 0.090000 0.089722