0 0.561250 0.157083 0.170938 0.096389
0 0.566250 0.209722 0.170938 0.123333
0 0.593359 0.307361 0.184531 0.228611
0 0.685547 0.218611 0.087969 0.237778
0 0.750859 0.271389 0.103281 0.295000
0 0.787266 0.221667 0.067656 0.243889
0 0.071172 0.558889 0.054219 0.237778
0 0.298047 0.935139 0.199844 0.129722
0 0.400391 0.296944 0.127031 0.201667
0 0.040625 0.653472 0.057500 0.156389
0 0.120234 0.575417 0.087969 0.132500
0 0.112656 0.795139 0.116875 0.132500
0 0.355547 0.494028 0.135469 0.228611
0 0.366563 0.611528 0.150625 0.306944
0 0.463906 0.321111 0.105000 0.201667
0 0.372500 0.263889 0.142187 0.171667
0 0.290313 0.421667 0.157500 0.246667
0 0.325000 0.275694 0.121875 0.177500
0 0.541719 0.515000 0.179375 0.288889
0 0.441875 0.607083 0.118438 0.406389
0 0.415625 0.165833 0.137187 0.102222
0 0.591719 0.719722 0.218438 0.445556
0 0.212500 0.716806 0.113437 0.276944
0 0.233594 0.384167 0.077812 0.195556
0 0.286094 0.578333 0.159062 0.186667
0 0.183672 0.256389 0.045781 0.114444
0 0.351328 0.832639 0.228594 0.189722
0 0.230234 0.215556 0.087969 0.093333
0 0.312344 0.169167 0.096562 0.150556