0 0.695469 0.781806 0.132500 0.335833
0 0.735703 0.444583 0.102969 0.288056
0 0.428281 0.721528 0.190312 0.305833
0 0.362734 0.769028 0.180469 0.155278
0 0.335313 0.889583 0.193125 0.120278
0 0.521328 0.359583 0.119844 0.238056
0 0.596797 0.358333 0.095781 0.240556
0 0.666484 0.320694 0.139531 0.175278
0 0.551719 0.234167 0.124063 0.107778
0 0.693359 0.250417 0.136719 0.090278
0 0.681406 0.201667 0.146562 0.082778
0 0.439609 0.259167 0.122656 0.162778
0 0.353594 0.270417 0.066250 0.110278
0 0.376797 0.219167 0.090156 0.077778
0 0.288828 0.637500 0.122656 0.152778
0 0.211875 0.702917 0.129688 0.193056
0 0.133047 0.575000 0.059219 0.162778
0 0.534688 0.527500 0.126875 0.343333
0 0.287266 0.310694 0.032344 0.105278
0 0.262734 0.269167 0.050781 0.092778
0 0.233125 0.345556 0.022500 0.055000
0 0.274688 0.336944 0.035313 0.132778
0 0.301406 0.226667 0.060625 0.097778
0 0.316250 0.463333 0.110000 0.275556
0 0.199297 0.620000 0.076094 0.157778
0 0.150625 0.726528 0.055000 0.130278
0 0.313516 0.286667 0.050781 0.157778
0 0.345859 0.835556 0.186094 0.157778
0 0.250703 0.354444 0.029531 0.112778
0 0.265547 0.439722 0.042344 0.082778