0 0.555469 0.183333 0.157812 0.088889
0 0.560156 0.231944 0.157812 0.113889
0 0.577344 0.315278 0.182812 0.197222
0 0.670312 0.240278 0.081250 0.219444
0 0.733594 0.244444 0.092188 0.183333
0 0.764062 0.243056 0.062500 0.225000
0 0.141406 0.612500 0.070312 0.102778
0 0.307812 0.919444 0.190625 0.155556
0 0.373437 0.284722 0.125000 0.147222
0 0.107813 0.544444 0.040625 0.116667
0 0.407031 0.312500 0.117188 0.186111
0 0.553125 0.506944 0.131250 0.363889
0 0.064844 0.640278 0.035937 0.147222
0 0.226562 0.388889 0.043750 0.172222
0 0.132031 0.677778 0.117188 0.138889
0 0.680469 0.875000 0.132812 0.244444
0 0.078906 0.656944 0.035937 0.163889
0 0.440625 0.601389 0.115625 0.375000
0 0.310156 0.505556 0.176563 0.283333
0 0.360938 0.645833 0.131250 0.330556
0 0.453906 0.363889 0.104688 0.244444
0 0.422656 0.188889 0.120313 0.077778
0 0.314844 0.268056 0.120313 0.202778
0 0.712500 0.438889 0.184375 0.272222
0 0.302344 0.390278 0.123438 0.180556
0 0.199219 0.259722 0.082812 0.130556
0 0.209375 0.694444 0.115625 0.311111
0 0.297656 0.231944 0.123438 0.097222
0 0.227344 0.266667 0.073438 0.133333
0 0.125000 0.544444 0.031250 0.116667