0 0.716406 0.812778 0.147812 0.373333
0 0.741484 0.439306 0.121094 0.320278
0 0.420547 0.743889 0.211719 0.340556
0 0.347734 0.796111 0.200469 0.173889
0 0.316875 0.929167 0.214375 0.135000
0 0.527656 0.343333 0.127188 0.265000
0 0.600313 0.342361 0.122500 0.267500
0 0.610391 0.417500 0.155469 0.290000
0 0.557813 0.196389 0.133125 0.109444
0 0.720156 0.226667 0.161250 0.112222
0 0.701641 0.162500 0.161094 0.078889
0 0.435078 0.246667 0.137969 0.162222
0 0.336562 0.225000 0.084687 0.147778
0 0.385078 0.189444 0.072031 0.058889
0 0.273047 0.633056 0.137969 0.203889
0 0.197813 0.720000 0.135000 0.284444
0 0.093516 0.578889 0.066094 0.181111
0 0.272344 0.300972 0.034687 0.144722
0 0.247578 0.225833 0.068906 0.061667
0 0.250469 0.314583 0.040938 0.144722
0 0.213047 0.289444 0.056406 0.095000
0 0.308750 0.427778 0.130312 0.276111
0 0.161328 0.655556 0.077031 0.178333
0 0.111875 0.759444 0.059688 0.153333
0 0.304375 0.276250 0.048750 0.150278
0 0.331172 0.877778 0.211406 0.182222
0 0.223906 0.335417 0.034687 0.119722
0 0.243125 0.438194 0.048750 0.097500