0 0.572891 0.194722 0.162031 0.116111
0 0.574844 0.243889 0.163437 0.141111
0 0.594219 0.346389 0.182188 0.256667
0 0.683906 0.271667 0.093125 0.232778
0 0.729297 0.317222 0.083906 0.261111
0 0.777031 0.290833 0.074687 0.235000
0 0.114062 0.717917 0.079375 0.153611
0 0.210000 0.828194 0.164062 0.236944
0 0.472031 0.909861 0.167500 0.180278
0 0.245000 0.273472 0.066875 0.121389
0 0.399922 0.617778 0.105781 0.377222
0 0.499922 0.360417 0.152031 0.240278
0 0.393359 0.257917 0.141406 0.189167
0 0.695703 0.837083 0.163906 0.325833
0 0.367891 0.208611 0.073906 0.138889
0 0.438672 0.292361 0.128906 0.184167
0 0.452734 0.587917 0.114531 0.395278
0 0.752344 0.550278 0.107187 0.402222
0 0.295078 0.261389 0.050781 0.082778
0 0.313828 0.503194 0.153281 0.180278
0 0.232891 0.222500 0.071406 0.119444
0 0.454688 0.159861 0.135000 0.155278
0 0.190703 0.653194 0.124531 0.325833
0 0.505312 0.755139 0.220312 0.444167
0 0.118438 0.429583 0.065312 0.093611
0 0.332109 0.188333 0.082969 0.107778
0 0.325000 0.399306 0.175000 0.266389
0 0.289062 0.328611 0.069062 0.160000
0 0.235078 0.365278 0.053906 0.165556
0 0.289687 0.654167 0.159062 0.282778
0 0.077109 0.591250 0.102344 0.179722
0 0.140625 0.595417 0.129062 0.186944