0 0.734375 0.750694 0.190938 0.411389
0 0.751172 0.342917 0.144844 0.401389
0 0.424531 0.787778 0.245312 0.308333
0 0.372500 0.884167 0.238437 0.231667
0 0.354297 0.946806 0.227969 0.106389
0 0.510469 0.338333 0.153750 0.296667
0 0.592656 0.310278 0.128438 0.300556
0 0.652656 0.272639 0.150625 0.276944
0 0.722031 0.215833 0.136563 0.254444
0 0.591641 0.875556 0.145469 0.235556
0 0.530078 0.189722 0.142031 0.143333
0 0.664609 0.127778 0.176094 0.136667
0 0.410391 0.250278 0.157031 0.211667
0 0.340078 0.231806 0.137031 0.171389
0 0.300469 0.459028 0.144375 0.275278
0 0.224609 0.909306 0.164844 0.181389
0 0.136250 0.855139 0.065938 0.151944
0 0.324063 0.320417 0.088750 0.136944
0 0.162500 0.710139 0.134688 0.197500
0 0.301250 0.669444 0.155313 0.262222
0 0.226875 0.769722 0.101250 0.282222
0 0.346094 0.549167 0.189375 0.236667
0 0.272656 0.356944 0.055625 0.154444
0 0.240156 0.346111 0.067187 0.184444
0 0.233672 0.436389 0.052031 0.113333
0 0.191406 0.322917 0.087813 0.125833
0 0.196563 0.400278 0.035937 0.085000
0 0.135625 0.636111 0.030000 0.067222
0 0.214375 0.405278 0.051875 0.129444
0 0.268203 0.278194 0.052344 0.065278