0 0.444531 0.183333 0.157812 0.088889
0 0.439844 0.231944 0.157812 0.113889
0 0.407813 0.322222 0.168750 0.211111
0 0.329688 0.240278 0.081250 0.219444
0 0.266406 0.287500 0.092188 0.269444
0 0.235937 0.243056 0.062500 0.225000
0 0.932813 0.641667 0.056250 0.155556
0 0.896875 0.544444 0.043750 0.133333
0 0.864062 0.780556 0.100000 0.200000
0 0.692187 0.919444 0.190625 0.155556
0 0.742969 0.679167 0.120313 0.236111
0 0.633594 0.276389 0.123438 0.163889
0 0.659375 0.348611 0.112500 0.130556
0 0.853906 0.625000 0.104688 0.127778
0 0.554688 0.363889 0.093750 0.238889
0 0.876563 0.533333 0.059375 0.094444
0 0.598437 0.302778 0.106250 0.166667
0 0.441406 0.506944 0.142187 0.363889
0 0.687500 0.562500 0.184375 0.219444
0 0.764062 0.383333 0.053125 0.183333
0 0.629687 0.216667 0.109375 0.172222
0 0.327344 0.715278 0.223438 0.286111
0 0.317188 0.883333 0.150000 0.227778
0 0.559375 0.601389 0.115625 0.375000
0 0.773438 0.384722 0.050000 0.102778
0 0.718750 0.340278 0.065625 0.180556
0 0.579688 0.201389 0.125000 0.102778
0 0.778125 0.238889 0.065625 0.100000
0 0.693750 0.234722 0.053125 0.069444
0 0.688281 0.425000 0.129688 0.183333
0 0.732031 0.223611 0.048438 0.108333