0 0.548594 0.179861 0.159688 0.099722
0 0.554297 0.227917 0.160156 0.124722
0 0.581328 0.324722 0.175156 0.239444
0 0.664531 0.228889 0.085938 0.225000
0 0.713047 0.262917 0.075781 0.254722
0 0.758203 0.225139 0.067344 0.229167
0 0.118594 0.789028 0.055625 0.117500
0 0.234687 0.843611 0.144687 0.270556
0 0.311875 0.476806 0.165313 0.288611
0 0.233281 0.312778 0.048125 0.058889
0 0.410000 0.641111 0.093750 0.369444
0 0.482109 0.362361 0.131719 0.247500
0 0.382734 0.285833 0.140781 0.165000
0 0.721719 0.808472 0.152812 0.356944
0 0.336016 0.262500 0.122656 0.122222
0 0.403281 0.327361 0.155313 0.185278
0 0.477422 0.608611 0.098281 0.358889
0 0.414453 0.194583 0.128594 0.103056
0 0.753906 0.488056 0.094375 0.394444
0 0.236719 0.404028 0.075625 0.176944
0 0.288203 0.358889 0.077344 0.188333
0 0.202578 0.307778 0.043906 0.083333
0 0.252656 0.703194 0.148125 0.215278
0 0.521250 0.757083 0.202500 0.418611
0 0.311797 0.222500 0.143281 0.206667
0 0.151484 0.612917 0.088281 0.116944
0 0.162578 0.765139 0.084531 0.227500
0 0.076172 0.673889 0.110469 0.135000
0 0.133984 0.708750 0.080156 0.099722