0 0.444531 0.183333 0.157812 0.088889
0 0.439844 0.231944 0.157812 0.113889
0 0.422656 0.315278 0.182812 0.197222
0 0.329688 0.240278 0.081250 0.219444
0 0.266406 0.244444 0.092188 0.183333
0 0.235937 0.243056 0.062500 0.225000
0 0.858594 0.612500 0.070312 0.102778
0 0.692187 0.919444 0.190625 0.155556
0 0.626563 0.284722 0.125000 0.147222
0 0.892188 0.544444 0.040625 0.116667
0 0.592969 0.312500 0.117188 0.186111
0 0.446875 0.506944 0.131250 0.363889
0 0.935156 0.640278 0.035937 0.147222
0 0.773438 0.388889 0.043750 0.172222
0 0.867969 0.677778 0.117188 0.138889
0 0.319531 0.875000 0.132812 0.244444
0 0.921094 0.656944 0.035937 0.163889
0 0.559375 0.601389 0.115625 0.375000
0 0.689844 0.505556 0.176563 0.283333
0 0.639062 0.645833 0.131250 0.330556
0 0.546094 0.363889 0.104688 0.244444
0 0.577344 0.188889 0.120313 0.077778
0 0.685156 0.268056 0.120313 0.202778
0 0.287500 0.438889 0.184375 0.272222
0 0.697656 0.390278 0.123438 0.180556
0 0.800781 0.259722 0.082812 0.130556
0 0.790625 0.694444 0.115625 0.311111
0 0.702344 0.231944 0.123438 0.097222
0 0.772656 0.266667 0.073438 0.133333
0 0.875000 0.544444 0.031250 0.116667