0 0.289844 0.811111 0.160938 0.372222
0 0.238281 0.412500 0.114062 0.375000
0 0.599219 0.763889 0.226562 0.250000
0 0.656250 0.847222 0.209375 0.233333
0 0.685156 0.937500 0.220312 0.119444
0 0.475781 0.343056 0.132812 0.263889
0 0.392188 0.337500 0.106250 0.275000
0 0.332031 0.320833 0.129688 0.247222
0 0.273438 0.286111 0.137500 0.216667
0 0.603125 0.523611 0.187500 0.191667
0 0.440625 0.200000 0.131250 0.105556
0 0.305469 0.176389 0.170313 0.091667
0 0.571875 0.247222 0.146875 0.177778
0 0.631250 0.209722 0.134375 0.102778
0 0.735938 0.526389 0.128125 0.230556
0 0.806250 0.859722 0.153125 0.197222
0 0.893750 0.752778 0.059375 0.105556
0 0.659375 0.283333 0.087500 0.116667
0 0.846094 0.652778 0.110937 0.211111
0 0.724219 0.683333 0.173437 0.211111
0 0.796094 0.694444 0.076563 0.266667
0 0.685937 0.397222 0.137500 0.194444
0 0.717187 0.311111 0.059375 0.166667
0 0.740625 0.301389 0.065625 0.180556
0 0.754687 0.223611 0.062500 0.108333
0 0.795312 0.326389 0.015625 0.069444
0 0.763281 0.295833 0.057813 0.113889
0 0.713281 0.219444 0.054688 0.055556
0 0.777344 0.379167 0.042188 0.108333
0 0.877344 0.537500 0.042188 0.108333