0 0.444531 0.183333 0.157812 0.088889
0 0.439844 0.231944 0.157812 0.113889
0 0.414844 0.322222 0.170313 0.211111
0 0.329688 0.240278 0.081250 0.219444
0 0.266406 0.288889 0.092188 0.272222
0 0.235937 0.243056 0.062500 0.225000
0 0.687500 0.919444 0.184375 0.155556
0 0.626563 0.284722 0.125000 0.147222
0 0.897656 0.559722 0.057813 0.147222
0 0.592969 0.312500 0.117188 0.186111
0 0.446875 0.506944 0.131250 0.363889
0 0.928906 0.638889 0.042188 0.127778
0 0.851562 0.566667 0.081250 0.072222
0 0.319531 0.875000 0.132812 0.244444
0 0.857031 0.793056 0.085938 0.119444
0 0.559375 0.601389 0.115625 0.375000
0 0.653125 0.544444 0.140625 0.300000
0 0.628906 0.630556 0.123438 0.344444
0 0.534375 0.363889 0.096875 0.244444
0 0.578125 0.195833 0.125000 0.091667
0 0.708594 0.401389 0.117188 0.269444
0 0.703125 0.284722 0.103125 0.163889
0 0.492188 0.909722 0.165625 0.175000
0 0.765625 0.387500 0.053125 0.108333
0 0.714844 0.594444 0.145313 0.222222
0 0.873437 0.668056 0.100000 0.186111
0 0.806250 0.308333 0.078125 0.127778
0 0.754687 0.243056 0.053125 0.080556
0 0.682031 0.230556 0.123438 0.105556
0 0.879687 0.520833 0.025000 0.063889