0 0.289844 0.811111 0.160938 0.372222
0 0.238281 0.412500 0.114062 0.375000
0 0.599219 0.763889 0.226562 0.250000
0 0.661719 0.848611 0.220312 0.230556
0 0.685156 0.937500 0.220312 0.119444
0 0.475781 0.343056 0.132812 0.263889
0 0.392188 0.337500 0.106250 0.275000
0 0.329688 0.316667 0.131250 0.244444
0 0.256250 0.279167 0.118750 0.225000
0 0.460938 0.950000 0.162500 0.094444
0 0.441406 0.201389 0.129688 0.108333
0 0.305469 0.176389 0.170313 0.091667
0 0.567187 0.248611 0.143750 0.169444
0 0.635156 0.211111 0.126562 0.094444
0 0.693750 0.405556 0.125000 0.244444
0 0.809375 0.855556 0.150000 0.194444
0 0.888281 0.763889 0.060937 0.111111
0 0.658594 0.275000 0.079687 0.116667
0 0.906250 0.591667 0.087500 0.183333
0 0.851562 0.640278 0.121875 0.186111
0 0.710938 0.613889 0.137500 0.227778
0 0.792969 0.693056 0.079687 0.263889
0 0.667188 0.506944 0.165625 0.197222
0 0.708594 0.295833 0.042188 0.130556
0 0.740625 0.290278 0.046875 0.180556
0 0.764062 0.366667 0.037500 0.100000
0 0.753906 0.209722 0.067187 0.113889
0 0.791406 0.318056 0.023438 0.080556
0 0.707031 0.212500 0.054688 0.052778
0 0.774219 0.329167 0.042188 0.119444