0 0.498437 0.836111 0.153125 0.305556
0 0.287500 0.290278 0.159375 0.202778
0 0.235937 0.188889 0.121875 0.105556
0 0.642969 0.697222 0.160938 0.100000
0 0.539844 0.309722 0.104688 0.097222
0 0.631250 0.368056 0.071875 0.080556
0 0.569531 0.406944 0.070312 0.069444
0 0.696094 0.436111 0.070312 0.138889
0 0.695312 0.493056 0.084375 0.125000
0 0.442188 0.688889 0.181250 0.227778
0 0.239063 0.594444 0.268750 0.277778
0 0.378906 0.280556 0.182812 0.138889
0 0.271094 0.397222 0.173437 0.211111
0 0.295312 0.919444 0.187500 0.155556
0 0.571094 0.933333 0.104688 0.127778
0 0.712500 0.590278 0.043750 0.169444
0 0.489063 0.479167 0.093750 0.263889
0 0.203125 0.800000 0.165625 0.394444
0 0.476562 0.372222 0.056250 0.100000
0 0.197656 0.291667 0.095312 0.283333
0 0.236719 0.280556 0.085938 0.166667
0 0.395313 0.411111 0.118750 0.205556
0 0.153906 0.326389 0.060937 0.191667
0 0.557031 0.491667 0.067187 0.133333
0 0.418750 0.247222 0.106250 0.105556
0 0.776563 0.619444 0.090625 0.150000
0 0.802344 0.762500 0.073438 0.091667
0 0.750000 0.691667 0.075000 0.105556
0 0.545312 0.365278 0.090625 0.097222