0 0.289844 0.811111 0.160938 0.372222
0 0.238281 0.412500 0.114062 0.375000
0 0.592969 0.729167 0.239063 0.180556
0 0.656250 0.847222 0.209375 0.233333
0 0.685156 0.937500 0.220312 0.119444
0 0.475781 0.343056 0.132812 0.263889
0 0.392188 0.337500 0.106250 0.275000
0 0.327344 0.316667 0.132812 0.238889
0 0.257031 0.293056 0.123438 0.252778
0 0.516406 0.840278 0.189062 0.313889
0 0.440625 0.200000 0.131250 0.105556
0 0.305469 0.176389 0.170313 0.091667
0 0.567187 0.248611 0.143750 0.169444
0 0.635156 0.211111 0.126562 0.094444
0 0.701562 0.416667 0.112500 0.238889
0 0.804688 0.847222 0.150000 0.183333
0 0.888281 0.763889 0.060937 0.111111
0 0.660937 0.283333 0.075000 0.100000
0 0.876563 0.506944 0.021875 0.036111
0 0.847656 0.636111 0.123438 0.194444
0 0.709375 0.618056 0.143750 0.219444
0 0.787500 0.687500 0.084375 0.263889
0 0.664062 0.513889 0.165625 0.172222
0 0.709375 0.294444 0.043750 0.150000
0 0.733594 0.302778 0.054688 0.177778
0 0.751563 0.222222 0.068750 0.111111
0 0.796094 0.316667 0.020313 0.072222
0 0.765625 0.283333 0.059375 0.105556
0 0.872656 0.538889 0.023438 0.044444
0 0.710156 0.215278 0.060937 0.063889
0 0.777344 0.366667 0.035937 0.072222