0 0.282813 0.811111 0.146875 0.372222
0 0.245312 0.431944 0.128125 0.308333
0 0.472656 0.343056 0.126562 0.263889
0 0.396094 0.336111 0.139063 0.255556
0 0.628125 0.880556 0.218750 0.172222
0 0.482031 0.962500 0.123438 0.069444
0 0.835156 0.606944 0.092188 0.152778
0 0.279687 0.251389 0.153125 0.147222
0 0.657031 0.263889 0.132812 0.211111
0 0.562500 0.247222 0.137500 0.166667
0 0.692969 0.234722 0.057813 0.069444
0 0.639844 0.187500 0.079687 0.052778
0 0.682031 0.420833 0.142187 0.230556
0 0.810156 0.834722 0.110937 0.197222
0 0.911719 0.593056 0.060937 0.175000
0 0.714844 0.270833 0.032813 0.102778
0 0.761719 0.241667 0.054688 0.061111
0 0.732812 0.300000 0.043750 0.155556
0 0.780469 0.300000 0.051562 0.100000
0 0.723437 0.187500 0.071875 0.086111
0 0.882031 0.761111 0.070312 0.161111
0 0.680469 0.577778 0.160938 0.194444
0 0.686719 0.927778 0.195312 0.138889
0 0.656250 0.776389 0.209375 0.191667
0 0.757031 0.647222 0.082812 0.266667
0 0.767188 0.341667 0.040625 0.133333
0 0.754687 0.438889 0.056250 0.122222
0 0.800000 0.331944 0.025000 0.063889
0 0.888281 0.505556 0.029687 0.038889
0 0.864062 0.619444 0.031250 0.050000
0 0.881250 0.573611 0.040625 0.108333