0 0.684688 0.833056 0.180000 0.333889
0 0.757812 0.514722 0.155000 0.352778
0 0.541719 0.353472 0.149688 0.298056
0 0.617969 0.369583 0.161250 0.293611
0 0.334687 0.842917 0.250625 0.227500
0 0.473984 0.954306 0.128281 0.091389
0 0.258437 0.522639 0.157500 0.239167
0 0.741875 0.308472 0.162500 0.166389
0 0.716250 0.244306 0.192188 0.164722
0 0.459141 0.232500 0.151094 0.202778
0 0.350547 0.199583 0.095469 0.138056
0 0.401953 0.160278 0.096719 0.087778
0 0.173672 0.613889 0.109531 0.206111
0 0.166484 0.729861 0.126406 0.179167
0 0.083203 0.473611 0.074531 0.168889
0 0.309375 0.223611 0.061250 0.170000
0 0.274062 0.162222 0.074375 0.088889
0 0.278203 0.242361 0.048906 0.150278
0 0.245000 0.208472 0.068437 0.105833
0 0.313203 0.348889 0.153281 0.288333
0 0.159453 0.564444 0.105469 0.226111
0 0.098672 0.643194 0.084531 0.179722
0 0.475078 0.676944 0.248281 0.343889
0 0.282188 0.877639 0.210000 0.178056
0 0.309609 0.732639 0.245156 0.218056
0 0.375000 0.614167 0.160625 0.208333
0 0.246094 0.263750 0.050938 0.140278
0 0.250313 0.350972 0.057188 0.113056
0 0.220312 0.251667 0.028437 0.061667
0 0.118203 0.449028 0.049531 0.110833
0 0.116797 0.389444 0.032969 0.047222
0 0.133984 0.481944 0.073594 0.112778