0 0.723437 0.815139 0.150000 0.369722
0 0.755312 0.438750 0.143750 0.326389
0 0.529531 0.342361 0.129375 0.269722
0 0.607578 0.340694 0.142031 0.272500
0 0.368125 0.908333 0.266562 0.181667
0 0.534297 0.959861 0.126094 0.080278
0 0.299531 0.488333 0.145313 0.261111
0 0.726641 0.228750 0.156406 0.139167
0 0.694688 0.179028 0.188437 0.113611
0 0.434453 0.245694 0.140469 0.167500
0 0.315547 0.249861 0.097344 0.119167
0 0.367422 0.189028 0.095781 0.059722
0 0.270078 0.640278 0.140469 0.207222
0 0.200625 0.816111 0.148438 0.178889
0 0.079219 0.603333 0.062187 0.156111
0 0.282891 0.282500 0.047969 0.161667
0 0.241250 0.231528 0.070312 0.070833
0 0.252422 0.309583 0.035156 0.147500
0 0.216562 0.286806 0.062187 0.090833
0 0.297969 0.415972 0.145313 0.252500
0 0.165391 0.664444 0.097344 0.210000
0 0.111250 0.769306 0.071875 0.164722
0 0.318750 0.813194 0.164375 0.144722
0 0.311563 0.934306 0.204375 0.131389
0 0.337969 0.756667 0.202813 0.133333
0 0.220469 0.342083 0.031875 0.121944
0 0.420859 0.695556 0.209219 0.255556
0 0.238047 0.431528 0.051094 0.090833
0 0.135859 0.604861 0.082969 0.141944
0 0.193359 0.332361 0.022344 0.062500
0 0.100781 0.508194 0.028750 0.039722
0 0.112656 0.579167 0.046250 0.125000