0 0.558359 0.186250 0.163906 0.097500
0 0.562344 0.235139 0.164375 0.122500
0 0.595156 0.327222 0.172187 0.220000
0 0.674609 0.249306 0.084844 0.223611
0 0.737109 0.299861 0.096719 0.274167
0 0.768281 0.257222 0.066250 0.228333
0 0.065078 0.618750 0.058906 0.158611
0 0.102500 0.523333 0.045937 0.135556
0 0.138047 0.780833 0.088594 0.165556
0 0.300781 0.909167 0.193125 0.165556
0 0.494844 0.951250 0.068750 0.095278
0 0.305547 0.535417 0.165156 0.166944
0 0.254297 0.649583 0.123594 0.209167
0 0.370234 0.269306 0.126094 0.170278
0 0.135703 0.645972 0.113281 0.147500
0 0.150234 0.567500 0.054531 0.086111
0 0.485547 0.337917 0.106719 0.221944
0 0.418203 0.388611 0.080781 0.256667
0 0.405000 0.297500 0.109062 0.172222
0 0.558516 0.510139 0.148281 0.371389
0 0.262969 0.367917 0.071875 0.192500
0 0.440703 0.589861 0.130781 0.353611
0 0.668906 0.724444 0.228125 0.297778
0 0.676250 0.887500 0.153750 0.225000
0 0.228672 0.370139 0.051719 0.105278
0 0.328125 0.215833 0.098437 0.105000
0 0.425391 0.197222 0.126719 0.109444
0 0.300625 0.411667 0.139688 0.235000
0 0.225234 0.247917 0.122656 0.153611
0 0.281953 0.217500 0.056719 0.127778
0 0.234922 0.367917 0.047969 0.071944
0 0.241719 0.245972 0.111875 0.158611
0 0.122812 0.528611 0.036250 0.115556