0 0.557422 0.172917 0.163281 0.091944
0 0.562266 0.223333 0.163281 0.117778
0 0.580000 0.309444 0.189062 0.203889
0 0.676250 0.231806 0.084062 0.226944
0 0.741719 0.260694 0.095312 0.238611
0 0.773281 0.234722 0.064687 0.232778
0 0.306172 0.926944 0.190781 0.146111
0 0.369219 0.277778 0.129375 0.152222
0 0.094297 0.524861 0.042031 0.077500
0 0.403906 0.306528 0.121250 0.192500
0 0.555078 0.507639 0.135781 0.376389
0 0.049844 0.645556 0.037187 0.152222
0 0.139531 0.629861 0.113125 0.138056
0 0.686641 0.880972 0.137344 0.238056
0 0.062813 0.622639 0.072813 0.123611
0 0.438516 0.605417 0.119531 0.388056
0 0.342422 0.529167 0.137344 0.287222
0 0.351328 0.640000 0.145469 0.365000
0 0.289922 0.374167 0.126094 0.230000
0 0.452422 0.359722 0.108281 0.252778
0 0.419219 0.185972 0.129375 0.094722
0 0.308516 0.260694 0.124531 0.209722
0 0.736094 0.467361 0.113125 0.445278
0 0.216328 0.395694 0.043594 0.071944
0 0.278594 0.223333 0.045312 0.066111
0 0.256016 0.545000 0.126094 0.250000
0 0.194609 0.743194 0.135781 0.278611
0 0.204219 0.309583 0.058125 0.089167
0 0.232500 0.211806 0.072813 0.123611
0 0.177578 0.260694 0.050156 0.089167
0 0.114453 0.549444 0.033906 0.103333