0 0.549766 0.215417 0.142344 0.080278
0 0.553984 0.259444 0.142344 0.102778
0 0.576562 0.348333 0.153750 0.205556
0 0.653359 0.266806 0.073281 0.198056
0 0.696406 0.300556 0.063438 0.225556
0 0.738047 0.269306 0.056406 0.203056
0 0.145078 0.644028 0.086094 0.085278
0 0.201406 0.682917 0.083125 0.248056
0 0.322031 0.478611 0.126875 0.230556
0 0.264844 0.300556 0.043750 0.030000
0 0.415781 0.616528 0.077500 0.300833
0 0.483516 0.380833 0.117031 0.205556
0 0.395313 0.308333 0.129688 0.165556
0 0.693516 0.793333 0.131094 0.313333
0 0.352969 0.281944 0.101562 0.117778
0 0.415703 0.339583 0.136719 0.158056
0 0.477109 0.597778 0.081719 0.318333
0 0.428516 0.227917 0.114219 0.075278
0 0.728750 0.506250 0.077500 0.350833
0 0.299453 0.380833 0.076094 0.180556
0 0.273984 0.331944 0.076094 0.067778
0 0.235312 0.309444 0.038125 0.072778
0 0.281094 0.638056 0.104375 0.258333
0 0.515937 0.731944 0.179062 0.366111
0 0.336797 0.247917 0.091719 0.095278
0 0.261328 0.279444 0.064844 0.147778
0 0.159922 0.510000 0.045156 0.057778
0 0.184531 0.565278 0.071875 0.067778
0 0.173203 0.675417 0.105781 0.233056
0 0.253594 0.423472 0.043750 0.135278