0 0.542578 0.178472 0.165156 0.105833
0 0.548750 0.226528 0.165938 0.130833
0 0.586172 0.312778 0.175469 0.228333
0 0.661406 0.222917 0.088438 0.227500
0 0.726094 0.263472 0.100937 0.278611
0 0.755078 0.215833 0.069844 0.231111
0 0.072656 0.686667 0.061250 0.161111
0 0.105313 0.586111 0.048125 0.137778
0 0.153516 0.836806 0.091094 0.169722
0 0.322109 0.925556 0.195469 0.148889
0 0.523516 0.873333 0.201406 0.253333
0 0.308125 0.566111 0.167500 0.175000
0 0.262813 0.687778 0.126875 0.215000
0 0.359141 0.290833 0.128594 0.176667
0 0.117422 0.716944 0.101406 0.151667
0 0.157891 0.639028 0.101094 0.093611
0 0.477578 0.341111 0.110156 0.227222
0 0.413047 0.402083 0.084844 0.260278
0 0.395156 0.313472 0.111563 0.177500
0 0.558750 0.500694 0.154062 0.378056
0 0.257422 0.405972 0.074844 0.195833
0 0.446797 0.616944 0.137656 0.445556
0 0.679531 0.696667 0.232500 0.308889
0 0.695234 0.863472 0.157344 0.243056
0 0.223203 0.413611 0.053281 0.107778
0 0.206875 0.273333 0.066875 0.092778
0 0.314688 0.243889 0.100000 0.110000
0 0.410469 0.210278 0.128125 0.115556
0 0.250625 0.293750 0.094063 0.117500
0 0.296953 0.443333 0.143281 0.241667
0 0.260156 0.208056 0.076875 0.068889