0 0.556797 0.184444 0.158594 0.089444
0 0.561484 0.233056 0.158594 0.114444
0 0.586719 0.332222 0.171250 0.228889
0 0.672266 0.241389 0.081719 0.220556
0 0.720156 0.279306 0.070625 0.251389
0 0.766563 0.244167 0.062813 0.226111
0 0.144453 0.601944 0.100469 0.081111
0 0.227734 0.689861 0.100469 0.251389
0 0.109219 0.742778 0.051875 0.128333
0 0.320469 0.487361 0.166563 0.243056
0 0.265547 0.241389 0.078594 0.114444
0 0.407578 0.631111 0.086406 0.335000
0 0.482969 0.368611 0.130312 0.228889
0 0.381641 0.269583 0.103594 0.159167
0 0.717109 0.826667 0.146094 0.346667
0 0.340859 0.248611 0.097344 0.122778
0 0.412344 0.314028 0.133438 0.175833
0 0.484687 0.600417 0.108438 0.368611
0 0.421719 0.198333 0.127188 0.083889
0 0.756328 0.508194 0.086406 0.390833
0 0.241172 0.315556 0.092656 0.106111
0 0.307109 0.384028 0.149219 0.170278
0 0.208906 0.279167 0.047188 0.100556
0 0.269453 0.642222 0.139844 0.234444
0 0.417734 0.790139 0.160156 0.385278
0 0.319609 0.220556 0.102031 0.106111
0 0.120938 0.525000 0.050313 0.083889
0 0.149297 0.691111 0.091094 0.231667