0 0.721094 0.811111 0.139063 0.372222
0 0.761719 0.412500 0.114062 0.375000
0 0.413281 0.766667 0.226562 0.300000
0 0.348438 0.837500 0.200000 0.252778
0 0.317969 0.930556 0.214062 0.133333
0 0.524219 0.343056 0.132812 0.263889
0 0.607812 0.337500 0.106250 0.275000
0 0.682031 0.295833 0.145313 0.275000
0 0.735938 0.311111 0.131250 0.250000
0 0.559375 0.204167 0.134375 0.119444
0 0.710156 0.187500 0.160938 0.141667
0 0.685156 0.161111 0.120313 0.061111
0 0.432812 0.236111 0.140625 0.144444
0 0.340625 0.237500 0.103125 0.113889
0 0.371875 0.181944 0.100000 0.052778
0 0.268750 0.619444 0.137500 0.172222
0 0.182812 0.844444 0.143750 0.183333
0 0.094531 0.583333 0.076563 0.200000
0 0.255469 0.384722 0.076563 0.197222
0 0.285938 0.263889 0.056250 0.100000
0 0.246094 0.230556 0.057813 0.094444
0 0.203906 0.327778 0.026562 0.066667
0 0.252344 0.297222 0.045312 0.105556
0 0.291406 0.213889 0.057813 0.055556
0 0.296094 0.437500 0.120313 0.313889
0 0.152344 0.636111 0.117188 0.177778
0 0.125781 0.747222 0.073438 0.116667
0 0.198437 0.262500 0.065625 0.091667
0 0.220312 0.336111 0.031250 0.105556