0 0.553438 0.195833 0.151875 0.085556
0 0.557969 0.242639 0.151875 0.109722
0 0.581953 0.337639 0.163906 0.219167
0 0.663984 0.250556 0.078281 0.211111
0 0.709922 0.286667 0.067656 0.240556
0 0.754297 0.253333 0.060156 0.216667
0 0.128516 0.753333 0.045156 0.098889
0 0.251875 0.873750 0.162500 0.179167
0 0.315000 0.456528 0.144375 0.291389
0 0.247422 0.318889 0.045156 0.085556
0 0.410547 0.630417 0.082656 0.350278
0 0.485781 0.366944 0.121875 0.230000
0 0.391797 0.286806 0.132344 0.149722
0 0.706797 0.812361 0.139844 0.334167
0 0.356406 0.251944 0.094688 0.128333
0 0.410625 0.328333 0.145937 0.168333
0 0.475937 0.603750 0.087188 0.339722
0 0.744453 0.506111 0.082656 0.374444
0 0.250391 0.396528 0.054219 0.133611
0 0.302344 0.315000 0.049688 0.115000
0 0.218125 0.296250 0.040625 0.077500
0 0.442109 0.182639 0.115781 0.106944
0 0.223984 0.693333 0.106719 0.197778
0 0.521094 0.758889 0.186563 0.387778
0 0.116484 0.527361 0.069219 0.106944
0 0.321797 0.225417 0.124844 0.176389
0 0.164609 0.578194 0.069219 0.106944
0 0.179688 0.750694 0.090312 0.238056
0 0.088750 0.639861 0.103750 0.123056
0 0.151875 0.679861 0.079687 0.090833