0 0.529297 0.172500 0.163281 0.128333
0 0.537813 0.219306 0.165313 0.153056
0 0.570000 0.302361 0.185625 0.252500
0 0.647500 0.199444 0.098125 0.237778
0 0.714141 0.231528 0.113281 0.293056
0 0.740625 0.178194 0.080000 0.238611
0 0.348281 0.931250 0.195000 0.137500
0 0.355938 0.301389 0.138437 0.213333
0 0.111250 0.660556 0.069062 0.160556
0 0.392813 0.338194 0.130937 0.214167
0 0.553047 0.493194 0.159219 0.393611
0 0.086797 0.746944 0.052031 0.137222
0 0.166328 0.647778 0.069844 0.077222
0 0.708906 0.825139 0.151250 0.275833
0 0.141953 0.852083 0.049844 0.090833
0 0.449375 0.615556 0.144687 0.400556
0 0.352031 0.583056 0.163437 0.332778
0 0.382969 0.662083 0.150000 0.372500
0 0.455000 0.374167 0.115625 0.266667
0 0.398047 0.218750 0.131094 0.122500
0 0.285625 0.455833 0.137813 0.296667
0 0.276094 0.330417 0.110625 0.168611
0 0.524297 0.902083 0.251094 0.195833
0 0.227969 0.456528 0.061250 0.120833
0 0.294922 0.648194 0.161719 0.256944
0 0.210078 0.817639 0.162656 0.286944
0 0.293906 0.365139 0.136875 0.175278
0 0.176172 0.353333 0.080781 0.117778
0 0.225703 0.301389 0.070156 0.098889
0 0.284687 0.280417 0.126562 0.140278
0 0.132109 0.624306 0.033281 0.091944