0 0.717266 0.810694 0.147031 0.372500
0 0.751484 0.437083 0.134531 0.319722
0 0.421172 0.736250 0.211094 0.355833
0 0.354141 0.797361 0.189219 0.172500
0 0.318125 0.930694 0.214062 0.133611
0 0.527266 0.343194 0.126719 0.264167
0 0.604609 0.341528 0.140781 0.266944
0 0.665547 0.347083 0.134531 0.228056
0 0.511094 0.968194 0.137500 0.058611
0 0.556875 0.195694 0.132812 0.108611
0 0.719375 0.238472 0.160938 0.111389
0 0.698281 0.166528 0.156250 0.089167
0 0.435000 0.248750 0.135937 0.158611
0 0.342031 0.243333 0.084375 0.102778
0 0.374844 0.193194 0.096875 0.053056
0 0.273516 0.635139 0.137656 0.203056
0 0.183828 0.839306 0.123594 0.205833
0 0.082031 0.595000 0.054688 0.161111
0 0.280391 0.296111 0.048594 0.175000
0 0.245156 0.235000 0.068750 0.069444
0 0.205313 0.335278 0.020313 0.052778
0 0.255312 0.312778 0.039062 0.147222
0 0.302266 0.437917 0.145469 0.297500
0 0.219375 0.283611 0.067187 0.077778
0 0.171953 0.656250 0.093906 0.194722
0 0.115781 0.753333 0.065625 0.150000
0 0.333047 0.865417 0.206406 0.180833
0 0.222500 0.337778 0.029687 0.119444
0 0.242969 0.439167 0.051562 0.094444
0 0.147656 0.599167 0.089063 0.136111
0 0.114844 0.510278 0.023438 0.036111