0 0.713516 0.804722 0.144219 0.365556
0 0.744219 0.437917 0.138125 0.313611
0 0.527109 0.345139 0.124219 0.259167
0 0.602187 0.343611 0.136563 0.261667
0 0.360625 0.861806 0.285312 0.158056
0 0.524766 0.953194 0.125781 0.068056
0 0.553906 0.200694 0.135000 0.106389
0 0.715000 0.240139 0.153438 0.103611
0 0.695000 0.171944 0.153438 0.087222
0 0.435781 0.252361 0.135000 0.160833
0 0.335313 0.248333 0.081250 0.120000
0 0.371328 0.197778 0.092031 0.057222
0 0.277813 0.631528 0.135000 0.199167
0 0.209609 0.805972 0.145781 0.166389
0 0.096719 0.583611 0.064375 0.180000
0 0.284687 0.298611 0.047500 0.171667
0 0.250156 0.238750 0.067500 0.068056
0 0.259375 0.312361 0.036875 0.139167
0 0.306953 0.437778 0.141094 0.291667
0 0.227969 0.292083 0.053750 0.081944
0 0.178906 0.661389 0.096562 0.204444
0 0.125156 0.755417 0.069062 0.158056
0 0.328437 0.800417 0.153438 0.068056
0 0.307031 0.912222 0.217813 0.150000
0 0.362187 0.762361 0.168750 0.111944
0 0.231094 0.343889 0.032188 0.120000
0 0.247969 0.432361 0.053750 0.106389
0 0.426641 0.707639 0.193281 0.308056
0 0.152031 0.591806 0.067500 0.130833
0 0.205781 0.340972 0.015313 0.049167
0 0.125156 0.566111 0.047500 0.117222
0 0.115234 0.497917 0.027656 0.046389