0 0.498437 0.836111 0.153125 0.305556
0 0.287500 0.290278 0.159375 0.202778
0 0.805469 0.737500 0.057813 0.141667
0 0.536719 0.526389 0.085938 0.175000
0 0.235937 0.188889 0.121875 0.105556
0 0.642969 0.697222 0.160938 0.100000
0 0.631250 0.368056 0.071875 0.080556
0 0.562500 0.400000 0.068750 0.066667
0 0.696094 0.436111 0.070312 0.138889
0 0.686719 0.477778 0.067187 0.094444
0 0.434375 0.705556 0.200000 0.211111
0 0.239063 0.594444 0.268750 0.277778
0 0.378906 0.280556 0.182812 0.138889
0 0.261719 0.395833 0.154688 0.208333
0 0.278125 0.905556 0.143750 0.183333
0 0.571094 0.933333 0.104688 0.127778
0 0.728906 0.595833 0.048438 0.152778
0 0.381250 0.502778 0.131250 0.277778
0 0.189844 0.800000 0.139063 0.394444
0 0.487500 0.354167 0.053125 0.080556
0 0.197656 0.291667 0.095312 0.283333
0 0.248438 0.312500 0.075000 0.169444
0 0.407813 0.361111 0.087500 0.105556
0 0.153906 0.326389 0.060937 0.191667
0 0.473438 0.488889 0.106250 0.222222
0 0.414062 0.248611 0.109375 0.113889
0 0.761719 0.600000 0.064062 0.166667
0 0.750000 0.691667 0.075000 0.105556
0 0.538281 0.311111 0.104688 0.083333
0 0.450000 0.412500 0.090625 0.147222