0 0.548828 0.179861 0.159531 0.099167
0 0.554531 0.228194 0.160000 0.124167
0 0.581484 0.316806 0.174531 0.221944
0 0.664922 0.229306 0.085781 0.224722
0 0.712812 0.246944 0.074687 0.221111
0 0.758516 0.226111 0.067031 0.228889
0 0.107266 0.602083 0.045781 0.177500
0 0.321094 0.915556 0.187812 0.168889
0 0.403281 0.318750 0.120938 0.193611
0 0.078203 0.669167 0.056094 0.147778
0 0.154609 0.587778 0.089844 0.125000
0 0.147344 0.795417 0.110312 0.129167
0 0.349688 0.529167 0.163125 0.271111
0 0.392969 0.650278 0.121562 0.371111
0 0.476094 0.365278 0.128438 0.252222
0 0.380000 0.289583 0.128125 0.166389
0 0.312422 0.466389 0.142031 0.156111
0 0.333359 0.303889 0.115781 0.171111
0 0.305859 0.411250 0.144219 0.189722
0 0.487500 0.609167 0.171250 0.360556
0 0.414844 0.197083 0.128438 0.102500
0 0.718125 0.460694 0.149688 0.303611
0 0.252344 0.659167 0.094063 0.247222
0 0.233750 0.399167 0.055937 0.139444
0 0.202656 0.294167 0.044375 0.108333
0 0.309453 0.659722 0.102031 0.261667
0 0.353203 0.847222 0.221719 0.238889
0 0.245547 0.251250 0.084531 0.091389
0 0.315391 0.231250 0.090781 0.094722