0 0.714375 0.807222 0.144687 0.366667
0 0.758203 0.439306 0.112344 0.314722
0 0.422656 0.741667 0.207813 0.333889
0 0.351016 0.793750 0.197031 0.169722
0 0.321094 0.925139 0.210938 0.131389
0 0.524141 0.346389 0.130781 0.260000
0 0.606563 0.345000 0.104688 0.262778
0 0.704297 0.321528 0.173906 0.161389
0 0.557266 0.209444 0.135469 0.117778
0 0.706562 0.225833 0.144687 0.079444
0 0.701172 0.172500 0.152344 0.082222
0 0.437266 0.232778 0.135469 0.180556
0 0.340234 0.239583 0.089219 0.123056
0 0.374141 0.191667 0.089219 0.076667
0 0.271797 0.647361 0.130781 0.172500
0 0.167187 0.814306 0.127812 0.172500
0 0.100156 0.581667 0.064687 0.177778
0 0.570312 0.669167 0.223125 0.336667
0 0.278750 0.318889 0.046250 0.156111
0 0.241797 0.247778 0.055469 0.101111
0 0.209531 0.331250 0.024688 0.060278
0 0.253359 0.320278 0.032344 0.147778
0 0.297891 0.450278 0.130781 0.287222
0 0.175625 0.659444 0.098437 0.218889
0 0.124844 0.748611 0.061562 0.112222
0 0.312500 0.266806 0.098437 0.161389
0 0.325000 0.855278 0.190938 0.156111
0 0.228672 0.340694 0.032344 0.123056
0 0.244844 0.437917 0.046250 0.087500