0 0.555469 0.183333 0.157812 0.088889
0 0.560156 0.231944 0.157812 0.113889
0 0.585156 0.330556 0.170313 0.227778
0 0.670312 0.240278 0.081250 0.219444
0 0.717969 0.277778 0.070312 0.250000
0 0.764062 0.243056 0.062500 0.225000
0 0.116406 0.654167 0.045312 0.058333
0 0.166406 0.701389 0.098437 0.275000
0 0.303125 0.475000 0.140625 0.255556
0 0.232813 0.301389 0.062500 0.075000
0 0.407031 0.634722 0.085938 0.363889
0 0.482031 0.366667 0.129688 0.227778
0 0.384375 0.286111 0.143750 0.183333
0 0.714844 0.823611 0.145313 0.347222
0 0.346094 0.251389 0.107813 0.136111
0 0.407031 0.320833 0.151562 0.175000
0 0.475000 0.606944 0.090625 0.352778
0 0.421094 0.197222 0.126562 0.083333
0 0.753906 0.505556 0.085938 0.388889
0 0.247656 0.366667 0.051562 0.127778
0 0.281250 0.354167 0.071875 0.202778
0 0.253906 0.658333 0.117188 0.322222
0 0.517969 0.755556 0.198437 0.405556
0 0.319531 0.219444 0.101562 0.105556
0 0.229687 0.247222 0.096875 0.150000
0 0.148438 0.573611 0.068750 0.091667
0 0.138281 0.693056 0.117188 0.258333