0 0.555078 0.190694 0.154531 0.086944
0 0.559609 0.238333 0.154531 0.111667
0 0.584219 0.326806 0.166875 0.206944
0 0.667578 0.246389 0.079531 0.215000
0 0.729531 0.294167 0.090312 0.266667
0 0.759375 0.249028 0.061250 0.220278
0 0.317031 0.911806 0.180625 0.152500
0 0.381406 0.264306 0.088750 0.146944
0 0.098984 0.515972 0.050469 0.122500
0 0.409766 0.317222 0.114844 0.182222
0 0.558828 0.507639 0.140781 0.356389
0 0.084453 0.637083 0.052031 0.152500
0 0.161719 0.597500 0.093437 0.073333
0 0.677578 0.868333 0.130156 0.239444
0 0.127266 0.755278 0.036719 0.100556
0 0.442578 0.600278 0.113281 0.367222
0 0.366016 0.503611 0.174531 0.233889
0 0.379062 0.628750 0.136250 0.331944
0 0.467109 0.367500 0.094844 0.239444
0 0.296484 0.404167 0.114844 0.263889
0 0.327734 0.211111 0.067344 0.133333
0 0.532188 0.861528 0.136250 0.253056
0 0.249766 0.381111 0.070469 0.108889
0 0.264297 0.650417 0.130156 0.168611
0 0.428047 0.198750 0.139219 0.092500
0 0.192344 0.753889 0.093437 0.239444
0 0.747266 0.500972 0.101094 0.380833
0 0.213750 0.280556 0.041250 0.103333
0 0.255781 0.239722 0.073438 0.081667
0 0.284844 0.264028 0.088750 0.141389
0 0.126484 0.563611 0.053594 0.103333
0 0.137187 0.668194 0.102500 0.095278