0 0.498437 0.836111 0.153125 0.305556
0 0.287500 0.290278 0.159375 0.202778
0 0.805469 0.750000 0.057813 0.116667
0 0.235937 0.188889 0.121875 0.105556
0 0.642969 0.697222 0.160938 0.100000
0 0.631250 0.368056 0.071875 0.080556
0 0.574219 0.395833 0.060937 0.047222
0 0.696094 0.436111 0.070312 0.138889
0 0.695312 0.493056 0.084375 0.125000
0 0.442188 0.688889 0.181250 0.227778
0 0.239063 0.594444 0.268750 0.277778
0 0.378906 0.280556 0.182812 0.138889
0 0.271094 0.397222 0.173437 0.211111
0 0.300000 0.930556 0.178125 0.133333
0 0.571094 0.933333 0.104688 0.127778
0 0.719531 0.587500 0.048438 0.136111
0 0.462500 0.462500 0.109375 0.275000
0 0.189844 0.800000 0.139063 0.394444
0 0.197656 0.291667 0.095312 0.283333
0 0.248438 0.312500 0.075000 0.169444
0 0.395313 0.411111 0.118750 0.205556
0 0.536719 0.509722 0.101562 0.152778
0 0.153906 0.326389 0.060937 0.191667
0 0.554688 0.441667 0.081250 0.072222
0 0.414062 0.248611 0.109375 0.113889
0 0.767969 0.602778 0.073438 0.138889
0 0.750000 0.691667 0.075000 0.105556
0 0.538281 0.311111 0.104688 0.083333
0 0.489063 0.359722 0.137500 0.119444