0 0.560312 0.158750 0.170313 0.095833
0 0.565312 0.211389 0.170313 0.122778
0 0.592344 0.317917 0.183750 0.245833
0 0.684141 0.220278 0.087656 0.236667
0 0.735625 0.260694 0.075938 0.269722
0 0.785313 0.223333 0.067500 0.242778
0 0.088281 0.655000 0.072500 0.152778
0 0.298047 0.925694 0.198906 0.148611
0 0.400078 0.298194 0.126406 0.200833
0 0.041797 0.653472 0.057344 0.155833
0 0.132031 0.565000 0.089375 0.098889
0 0.113437 0.794306 0.116250 0.131944
0 0.356250 0.479722 0.133125 0.197778
0 0.381563 0.654861 0.123125 0.392500
0 0.477656 0.353889 0.133125 0.263889
0 0.375703 0.265417 0.134844 0.170833
0 0.285547 0.448194 0.146719 0.260833
0 0.325078 0.277361 0.121406 0.176944
0 0.287969 0.383750 0.141562 0.215833
0 0.484453 0.617500 0.177031 0.377778
0 0.415313 0.167917 0.136563 0.101944
0 0.768516 0.506528 0.121406 0.419722
0 0.240859 0.334167 0.057344 0.098889
0 0.238203 0.678889 0.112969 0.212778
0 0.184297 0.257778 0.045469 0.113889
0 0.207109 0.394306 0.053906 0.170833
0 0.331797 0.871667 0.229219 0.256667
0 0.301406 0.605417 0.124687 0.239722
0 0.231562 0.214167 0.089375 0.092778
0 0.305703 0.197778 0.109531 0.113889
0 0.472578 0.970556 0.109531 0.058889