0 0.574219 0.195556 0.162187 0.118333
0 0.575937 0.245000 0.163750 0.143333
0 0.594766 0.347778 0.182969 0.258889
0 0.685000 0.274028 0.094063 0.233611
0 0.730156 0.320417 0.085000 0.261944
0 0.777969 0.294722 0.075625 0.235556
0 0.112812 0.523611 0.080937 0.195556
0 0.424531 0.292778 0.138125 0.201111
0 0.068906 0.559861 0.061562 0.153611
0 0.157031 0.491806 0.088125 0.112500
0 0.127109 0.702361 0.114531 0.141944
0 0.307656 0.433889 0.165625 0.198333
0 0.290313 0.876250 0.190312 0.200278
0 0.394609 0.618194 0.097344 0.365278
0 0.487187 0.360694 0.137500 0.266389
0 0.393125 0.265694 0.142500 0.171944
0 0.318438 0.384167 0.166563 0.266667
0 0.355469 0.265417 0.118750 0.186389
0 0.469453 0.603056 0.128594 0.373889
0 0.439766 0.184028 0.130781 0.106944
0 0.746719 0.552917 0.135313 0.408056
0 0.261953 0.330139 0.073281 0.196944
0 0.256484 0.604444 0.143281 0.235000
0 0.222266 0.220694 0.048281 0.113056
0 0.328359 0.816389 0.213594 0.281111
0 0.319766 0.634583 0.160469 0.240833
0 0.337422 0.186528 0.107344 0.124167
0 0.240781 0.187917 0.064687 0.105278
0 0.230234 0.282222 0.040781 0.065000