0 0.551562 0.204167 0.146875 0.082778
0 0.555937 0.249444 0.146875 0.106111
0 0.579297 0.333333 0.158594 0.196667
0 0.658438 0.257222 0.075625 0.204444
0 0.717422 0.302222 0.085781 0.253333
0 0.745781 0.259722 0.058125 0.209444
0 0.128906 0.532500 0.029063 0.098333
0 0.325391 0.889306 0.171719 0.144722
0 0.386406 0.274028 0.084375 0.139722
0 0.413281 0.324444 0.109062 0.173333
0 0.555234 0.505278 0.133906 0.338889
0 0.104297 0.635972 0.049531 0.124167
0 0.171094 0.576528 0.093125 0.088056
0 0.165937 0.766667 0.100312 0.142222
0 0.444609 0.593194 0.107656 0.349167
0 0.358828 0.513056 0.171719 0.225000
0 0.384297 0.620556 0.129531 0.315556
0 0.467891 0.372083 0.090156 0.227500
0 0.312266 0.431667 0.127969 0.212222
0 0.343516 0.299722 0.094531 0.165556
0 0.466484 0.942500 0.049531 0.038889
0 0.249609 0.392917 0.043594 0.088056
0 0.671562 0.791250 0.206562 0.325833
0 0.426406 0.211806 0.117813 0.088056
0 0.248906 0.683750 0.088750 0.250833
0 0.270156 0.385000 0.064062 0.150000
0 0.294063 0.631944 0.100312 0.225000
0 0.734141 0.498889 0.096094 0.362222
0 0.227109 0.289444 0.039219 0.098333
0 0.246719 0.258472 0.029063 0.056944
0 0.280937 0.270000 0.059688 0.111111
0 0.147891 0.542778 0.040781 0.082778