0 0.712812 0.805694 0.144375 0.365833
0 0.746641 0.438333 0.132031 0.313889
0 0.421797 0.731944 0.207344 0.349444
0 0.355703 0.792083 0.185781 0.169167
0 0.320391 0.923056 0.210469 0.131111
0 0.526250 0.345556 0.124375 0.259444
0 0.602266 0.344167 0.138281 0.262222
0 0.673672 0.366111 0.115156 0.229444
0 0.510078 0.960000 0.135156 0.057222
0 0.555469 0.200694 0.130625 0.106389
0 0.715234 0.243194 0.158281 0.109167
0 0.694453 0.172361 0.153594 0.087500
0 0.434766 0.248750 0.132031 0.153056
0 0.344141 0.247222 0.082969 0.101111
0 0.375625 0.196806 0.087500 0.054722
0 0.276641 0.632222 0.135156 0.199444
0 0.165938 0.800278 0.125937 0.191111
0 0.283516 0.299028 0.047656 0.171944
0 0.248984 0.233611 0.067656 0.057222
0 0.257422 0.316806 0.041406 0.147500
0 0.223672 0.292361 0.062969 0.081944
0 0.305000 0.438333 0.142813 0.292222
0 0.173672 0.647361 0.079844 0.201944
0 0.119219 0.738750 0.050625 0.106389
0 0.094531 0.585972 0.087500 0.144722
0 0.334922 0.871250 0.208906 0.169167
0 0.228906 0.345556 0.033750 0.128333
0 0.246562 0.439722 0.050625 0.092778
0 0.146016 0.566806 0.061406 0.117500
0 0.116875 0.520278 0.036875 0.062778