0 0.710156 0.811111 0.160938 0.372222
0 0.761719 0.412500 0.114062 0.375000
0 0.400781 0.763889 0.226562 0.250000
0 0.343750 0.847222 0.209375 0.233333
0 0.314844 0.937500 0.220312 0.119444
0 0.524219 0.343056 0.132812 0.263889
0 0.607812 0.337500 0.106250 0.275000
0 0.667969 0.320833 0.129688 0.247222
0 0.726562 0.286111 0.137500 0.216667
0 0.559375 0.200000 0.131250 0.105556
0 0.411719 0.429167 0.079687 0.247222
0 0.692969 0.176389 0.173437 0.097222
0 0.432812 0.244444 0.146875 0.166667
0 0.367188 0.206944 0.131250 0.108333
0 0.275000 0.519444 0.137500 0.211111
0 0.193750 0.859722 0.153125 0.197222
0 0.340625 0.295833 0.084375 0.119444
0 0.146875 0.651389 0.112500 0.202778
0 0.285156 0.659722 0.179688 0.163889
0 0.185156 0.700000 0.092188 0.261111
0 0.305469 0.413889 0.126562 0.216667
0 0.280469 0.316667 0.057813 0.177778
0 0.265625 0.301389 0.075000 0.180556
0 0.245312 0.227778 0.062500 0.100000
0 0.204687 0.326389 0.018750 0.069444
0 0.236719 0.295833 0.057813 0.113889
0 0.117969 0.516667 0.020313 0.033333
0 0.289844 0.219444 0.082812 0.077778
0 0.222656 0.386111 0.035937 0.083333
0 0.126562 0.565278 0.056250 0.108333