0 0.734531 0.817639 0.158438 0.364722
0 0.775937 0.433194 0.136563 0.344722
0 0.529844 0.331250 0.136563 0.284722
0 0.612344 0.323611 0.150000 0.275556
0 0.348594 0.916528 0.235937 0.166944
0 0.519688 0.980972 0.133125 0.038056
0 0.245781 0.591944 0.161875 0.182778
0 0.737891 0.218750 0.165156 0.131944
0 0.704297 0.158750 0.198906 0.119722
0 0.429453 0.229167 0.148281 0.176667
0 0.310703 0.229167 0.092656 0.122778
0 0.361250 0.170694 0.099375 0.065833
0 0.223828 0.765694 0.148281 0.278611
0 0.155625 0.858472 0.102813 0.218611
0 0.054453 0.606806 0.065781 0.164722
0 0.269375 0.268194 0.050625 0.170833
0 0.225547 0.214444 0.074219 0.075000
0 0.240625 0.293750 0.043750 0.149722
0 0.199453 0.272639 0.065781 0.095833
0 0.283672 0.404722 0.139844 0.281667
0 0.125234 0.650278 0.109531 0.167778
0 0.088203 0.782222 0.075781 0.173889
0 0.534844 0.753750 0.183750 0.446389
0 0.309844 0.949444 0.209063 0.101111
0 0.330937 0.804583 0.230938 0.194722
0 0.406719 0.701389 0.197188 0.257778
0 0.206250 0.331250 0.042188 0.140833
0 0.219687 0.422500 0.052187 0.107778
0 0.177500 0.326667 0.025312 0.060000
0 0.089063 0.569444 0.043750 0.107778
0 0.081484 0.506528 0.032031 0.041944
0 0.109297 0.599306 0.070781 0.101944