0 0.289844 0.811111 0.160938 0.372222
0 0.238281 0.412500 0.114062 0.375000
0 0.599219 0.763889 0.226562 0.250000
0 0.656250 0.847222 0.209375 0.233333
0 0.685156 0.937500 0.220312 0.119444
0 0.475781 0.343056 0.132812 0.263889
0 0.392188 0.337500 0.106250 0.275000
0 0.332031 0.320833 0.129688 0.247222
0 0.273438 0.286111 0.137500 0.216667
0 0.440625 0.200000 0.131250 0.105556
0 0.610156 0.465278 0.139063 0.163889
0 0.306250 0.175000 0.178125 0.094444
0 0.567187 0.244444 0.146875 0.166667
0 0.632812 0.206944 0.131250 0.108333
0 0.725000 0.519444 0.137500 0.211111
0 0.806250 0.859722 0.153125 0.197222
0 0.659375 0.295833 0.084375 0.119444
0 0.846094 0.652778 0.110937 0.211111
0 0.713281 0.661111 0.170313 0.166667
0 0.815625 0.694444 0.093750 0.266667
0 0.694531 0.413889 0.126562 0.216667
0 0.718750 0.315278 0.062500 0.180556
0 0.731250 0.302778 0.071875 0.177778
0 0.754687 0.215278 0.062500 0.108333
0 0.796875 0.329167 0.021875 0.069444
0 0.763281 0.295833 0.057813 0.113889
0 0.881250 0.519444 0.018750 0.038889
0 0.777344 0.393056 0.042188 0.080556
0 0.718750 0.226389 0.084375 0.080556
0 0.875781 0.561111 0.048438 0.100000