0 0.726484 0.815694 0.152969 0.368611
0 0.762344 0.436111 0.140000 0.332778
0 0.418125 0.747083 0.219687 0.370278
0 0.348281 0.810833 0.196875 0.179444
0 0.310859 0.940139 0.222969 0.119722
0 0.528828 0.337639 0.131719 0.274722
0 0.609297 0.336389 0.146406 0.277778
0 0.617500 0.427639 0.165938 0.298056
0 0.559766 0.184444 0.138281 0.112778
0 0.728984 0.229306 0.167656 0.115833
0 0.706953 0.154028 0.162656 0.092500
0 0.433594 0.235139 0.143125 0.161944
0 0.336875 0.233750 0.086250 0.106944
0 0.372578 0.188889 0.089531 0.069444
0 0.264375 0.641389 0.143125 0.211111
0 0.156250 0.830972 0.141562 0.231389
0 0.271797 0.288611 0.050469 0.182222
0 0.235156 0.219306 0.071563 0.060833
0 0.245781 0.303194 0.047188 0.147500
0 0.203359 0.288611 0.060156 0.112778
0 0.298594 0.436111 0.159375 0.309444
0 0.153828 0.657500 0.091094 0.196667
0 0.106641 0.783333 0.058594 0.141667
0 0.092812 0.506806 0.040625 0.051944
0 0.326250 0.894722 0.221250 0.179444
0 0.213984 0.337639 0.035781 0.135833
0 0.231016 0.434583 0.050469 0.092500
0 0.131016 0.563333 0.081406 0.101111
0 0.067500 0.573611 0.061875 0.127222