0 0.709531 0.812361 0.161562 0.373056
0 0.761875 0.413889 0.114688 0.375556
0 0.412812 0.766250 0.227188 0.301389
0 0.343203 0.846111 0.209844 0.234444
0 0.313984 0.936528 0.220469 0.120833
0 0.524453 0.343194 0.133281 0.264722
0 0.608047 0.338056 0.106719 0.275556
0 0.681641 0.314861 0.150469 0.261944
0 0.733984 0.312639 0.120781 0.250833
0 0.559922 0.204583 0.134531 0.120278
0 0.713125 0.211111 0.172187 0.131667
0 0.705391 0.162361 0.156406 0.084167
0 0.431719 0.237083 0.144063 0.142500
0 0.341016 0.240833 0.103281 0.111667
0 0.371641 0.183889 0.101719 0.058889
0 0.317969 0.539167 0.170625 0.153889
0 0.198594 0.844028 0.133125 0.181389
0 0.094375 0.576944 0.073750 0.175556
0 0.265156 0.345972 0.123750 0.156389
0 0.296641 0.255694 0.042344 0.058611
0 0.275547 0.250139 0.037656 0.075278
0 0.245859 0.226250 0.062656 0.100278
0 0.204297 0.320556 0.020469 0.061111
0 0.245781 0.295694 0.053438 0.133611
0 0.290391 0.207083 0.061094 0.050278
0 0.276641 0.426389 0.081719 0.250556
0 0.214531 0.685972 0.133125 0.170278
0 0.123750 0.761667 0.076875 0.150556
0 0.117969 0.520000 0.014063 0.027778
0 0.109922 0.607361 0.067344 0.119722
0 0.120156 0.550694 0.034375 0.039167
0 0.218281 0.345694 0.030000 0.133611
0 0.236797 0.430417 0.032969 0.075278