0 0.558516 0.185139 0.158594 0.093611
0 0.562734 0.233750 0.158906 0.118611
0 0.579063 0.317778 0.184688 0.202778
0 0.672812 0.245694 0.083437 0.221944
0 0.736016 0.261389 0.094219 0.205556
0 0.766562 0.251250 0.064687 0.226944
0 0.303672 0.913472 0.192031 0.161389
0 0.375547 0.280833 0.126406 0.151111
0 0.107422 0.532222 0.041719 0.117778
0 0.408828 0.309583 0.118906 0.189722
0 0.553047 0.508611 0.134844 0.367778
0 0.063516 0.626944 0.037344 0.148333
0 0.227734 0.380417 0.045469 0.173611
0 0.129688 0.655139 0.104688 0.164167
0 0.676797 0.878056 0.135156 0.243889
0 0.087031 0.613889 0.034375 0.165000
0 0.439609 0.599583 0.119219 0.378611
0 0.310078 0.499583 0.179219 0.288611
0 0.359531 0.641389 0.134375 0.334444
0 0.455234 0.362361 0.107031 0.247500
0 0.425703 0.186528 0.121094 0.081389
0 0.317031 0.262361 0.122188 0.206389
0 0.707500 0.455139 0.173125 0.296944
0 0.303437 0.381389 0.128438 0.206667
0 0.166016 0.298056 0.041406 0.078889
0 0.207578 0.685417 0.118594 0.314722
0 0.287813 0.229444 0.130937 0.131667
0 0.142187 0.584861 0.068437 0.126944
0 0.229687 0.255694 0.080937 0.135833
0 0.127813 0.533056 0.038750 0.123333