0 0.718828 0.791528 0.171406 0.386389
0 0.740938 0.390278 0.160625 0.388333
0 0.408437 0.772639 0.233438 0.270278
0 0.359063 0.874444 0.246250 0.227222
0 0.327656 0.942083 0.223438 0.115833
0 0.519687 0.341111 0.140313 0.275556
0 0.582422 0.347917 0.099844 0.274722
0 0.646250 0.280694 0.094375 0.301944
0 0.741719 0.256667 0.119063 0.240556
0 0.671875 0.167083 0.151875 0.190833
0 0.545000 0.189861 0.129375 0.116944
0 0.735000 0.134861 0.054688 0.063056
0 0.425000 0.232917 0.145313 0.181944
0 0.358047 0.215417 0.104219 0.103611
0 0.301250 0.473750 0.138750 0.223056
0 0.338125 0.502222 0.166875 0.228333
0 0.195234 0.865833 0.141094 0.198333
0 0.120469 0.790694 0.075625 0.139722
0 0.335078 0.289722 0.082969 0.123889
0 0.255078 0.797778 0.146406 0.328889
0 0.150391 0.664167 0.115469 0.173889
0 0.293281 0.628750 0.149688 0.171389
0 0.210391 0.711250 0.075469 0.241944
0 0.308594 0.374167 0.118750 0.229444
0 0.279922 0.300417 0.043594 0.109167
0 0.264844 0.240694 0.085625 0.107500
0 0.240859 0.356944 0.060781 0.166111
0 0.217734 0.263056 0.033594 0.083333
0 0.193906 0.330417 0.024688 0.046389
0 0.132031 0.568333 0.034687 0.066667
0 0.215781 0.359028 0.043438 0.103611