0 0.498281 0.814028 0.143437 0.286389
0 0.300625 0.302500 0.149375 0.190000
0 0.179062 0.307778 0.064375 0.158889
0 0.252266 0.207500 0.114219 0.098889
0 0.632969 0.687639 0.140625 0.111944
0 0.739922 0.703333 0.067344 0.075556
0 0.581719 0.350833 0.061562 0.083333
0 0.627188 0.375556 0.061562 0.075556
0 0.570703 0.435278 0.057031 0.106667
0 0.683438 0.439167 0.065938 0.130000
0 0.675469 0.484583 0.064375 0.101389
0 0.442578 0.677361 0.169844 0.226389
0 0.198906 0.694306 0.139063 0.426944
0 0.394297 0.310417 0.155156 0.096389
0 0.307266 0.470278 0.156719 0.213333
0 0.351172 0.931250 0.103906 0.062500
0 0.566406 0.905139 0.098125 0.119722
0 0.433828 0.432639 0.128906 0.210833
0 0.517266 0.469028 0.076094 0.236944
0 0.313828 0.729444 0.128906 0.471111
0 0.202578 0.398750 0.099531 0.252500
0 0.236172 0.276528 0.108281 0.200278
0 0.398828 0.401389 0.105469 0.163889
0 0.405312 0.260833 0.106875 0.080556
0 0.725937 0.538056 0.060000 0.098889
0 0.768437 0.596528 0.051250 0.101389
0 0.785312 0.752917 0.061562 0.070278
0 0.516641 0.332500 0.118594 0.140556
0 0.733203 0.621250 0.071719 0.119722