0 0.289844 0.811111 0.160938 0.372222
0 0.238281 0.412500 0.114062 0.375000
0 0.599219 0.763889 0.226562 0.250000
0 0.650781 0.854167 0.214062 0.219444
0 0.685156 0.937500 0.220312 0.119444
0 0.475781 0.343056 0.132812 0.263889
0 0.392188 0.337500 0.106250 0.275000
0 0.329688 0.316667 0.131250 0.244444
0 0.256250 0.279167 0.118750 0.225000
0 0.442969 0.875000 0.110937 0.244444
0 0.443750 0.201389 0.134375 0.108333
0 0.305469 0.176389 0.170313 0.091667
0 0.567187 0.229167 0.143750 0.175000
0 0.642188 0.198611 0.134375 0.152778
0 0.693750 0.398611 0.118750 0.241667
0 0.809375 0.855556 0.150000 0.194444
0 0.885156 0.754167 0.070312 0.113889
0 0.658594 0.275000 0.079687 0.116667
0 0.940625 0.661111 0.071875 0.111111
0 0.857031 0.619444 0.110937 0.183333
0 0.710938 0.613889 0.137500 0.227778
0 0.792969 0.693056 0.079687 0.263889
0 0.656250 0.508333 0.168750 0.188889
0 0.709375 0.305556 0.043750 0.144444
0 0.739844 0.272222 0.054688 0.161111
0 0.758594 0.350000 0.048438 0.138889
0 0.796094 0.252778 0.076563 0.111111
0 0.792969 0.316667 0.026562 0.072222
0 0.871875 0.536111 0.025000 0.061111
0 0.774219 0.329167 0.042188 0.119444
0 0.713281 0.218056 0.039062 0.047222