0 0.553438 0.197083 0.150625 0.084722
0 0.557969 0.243472 0.150625 0.108611
0 0.581875 0.337500 0.162500 0.217222
0 0.663125 0.251389 0.077500 0.209444
0 0.708516 0.287361 0.067031 0.238611
0 0.752500 0.254028 0.059688 0.214722
0 0.127734 0.607917 0.068594 0.084722
0 0.191094 0.692778 0.090938 0.265000
0 0.118906 0.734028 0.038750 0.098056
0 0.321641 0.480833 0.152031 0.233333
0 0.258359 0.260694 0.076094 0.169722
0 0.411797 0.621250 0.082031 0.318056
0 0.483438 0.371944 0.123750 0.217222
0 0.388750 0.289861 0.131250 0.169722
0 0.705547 0.808194 0.138594 0.331389
0 0.345547 0.267222 0.107344 0.124444
0 0.411875 0.328472 0.144687 0.166944
0 0.476641 0.601389 0.086406 0.336667
0 0.425234 0.210278 0.120781 0.079444
0 0.742891 0.504722 0.082031 0.371111
0 0.290391 0.374722 0.056719 0.196111
0 0.235156 0.365417 0.044688 0.076944
0 0.221094 0.296528 0.040313 0.076944
0 0.269375 0.643750 0.110312 0.273056
0 0.443047 0.769861 0.138594 0.355278
0 0.328281 0.231806 0.096875 0.100833
0 0.136016 0.527083 0.055156 0.076944
0 0.167266 0.675694 0.105781 0.235833