0 0.555469 0.183333 0.157812 0.088889
0 0.560156 0.231944 0.157812 0.113889
0 0.577344 0.315278 0.182812 0.197222
0 0.670312 0.240278 0.081250 0.219444
0 0.733594 0.288889 0.092188 0.272222
0 0.764062 0.243056 0.062500 0.225000
0 0.312500 0.919444 0.184375 0.155556
0 0.373437 0.284722 0.125000 0.147222
0 0.104688 0.556944 0.046875 0.141667
0 0.407031 0.312500 0.117188 0.186111
0 0.553125 0.506944 0.131250 0.363889
0 0.071875 0.640278 0.050000 0.147222
0 0.154688 0.587500 0.103125 0.069444
0 0.680469 0.875000 0.132812 0.244444
0 0.133594 0.791667 0.076563 0.122222
0 0.440625 0.601389 0.115625 0.375000
0 0.367969 0.552778 0.151562 0.294444
0 0.365625 0.634722 0.125000 0.352778
0 0.453906 0.363889 0.104688 0.244444
0 0.421875 0.195833 0.125000 0.091667
0 0.291406 0.401389 0.117188 0.269444
0 0.306250 0.268056 0.103125 0.163889
0 0.585156 0.720833 0.210938 0.508333
0 0.227344 0.393056 0.039062 0.080556
0 0.285938 0.231944 0.043750 0.063889
0 0.283594 0.588889 0.154688 0.188889
0 0.193750 0.766667 0.125000 0.283333
0 0.197656 0.297222 0.070312 0.094444
0 0.243750 0.212500 0.062500 0.086111
0 0.221875 0.262500 0.056250 0.130556
0 0.123438 0.527778 0.021875 0.066667