0 0.703906 0.792222 0.137500 0.348333
0 0.733125 0.442778 0.131562 0.298889
0 0.526250 0.354306 0.118438 0.246944
0 0.597891 0.353056 0.130156 0.249444
0 0.399062 0.865139 0.241250 0.166389
0 0.543828 0.924861 0.115469 0.083056
0 0.320859 0.479028 0.134531 0.231389
0 0.705469 0.254444 0.146250 0.098889
0 0.677656 0.201111 0.163750 0.106667
0 0.439297 0.265833 0.128594 0.153333
0 0.343594 0.262222 0.077500 0.114444
0 0.377891 0.214028 0.087656 0.054722
0 0.288672 0.627361 0.128594 0.189722
0 0.224375 0.792361 0.131562 0.140278
0 0.116094 0.592361 0.058437 0.150833
0 0.295312 0.303750 0.045312 0.150833
0 0.262344 0.253056 0.064375 0.065000
0 0.270391 0.324583 0.033594 0.135278
0 0.239766 0.303472 0.057031 0.083056
0 0.327500 0.412778 0.133125 0.218333
0 0.194375 0.655833 0.092188 0.195000
0 0.143203 0.745694 0.065781 0.150833
0 0.337734 0.814444 0.171094 0.106667
0 0.328828 0.901667 0.197344 0.130000
0 0.365469 0.750833 0.174063 0.119444
0 0.243359 0.354167 0.029219 0.111667
0 0.430547 0.674167 0.184219 0.241667
0 0.260937 0.437639 0.049688 0.085833
0 0.167422 0.596250 0.084844 0.143056
0 0.220000 0.346528 0.017500 0.059722
0 0.143125 0.564722 0.045312 0.111667
0 0.133594 0.506528 0.026250 0.036389