0 0.289844 0.811111 0.160938 0.372222
0 0.238281 0.412500 0.114062 0.375000
0 0.586719 0.766667 0.226562 0.300000
0 0.656250 0.847222 0.209375 0.233333
0 0.685156 0.937500 0.220312 0.119444
0 0.475781 0.343056 0.132812 0.263889
0 0.392188 0.337500 0.106250 0.275000
0 0.318750 0.313889 0.150000 0.261111
0 0.263281 0.316667 0.129688 0.261111
0 0.440625 0.204167 0.134375 0.119444
0 0.287500 0.209722 0.171875 0.130556
0 0.295312 0.161111 0.156250 0.083333
0 0.567969 0.236111 0.145313 0.144444
0 0.657031 0.245833 0.098437 0.102778
0 0.628125 0.187500 0.100000 0.063889
0 0.702344 0.565278 0.179688 0.241667
0 0.815625 0.844444 0.143750 0.188889
0 0.921094 0.626389 0.039062 0.075000
0 0.712500 0.284722 0.043750 0.119444
0 0.735156 0.306944 0.054688 0.175000
0 0.756250 0.238889 0.065625 0.105556
0 0.796875 0.326389 0.021875 0.069444
0 0.754687 0.297222 0.053125 0.133333
0 0.710156 0.208333 0.060937 0.050000
0 0.706250 0.412500 0.125000 0.269444
0 0.844531 0.665278 0.120313 0.230556
0 0.875781 0.763889 0.076563 0.150000
0 0.910937 0.533333 0.062500 0.155556
0 0.876563 0.556944 0.043750 0.097222
0 0.781250 0.344444 0.031250 0.111111
0 0.764062 0.431944 0.043750 0.097222