0 0.710156 0.811111 0.160938 0.372222
0 0.761719 0.412500 0.114062 0.375000
0 0.400781 0.777778 0.226562 0.277778
0 0.343750 0.847222 0.209375 0.233333
0 0.314844 0.937500 0.220312 0.119444
0 0.524219 0.343056 0.132812 0.263889
0 0.607812 0.337500 0.106250 0.275000
0 0.681250 0.313889 0.150000 0.261111
0 0.735938 0.309722 0.121875 0.252778
0 0.559375 0.204167 0.134375 0.119444
0 0.712500 0.202778 0.162500 0.127778
0 0.700000 0.165278 0.159375 0.063889
0 0.430469 0.237500 0.145313 0.152778
0 0.366406 0.186111 0.104688 0.055556
0 0.340625 0.241667 0.103125 0.111111
0 0.282813 0.583333 0.150000 0.172222
0 0.199219 0.868056 0.148438 0.191667
0 0.151562 0.690278 0.096875 0.252778
0 0.162500 0.579167 0.084375 0.141667
0 0.310937 0.438889 0.162500 0.211111
0 0.282031 0.298611 0.060937 0.152778
0 0.254688 0.280556 0.050000 0.088889
0 0.245312 0.227778 0.062500 0.100000
0 0.201563 0.318056 0.018750 0.052778
0 0.237500 0.288889 0.059375 0.111111
0 0.292187 0.215278 0.068750 0.058333
0 0.211719 0.365278 0.014063 0.036111
0 0.115625 0.559722 0.037500 0.086111
0 0.246094 0.397222 0.048438 0.166667
0 0.105469 0.748611 0.035937 0.108333
0 0.116406 0.508333 0.014063 0.027778