0 0.568359 0.191250 0.161094 0.109167
0 0.571016 0.240417 0.162031 0.134167
0 0.592266 0.333889 0.178594 0.232778
0 0.680547 0.263333 0.090156 0.229444
0 0.741719 0.319861 0.103125 0.283611
0 0.773906 0.278194 0.071563 0.232500
0 0.100312 0.503472 0.037187 0.148056
0 0.295625 0.893750 0.190312 0.179167
0 0.379531 0.250139 0.114375 0.180278
0 0.415078 0.300972 0.124531 0.200833
0 0.558906 0.514722 0.158438 0.381667
0 0.070000 0.591389 0.058437 0.140000
0 0.147734 0.530556 0.094844 0.120000
0 0.131094 0.724583 0.112500 0.135833
0 0.436641 0.593472 0.130781 0.389167
0 0.351406 0.494444 0.162500 0.258333
0 0.370703 0.613889 0.152656 0.356111
0 0.471328 0.359861 0.106719 0.256389
0 0.302031 0.401667 0.146562 0.245000
0 0.341328 0.264722 0.108594 0.190556
0 0.673047 0.832500 0.232969 0.335000
0 0.433984 0.182361 0.130156 0.110833
0 0.215859 0.664861 0.110156 0.265278
0 0.261250 0.344722 0.074687 0.194444
0 0.266016 0.608750 0.114531 0.257500
0 0.750859 0.532917 0.118906 0.401389
0 0.217109 0.237361 0.046406 0.110833
0 0.239531 0.206944 0.033750 0.065000
0 0.293984 0.215417 0.106094 0.165278