0 0.539297 0.175694 0.161719 0.113611
0 0.546484 0.223472 0.162969 0.138611
0 0.576328 0.317500 0.181094 0.253889
0 0.656484 0.214028 0.092031 0.231389
0 0.705859 0.244028 0.082656 0.260278
0 0.750078 0.202083 0.073594 0.234167
0 0.160234 0.697917 0.110156 0.163056
0 0.403125 0.323194 0.136563 0.197500
0 0.083828 0.708889 0.060156 0.152222
0 0.162891 0.611111 0.087344 0.110000
0 0.156641 0.828333 0.113594 0.138889
0 0.303984 0.502083 0.164219 0.193611
0 0.335703 0.922222 0.188906 0.155556
0 0.409687 0.652639 0.094063 0.363611
0 0.472187 0.367639 0.135313 0.263056
0 0.369375 0.307639 0.141250 0.168056
0 0.309141 0.449722 0.164531 0.262222
0 0.332422 0.320278 0.117344 0.183333
0 0.485781 0.606944 0.129062 0.385556
0 0.406094 0.210972 0.130312 0.103056
0 0.732187 0.468333 0.144063 0.407222
0 0.259531 0.383750 0.068750 0.167500
0 0.272578 0.686944 0.141406 0.231111
0 0.196797 0.322639 0.047344 0.111944
0 0.366563 0.866111 0.211563 0.267778
0 0.338047 0.694722 0.158594 0.236667
0 0.306016 0.249306 0.106406 0.121389
0 0.217031 0.287361 0.050313 0.109722
0 0.211563 0.380139 0.040313 0.064167