0 0.551719 0.206250 0.146562 0.082500
0 0.556094 0.251528 0.146562 0.105833
0 0.579375 0.335278 0.158125 0.196111
0 0.658359 0.259167 0.075469 0.203889
0 0.717187 0.304444 0.085625 0.252778
0 0.745391 0.261667 0.057969 0.208889
0 0.112031 0.519861 0.056563 0.126389
0 0.326094 0.890000 0.171250 0.144444
0 0.387109 0.275972 0.084219 0.139167
0 0.413906 0.326389 0.108750 0.172778
0 0.555312 0.507083 0.133438 0.338056
0 0.105625 0.637222 0.049375 0.123889
0 0.172344 0.590694 0.092812 0.061944
0 0.167266 0.759722 0.100156 0.157222
0 0.445078 0.594722 0.107344 0.348333
0 0.359531 0.514722 0.171250 0.224444
0 0.384844 0.621806 0.129062 0.314722
0 0.468281 0.374028 0.090000 0.226944
0 0.313047 0.441111 0.127656 0.216667
0 0.334141 0.292639 0.082656 0.183056
0 0.665000 0.803611 0.219062 0.296667
0 0.250703 0.394722 0.043594 0.087778
0 0.241953 0.688889 0.084219 0.232222
0 0.427031 0.214167 0.117500 0.087778
0 0.263672 0.383056 0.066719 0.152222
0 0.292031 0.642222 0.088438 0.216667
0 0.733828 0.500556 0.095781 0.361111
0 0.228203 0.291528 0.039219 0.098056
0 0.247813 0.260556 0.029063 0.056667
0 0.282656 0.269444 0.060937 0.121111
0 0.152813 0.543056 0.045000 0.100556
0 0.131719 0.679583 0.110312 0.110833