0 0.278906 0.811111 0.139063 0.372222
0 0.238281 0.412500 0.114062 0.375000
0 0.579688 0.750000 0.209375 0.333333
0 0.651563 0.837500 0.200000 0.252778
0 0.682031 0.930556 0.214062 0.133333
0 0.475781 0.343056 0.132812 0.263889
0 0.392188 0.337500 0.106250 0.275000
0 0.317969 0.295833 0.145313 0.275000
0 0.264062 0.311111 0.131250 0.250000
0 0.440625 0.204167 0.134375 0.119444
0 0.289844 0.187500 0.160938 0.141667
0 0.312500 0.161111 0.125000 0.061111
0 0.567187 0.237500 0.140625 0.175000
0 0.659375 0.236111 0.103125 0.133333
0 0.628125 0.181944 0.100000 0.052778
0 0.734375 0.650000 0.128125 0.200000
0 0.817187 0.844444 0.143750 0.183333
0 0.905469 0.583333 0.076563 0.200000
0 0.734375 0.336111 0.053125 0.172222
0 0.714063 0.263889 0.056250 0.100000
0 0.754687 0.229167 0.056250 0.086111
0 0.793750 0.329167 0.025000 0.058333
0 0.752344 0.300000 0.032813 0.094444
0 0.708594 0.213889 0.057813 0.055556
0 0.705469 0.425000 0.129688 0.300000
0 0.847656 0.629167 0.120313 0.186111
0 0.878125 0.752778 0.062500 0.116667
0 0.795312 0.261111 0.053125 0.105556
0 0.779687 0.336111 0.031250 0.105556
0 0.767188 0.429167 0.034375 0.080556