0 0.718672 0.807778 0.148594 0.374444
0 0.751250 0.433750 0.135937 0.321389
0 0.422266 0.737361 0.212656 0.358611
0 0.355234 0.799444 0.189844 0.175000
0 0.320000 0.932500 0.214688 0.135000
0 0.526563 0.342639 0.127812 0.265833
0 0.603906 0.340278 0.141875 0.268889
0 0.612266 0.427639 0.160781 0.288611
0 0.555547 0.194861 0.133281 0.110278
0 0.718203 0.235694 0.161406 0.113611
0 0.696953 0.163611 0.156719 0.091111
0 0.434766 0.245417 0.138281 0.157500
0 0.341797 0.245278 0.083281 0.103889
0 0.375937 0.201806 0.086250 0.068056
0 0.274062 0.637917 0.138437 0.204722
0 0.175781 0.832500 0.158750 0.185556
0 0.279453 0.299306 0.049219 0.175833
0 0.244062 0.233056 0.069062 0.059444
0 0.253047 0.317500 0.042969 0.150556
0 0.218516 0.292917 0.064531 0.084167
0 0.306016 0.440278 0.154531 0.299444
0 0.167969 0.655139 0.088438 0.190278
0 0.082266 0.571528 0.058594 0.181389
0 0.334609 0.880139 0.213281 0.175278
0 0.224219 0.347222 0.035000 0.131111
0 0.241172 0.440139 0.048906 0.089722
0 0.143984 0.573194 0.062969 0.114722
0 0.104766 0.525278 0.044219 0.100556