0 0.571875 0.194028 0.161875 0.114722
0 0.574062 0.243194 0.163125 0.139722
0 0.587422 0.316528 0.191094 0.201944
0 0.683281 0.269861 0.092500 0.231944
0 0.742109 0.283889 0.093594 0.196667
0 0.776406 0.288056 0.074063 0.234444
0 0.291172 0.886389 0.191719 0.185556
0 0.385313 0.264583 0.132187 0.167500
0 0.108281 0.458194 0.044375 0.081389
0 0.417266 0.297917 0.126406 0.204722
0 0.552578 0.515694 0.149844 0.384167
0 0.059453 0.567361 0.043594 0.152500
0 0.136406 0.594167 0.106563 0.179444
0 0.659922 0.885278 0.145156 0.229444
0 0.080234 0.573472 0.062031 0.183056
0 0.435547 0.590972 0.134844 0.392500
0 0.310703 0.474028 0.190781 0.311389
0 0.353906 0.622083 0.148125 0.350833
0 0.461172 0.356806 0.117031 0.260833
0 0.439453 0.177361 0.123906 0.097500
0 0.250313 0.324444 0.080625 0.183333
0 0.327891 0.238194 0.130469 0.221944
0 0.704688 0.486806 0.226250 0.311944
0 0.307578 0.370139 0.139531 0.248056
0 0.200469 0.645278 0.131562 0.328889
0 0.246328 0.238611 0.078281 0.108889
0 0.248984 0.170694 0.056094 0.069722
0 0.195234 0.224306 0.053906 0.115833
0 0.123047 0.488611 0.032656 0.123333