0 0.710156 0.811111 0.160938 0.372222
0 0.761719 0.412500 0.114062 0.375000
0 0.400781 0.777778 0.226562 0.277778
0 0.343750 0.847222 0.209375 0.233333
0 0.314844 0.937500 0.220312 0.119444
0 0.524219 0.343056 0.132812 0.263889
0 0.607812 0.337500 0.106250 0.275000
0 0.681250 0.313889 0.150000 0.261111
0 0.734375 0.309722 0.128125 0.252778
0 0.559375 0.204167 0.134375 0.119444
0 0.717187 0.194444 0.159375 0.122222
0 0.694531 0.163889 0.145313 0.077778
0 0.433594 0.226389 0.151562 0.158333
0 0.343750 0.227778 0.103125 0.072222
0 0.366406 0.186111 0.104688 0.055556
0 0.289844 0.536111 0.148438 0.166667
0 0.194531 0.856944 0.145313 0.202778
0 0.111719 0.750000 0.064062 0.116667
0 0.316406 0.265278 0.114062 0.136111
0 0.159375 0.716667 0.115625 0.161111
0 0.155469 0.608333 0.123438 0.122222
0 0.309375 0.440278 0.150000 0.175000
0 0.288281 0.302778 0.042188 0.088889
0 0.258594 0.273611 0.045312 0.086111
0 0.245312 0.227778 0.062500 0.100000
0 0.201563 0.325000 0.015625 0.055556
0 0.232031 0.298611 0.064062 0.119444
0 0.121094 0.513889 0.023438 0.038889
0 0.292187 0.215278 0.068750 0.058333
0 0.223438 0.379167 0.034375 0.069444
0 0.120313 0.559722 0.037500 0.075000
0 0.260937 0.359722 0.075000 0.186111