0 0.742734 0.744306 0.178906 0.409722
0 0.743203 0.365694 0.160156 0.353611
0 0.381250 0.816111 0.198750 0.186111
0 0.359687 0.940417 0.223438 0.119167
0 0.512578 0.337361 0.148906 0.296944
0 0.591172 0.312778 0.167656 0.305000
0 0.528906 0.761944 0.270313 0.457778
0 0.566875 0.948194 0.132812 0.103611
0 0.528594 0.183472 0.140937 0.145278
0 0.692266 0.173611 0.162344 0.148889
0 0.665391 0.113889 0.162344 0.132778
0 0.412891 0.267917 0.151719 0.196389
0 0.308281 0.301250 0.098750 0.143611
0 0.342266 0.232361 0.097344 0.079167
0 0.288828 0.698194 0.154219 0.239722
0 0.236250 0.893611 0.161875 0.210000
0 0.102344 0.703472 0.081563 0.199722
0 0.264688 0.361944 0.063750 0.186667
0 0.224453 0.311667 0.074219 0.088333
0 0.242891 0.382222 0.051406 0.151111
0 0.299297 0.495417 0.170469 0.335278
0 0.205234 0.377917 0.061094 0.108611
0 0.187891 0.745972 0.098906 0.210278
0 0.143750 0.860417 0.078438 0.166944
0 0.370078 0.898611 0.222031 0.202778
0 0.424531 0.693889 0.189375 0.263333
0 0.213750 0.419028 0.041250 0.121389
0 0.240234 0.506944 0.063906 0.122778
0 0.156094 0.701944 0.092812 0.160556
0 0.126172 0.653056 0.048906 0.107778
0 0.121406 0.617639 0.031563 0.049167