0 0.552813 0.193472 0.152188 0.085833
0 0.557344 0.240417 0.152188 0.109722
0 0.581484 0.335417 0.164219 0.219722
0 0.663516 0.248333 0.078281 0.211667
0 0.709531 0.284444 0.067812 0.241111
0 0.754063 0.250972 0.060313 0.216944
0 0.129453 0.757222 0.046719 0.104444
0 0.249219 0.867222 0.195938 0.211667
0 0.242500 0.324722 0.058750 0.107222
0 0.439844 0.619306 0.143125 0.369722
0 0.485859 0.378194 0.147656 0.214167
0 0.393828 0.273750 0.114531 0.139167
0 0.706641 0.810972 0.140156 0.334722
0 0.363047 0.244306 0.064844 0.112500
0 0.416484 0.315278 0.129531 0.168889
0 0.284687 0.631389 0.128125 0.222222
0 0.744219 0.504167 0.082812 0.375000
0 0.283906 0.296528 0.060313 0.083056
0 0.628906 0.705278 0.201875 0.348333
0 0.228203 0.277778 0.063281 0.104444
0 0.437578 0.200000 0.123594 0.088333
0 0.220625 0.687778 0.099375 0.297222
0 0.518203 0.731944 0.191406 0.375000
0 0.128672 0.505556 0.063281 0.120556
0 0.321562 0.228333 0.075313 0.091111
0 0.318516 0.439722 0.132656 0.251667
0 0.306484 0.350278 0.105469 0.227778
0 0.237969 0.414444 0.043750 0.152778
0 0.148281 0.718472 0.060313 0.171389
0 0.100781 0.616806 0.091875 0.187500
0 0.161172 0.625972 0.107031 0.141944