0 0.552109 0.200833 0.148906 0.083889
0 0.556484 0.246528 0.148906 0.107500
0 0.572812 0.325278 0.172500 0.186111
0 0.660391 0.254306 0.076719 0.206944
0 0.720078 0.299028 0.087031 0.254167
0 0.748828 0.256944 0.058906 0.212222
0 0.163047 0.668472 0.087031 0.180833
0 0.318516 0.895000 0.179844 0.146667
0 0.380391 0.296389 0.117969 0.138889
0 0.129766 0.541389 0.038281 0.110000
0 0.412109 0.322500 0.110469 0.175556
0 0.549844 0.506111 0.123750 0.343333
0 0.089297 0.631667 0.033906 0.138889
0 0.241875 0.394583 0.041250 0.162500
0 0.108359 0.656528 0.048594 0.178056
0 0.672187 0.860972 0.141562 0.214722
0 0.310312 0.509722 0.175313 0.220000
0 0.443750 0.594861 0.109062 0.353611
0 0.162969 0.585833 0.057500 0.099444
0 0.368594 0.636944 0.123750 0.311667
0 0.456250 0.371111 0.098750 0.230556
0 0.426719 0.205833 0.113437 0.073333
0 0.336094 0.281944 0.123750 0.204444
0 0.668437 0.528333 0.228437 0.251667
0 0.224141 0.270000 0.070781 0.165000
0 0.303047 0.254444 0.048594 0.065556
0 0.320703 0.398611 0.107656 0.175556
0 0.225625 0.682778 0.109062 0.293333
0 0.234453 0.285972 0.085469 0.144167