0 0.729453 0.816944 0.154219 0.366111
0 0.762266 0.437083 0.147656 0.335278
0 0.530156 0.337917 0.132812 0.276944
0 0.610625 0.336389 0.145937 0.280000
0 0.387500 0.908889 0.270625 0.182222
0 0.535078 0.965694 0.129531 0.068611
0 0.293984 0.488056 0.149219 0.268333
0 0.732734 0.221111 0.160781 0.142778
0 0.700000 0.165833 0.183750 0.119444
0 0.432656 0.238750 0.144375 0.171944
0 0.310312 0.243194 0.100000 0.122500
0 0.363750 0.180278 0.098437 0.061111
0 0.263594 0.644167 0.144375 0.212778
0 0.192188 0.824861 0.152500 0.183611
0 0.070000 0.604861 0.065625 0.169167
0 0.276797 0.276667 0.049219 0.166111
0 0.234063 0.224167 0.072188 0.072778
0 0.243047 0.304444 0.037656 0.151667
0 0.208672 0.281111 0.063906 0.093333
0 0.288203 0.403472 0.141094 0.239167
0 0.157734 0.676250 0.103281 0.218611
0 0.100312 0.776806 0.073750 0.169167
0 0.318594 0.854167 0.191875 0.119444
0 0.308672 0.939444 0.221406 0.121111
0 0.349766 0.782639 0.195156 0.134167
0 0.212812 0.337917 0.032813 0.125278
0 0.418672 0.700972 0.214844 0.262500
0 0.230781 0.429722 0.052500 0.093333
0 0.125781 0.607639 0.085312 0.145833
0 0.184922 0.327639 0.022969 0.064167
0 0.102031 0.581389 0.047500 0.128333
0 0.089766 0.508472 0.029531 0.040833