0 0.561563 0.159444 0.170625 0.096111
0 0.566563 0.211806 0.170625 0.123056
0 0.593594 0.309444 0.184062 0.228333
0 0.685625 0.220833 0.087813 0.237222
0 0.754062 0.273611 0.099687 0.294444
0 0.787031 0.223889 0.067500 0.243333
0 0.070781 0.561667 0.033750 0.156111
0 0.298750 0.935556 0.199375 0.128889
0 0.360469 0.249583 0.116562 0.180278
0 0.401016 0.298889 0.126719 0.201111
0 0.565703 0.509167 0.155469 0.393333
0 0.042031 0.654722 0.057500 0.156111
0 0.123047 0.584444 0.097969 0.117222
0 0.113750 0.796111 0.116562 0.132222
0 0.437344 0.611389 0.125000 0.405556
0 0.341094 0.516667 0.165625 0.258333
0 0.367188 0.642917 0.150313 0.366389
0 0.464375 0.354583 0.104688 0.264167
0 0.283516 0.423750 0.148594 0.246389
0 0.319922 0.270556 0.109844 0.192222
0 0.712734 0.804861 0.209531 0.390278
0 0.416250 0.168333 0.136875 0.102222
0 0.202500 0.719444 0.108125 0.273333
0 0.237188 0.378472 0.082812 0.210278
0 0.270078 0.630833 0.118281 0.222222
0 0.773594 0.489583 0.111563 0.396389
0 0.184844 0.258472 0.045625 0.114167
0 0.207500 0.222500 0.033750 0.066111
0 0.266719 0.224028 0.108125 0.165278