0 0.289844 0.811111 0.160938 0.372222
0 0.238281 0.412500 0.114062 0.375000
0 0.599219 0.763889 0.226562 0.250000
0 0.661719 0.840278 0.220312 0.247222
0 0.685156 0.937500 0.220312 0.119444
0 0.475781 0.343056 0.132812 0.263889
0 0.392188 0.337500 0.106250 0.275000
0 0.329688 0.316667 0.131250 0.244444
0 0.256250 0.279167 0.118750 0.225000
0 0.490625 0.969444 0.100000 0.055556
0 0.439844 0.201389 0.126562 0.108333
0 0.305469 0.176389 0.170313 0.091667
0 0.567187 0.248611 0.143750 0.169444
0 0.635156 0.211111 0.126562 0.094444
0 0.693750 0.405556 0.125000 0.244444
0 0.809375 0.855556 0.150000 0.194444
0 0.888281 0.763889 0.060937 0.111111
0 0.658594 0.275000 0.079687 0.116667
0 0.896875 0.558333 0.071875 0.166667
0 0.850781 0.638889 0.120313 0.194444
0 0.710938 0.613889 0.137500 0.227778
0 0.792969 0.693056 0.079687 0.263889
0 0.667969 0.506944 0.164062 0.197222
0 0.709375 0.301389 0.043750 0.147222
0 0.740625 0.308333 0.043750 0.216667
0 0.766406 0.352778 0.032813 0.105556
0 0.752344 0.218056 0.064062 0.119444
0 0.793750 0.319444 0.021875 0.077778
0 0.705469 0.215278 0.067187 0.058333
0 0.774219 0.329167 0.042188 0.119444