0 0.542500 0.158194 0.151562 0.066944
0 0.564453 0.224028 0.133594 0.128611
0 0.590234 0.311528 0.169844 0.229167
0 0.660625 0.221389 0.089063 0.228333
0 0.725391 0.261111 0.101719 0.279444
0 0.754141 0.213333 0.070469 0.231667
0 0.073203 0.690833 0.061719 0.161667
0 0.105469 0.589861 0.048438 0.138056
0 0.150156 0.676667 0.110312 0.172778
0 0.154531 0.840278 0.091563 0.170556
0 0.323437 0.925972 0.195938 0.148056
0 0.518594 0.950139 0.070312 0.099167
0 0.301641 0.579722 0.154844 0.202778
0 0.299141 0.336528 0.104531 0.183056
0 0.265781 0.689861 0.119687 0.215278
0 0.358594 0.292222 0.129062 0.177778
0 0.385859 0.308333 0.117031 0.187222
0 0.489453 0.339861 0.135781 0.230833
0 0.413359 0.355556 0.078281 0.188333
0 0.519766 0.504722 0.182031 0.266667
0 0.450859 0.590417 0.141719 0.355833
0 0.691953 0.870556 0.166719 0.228889
0 0.718281 0.667083 0.167813 0.471944
0 0.459297 0.222083 0.104531 0.185833
0 0.234141 0.249306 0.091406 0.120833
0 0.273828 0.265833 0.079844 0.144444
0 0.327109 0.222083 0.057969 0.056389
0 0.387734 0.210833 0.077344 0.077778
0 0.299297 0.470139 0.147656 0.259722
0 0.239297 0.412917 0.078594 0.152500
0 0.187969 0.335417 0.050938 0.077500