0 0.545938 0.179722 0.164375 0.100556
0 0.551719 0.228056 0.165000 0.125556
0 0.588125 0.315694 0.173437 0.223056
0 0.664297 0.228333 0.086094 0.225000
0 0.728672 0.270972 0.098281 0.275833
0 0.757969 0.224306 0.067500 0.229167
0 0.070781 0.672500 0.059688 0.159444
0 0.104453 0.572917 0.046719 0.136389
0 0.150078 0.825278 0.089531 0.167222
0 0.317500 0.924167 0.194062 0.151667
0 0.512578 0.950972 0.069219 0.096389
0 0.306484 0.517917 0.167969 0.258611
0 0.260859 0.679722 0.124844 0.211111
0 0.361484 0.285972 0.127031 0.172500
0 0.150781 0.682222 0.096562 0.131667
0 0.158750 0.619028 0.055000 0.086944
0 0.479141 0.340278 0.107969 0.223889
0 0.416172 0.387778 0.077031 0.235556
0 0.397187 0.310139 0.110000 0.174167
0 0.558750 0.502778 0.150313 0.373889
0 0.261094 0.374028 0.072813 0.185278
0 0.444375 0.597083 0.132812 0.355833
0 0.677344 0.702639 0.229687 0.301944
0 0.691406 0.870000 0.155000 0.238333
0 0.224141 0.404583 0.052344 0.106389
0 0.317344 0.237917 0.099062 0.106944
0 0.413594 0.207222 0.127188 0.111667
0 0.297656 0.436667 0.140937 0.237222
0 0.216016 0.282639 0.123594 0.155833
0 0.271406 0.245278 0.057500 0.128889
0 0.230313 0.401111 0.048438 0.072778
0 0.232344 0.278889 0.112813 0.160556
0 0.121562 0.570278 0.043125 0.116667