0 0.570937 0.193194 0.161562 0.113056
0 0.573125 0.242361 0.162812 0.138056
0 0.593281 0.344583 0.180938 0.253611
0 0.682422 0.267917 0.091719 0.231389
0 0.728047 0.312778 0.082344 0.260000
0 0.775781 0.285278 0.073438 0.233889
0 0.115547 0.725556 0.078594 0.152222
0 0.211406 0.847917 0.161562 0.206389
0 0.360234 0.566111 0.158594 0.395556
0 0.243594 0.278472 0.066250 0.120278
0 0.400703 0.619583 0.103594 0.375833
0 0.499141 0.360556 0.150781 0.237778
0 0.374844 0.241806 0.112813 0.218056
0 0.697969 0.835833 0.161875 0.328333
0 0.366172 0.211389 0.073281 0.137778
0 0.469766 0.602500 0.107656 0.365556
0 0.752734 0.545139 0.104844 0.400833
0 0.280156 0.252222 0.082812 0.175000
0 0.282266 0.510417 0.105469 0.164722
0 0.231172 0.227639 0.070781 0.118056
0 0.448359 0.182222 0.138281 0.109444
0 0.191797 0.659444 0.122656 0.323889
0 0.506953 0.755000 0.217969 0.440556
0 0.123828 0.446528 0.061094 0.080833
0 0.330156 0.191806 0.082500 0.106389
0 0.388516 0.311111 0.175156 0.293889
0 0.275234 0.349028 0.064531 0.243611
0 0.234297 0.370417 0.052969 0.164722
0 0.476250 0.946528 0.141562 0.106944
0 0.078203 0.592778 0.102969 0.208333
0 0.144844 0.592222 0.139375 0.225000