0 0.716172 0.810972 0.146406 0.370833
0 0.750391 0.438611 0.133906 0.318333
0 0.421172 0.736250 0.210156 0.354167
0 0.348672 0.797222 0.199219 0.171667
0 0.318359 0.930000 0.213281 0.132778
0 0.526953 0.344583 0.126094 0.263056
0 0.603984 0.343056 0.140156 0.265556
0 0.609375 0.417778 0.154062 0.287778
0 0.556484 0.197917 0.132344 0.108056
0 0.718438 0.240972 0.160312 0.110833
0 0.699688 0.163194 0.160312 0.077500
0 0.435078 0.245000 0.132344 0.157778
0 0.336250 0.228333 0.084062 0.146667
0 0.379062 0.196528 0.079375 0.060833
0 0.273984 0.635139 0.137031 0.201944
0 0.178203 0.719444 0.132344 0.298889
0 0.095000 0.582778 0.065312 0.180000
0 0.272422 0.304444 0.034219 0.143889
0 0.245938 0.232361 0.068437 0.066389
0 0.250703 0.318333 0.040469 0.143889
0 0.214141 0.299028 0.051406 0.105278
0 0.298203 0.438611 0.135469 0.285000
0 0.156406 0.646389 0.066875 0.168889
0 0.120625 0.768056 0.063750 0.163333
0 0.304297 0.279444 0.048281 0.149444
0 0.333203 0.877500 0.211719 0.171667
0 0.224141 0.338889 0.037344 0.118889
0 0.243672 0.441528 0.048281 0.096944
0 0.158047 0.545139 0.057656 0.060833
0 0.121484 0.531528 0.031094 0.094167