0 0.725625 0.817778 0.172187 0.364444
0 0.780859 0.408194 0.122031 0.401389
0 0.394531 0.784306 0.242500 0.267500
0 0.333594 0.873472 0.224062 0.249722
0 0.302578 0.953056 0.235781 0.093889
0 0.526719 0.333750 0.142187 0.282500
0 0.616250 0.328056 0.113750 0.294444
0 0.680469 0.310139 0.138750 0.264722
0 0.743281 0.272917 0.147187 0.231944
0 0.564297 0.180694 0.140469 0.113056
0 0.406250 0.425972 0.085312 0.264722
0 0.707344 0.155417 0.185625 0.104167
0 0.428906 0.228333 0.157187 0.178333
0 0.358672 0.188194 0.140469 0.115833
0 0.260000 0.522639 0.147187 0.225833
0 0.173047 0.886944 0.163906 0.211111
0 0.330156 0.283333 0.090312 0.127778
0 0.122891 0.663750 0.120469 0.216944
0 0.270859 0.672639 0.192344 0.175278
0 0.163828 0.715833 0.098594 0.279444
0 0.292578 0.409583 0.135469 0.231944
0 0.265781 0.305694 0.061875 0.190278
0 0.250000 0.289167 0.080312 0.193333
0 0.228125 0.210417 0.066875 0.106944
0 0.184688 0.316111 0.020000 0.074444
0 0.219063 0.283194 0.061875 0.121944
0 0.091953 0.519722 0.021719 0.035556
0 0.275859 0.201667 0.088594 0.083333
0 0.203906 0.379861 0.038437 0.089167
0 0.101016 0.571528 0.060156 0.115833