0 0.726016 0.790417 0.157656 0.385278
0 0.749453 0.414028 0.143594 0.331389
0 0.428437 0.751528 0.220625 0.358056
0 0.357422 0.810833 0.204844 0.190556
0 0.330859 0.935139 0.217656 0.129722
0 0.522734 0.340694 0.134219 0.275278
0 0.595234 0.332639 0.129531 0.277500
0 0.607578 0.406389 0.162969 0.302778
0 0.548047 0.190833 0.135781 0.120556
0 0.711250 0.204861 0.164062 0.125833
0 0.690547 0.142917 0.162969 0.092500
0 0.426953 0.253750 0.142031 0.173611
0 0.328047 0.241944 0.088594 0.155000
0 0.375469 0.201389 0.073438 0.065000
0 0.277734 0.655694 0.143281 0.215278
0 0.205313 0.750000 0.142500 0.295556
0 0.096641 0.619583 0.070781 0.186389
0 0.266328 0.324306 0.038594 0.147500
0 0.237656 0.253333 0.073438 0.065000
0 0.244922 0.340139 0.044844 0.148056
0 0.206094 0.320139 0.060625 0.102500
0 0.299766 0.446250 0.151719 0.290833
0 0.167578 0.686667 0.086406 0.185000
0 0.122187 0.791111 0.054375 0.154444
0 0.296953 0.300556 0.054531 0.162778
0 0.343437 0.894167 0.215937 0.200000
0 0.219062 0.363472 0.037812 0.122500
0 0.240625 0.460000 0.052500 0.093333