0 0.575313 0.196389 0.162500 0.120000
0 0.576875 0.245833 0.164062 0.145000
0 0.595859 0.340694 0.182656 0.244167
0 0.685781 0.276389 0.094688 0.234444
0 0.745547 0.337361 0.108906 0.289167
0 0.778672 0.298056 0.076406 0.236111
0 0.287031 0.878889 0.193125 0.191667
0 0.394297 0.235278 0.099531 0.167222
0 0.091484 0.432639 0.059219 0.134722
0 0.419609 0.295139 0.128281 0.208611
0 0.558516 0.518889 0.166094 0.390556
0 0.068828 0.552361 0.062656 0.165278
0 0.147031 0.523333 0.105937 0.097778
0 0.098437 0.680000 0.056250 0.112222
0 0.434531 0.588750 0.138750 0.395833
0 0.340156 0.491250 0.200625 0.261389
0 0.368359 0.604583 0.159844 0.364722
0 0.474531 0.357917 0.111875 0.262500
0 0.305547 0.369583 0.154844 0.311944
0 0.333047 0.161389 0.085469 0.137222
0 0.621406 0.740000 0.290313 0.369444
0 0.253125 0.326944 0.078438 0.125000
0 0.663594 0.896389 0.141250 0.207222
0 0.441172 0.177778 0.131719 0.119444
0 0.247109 0.617917 0.141094 0.287500
0 0.303281 0.257500 0.044375 0.071667
0 0.178750 0.690694 0.149688 0.256389
0 0.749844 0.550833 0.127188 0.407222
0 0.223203 0.217500 0.048594 0.113333
0 0.268672 0.184722 0.079844 0.097778
0 0.290078 0.229583 0.088281 0.156944
0 0.128281 0.484722 0.056563 0.117778
0 0.138359 0.609861 0.129844 0.138056