0 0.726016 0.817222 0.172656 0.365556
0 0.781328 0.406389 0.122344 0.402222
0 0.394062 0.783611 0.243125 0.268333
0 0.332969 0.872917 0.224688 0.250278
0 0.301953 0.952778 0.236406 0.094444
0 0.526563 0.331806 0.142500 0.283056
0 0.616250 0.326111 0.114062 0.295000
0 0.680703 0.308194 0.139219 0.265278
0 0.743594 0.270972 0.147500 0.232500
0 0.564141 0.178611 0.140781 0.113333
0 0.382266 0.463194 0.149219 0.175833
0 0.708359 0.151806 0.191094 0.101389
0 0.428516 0.226111 0.157656 0.178889
0 0.358047 0.185833 0.140781 0.116111
0 0.259063 0.521250 0.147500 0.226389
0 0.171953 0.886389 0.164219 0.211667
0 0.329453 0.281250 0.090469 0.128056
0 0.129219 0.664306 0.119063 0.226389
0 0.271641 0.673333 0.182656 0.178889
0 0.161875 0.708889 0.100625 0.286111
0 0.291797 0.407917 0.135781 0.232500
0 0.265859 0.302083 0.067031 0.193611
0 0.252500 0.288750 0.077187 0.190833
0 0.227266 0.194722 0.067031 0.116111
0 0.182031 0.316944 0.023438 0.074444
0 0.218047 0.281389 0.062031 0.122222
0 0.091484 0.521111 0.020156 0.041667
0 0.202969 0.385694 0.045312 0.086389
0 0.265859 0.206806 0.090469 0.086389
0 0.097422 0.565833 0.052031 0.107222