0 0.710156 0.811111 0.160938 0.372222
0 0.761719 0.412500 0.114062 0.375000
0 0.400781 0.777778 0.226562 0.277778
0 0.343750 0.847222 0.209375 0.233333
0 0.314844 0.937500 0.220312 0.119444
0 0.524219 0.343056 0.132812 0.263889
0 0.607812 0.337500 0.106250 0.275000
0 0.681250 0.313889 0.150000 0.261111
0 0.735938 0.309722 0.121875 0.252778
0 0.559375 0.204167 0.134375 0.119444
0 0.711719 0.204167 0.167187 0.136111
0 0.703125 0.163889 0.159375 0.072222
0 0.430469 0.237500 0.145313 0.152778
0 0.366406 0.186111 0.104688 0.055556
0 0.340625 0.241667 0.103125 0.111111
0 0.278125 0.584722 0.150000 0.180556
0 0.199219 0.868056 0.148438 0.191667
0 0.235156 0.366667 0.076563 0.111111
0 0.151562 0.690278 0.096875 0.252778
0 0.163281 0.573611 0.079687 0.125000
0 0.314844 0.434722 0.179688 0.202778
0 0.277344 0.301389 0.070312 0.163889
0 0.256250 0.279167 0.056250 0.102778
0 0.245312 0.227778 0.062500 0.100000
0 0.201563 0.313889 0.021875 0.038889
0 0.235937 0.287500 0.056250 0.102778
0 0.115625 0.508333 0.015625 0.027778
0 0.292187 0.215278 0.068750 0.058333
0 0.212500 0.363889 0.012500 0.033333
0 0.115625 0.559722 0.037500 0.086111
0 0.242969 0.398611 0.048438 0.163889
0 0.111719 0.761111 0.039062 0.133333