0 0.554063 0.192083 0.153438 0.086389
0 0.558594 0.239583 0.153438 0.110833
0 0.582969 0.335139 0.165625 0.221389
0 0.665781 0.247500 0.079063 0.213333
0 0.712187 0.284028 0.068437 0.243056
0 0.756953 0.250278 0.060781 0.218889
0 0.178906 0.695972 0.089688 0.267500
0 0.308828 0.475556 0.136719 0.248333
0 0.247969 0.302778 0.042500 0.053889
0 0.409766 0.624306 0.083594 0.324167
0 0.482734 0.370417 0.126094 0.221389
0 0.387656 0.292222 0.139688 0.178333
0 0.709063 0.814583 0.141250 0.337500
0 0.409766 0.325972 0.147344 0.170278
0 0.475937 0.604028 0.088125 0.343056
0 0.423438 0.205556 0.123125 0.081111
0 0.747109 0.505417 0.083594 0.378056
0 0.256328 0.370278 0.101719 0.097222
0 0.345234 0.247361 0.112344 0.105278
0 0.260859 0.653889 0.113906 0.313333
0 0.517734 0.748472 0.192969 0.394167
0 0.324687 0.227083 0.098750 0.102500
0 0.237422 0.254306 0.094219 0.145833
0 0.158437 0.566111 0.079063 0.094444
0 0.148516 0.687778 0.113906 0.251111