0 0.719219 0.806528 0.149375 0.375278
0 0.754141 0.426667 0.130156 0.311111
0 0.526328 0.342500 0.128281 0.266667
0 0.602891 0.333889 0.140781 0.258333
0 0.374453 0.883194 0.219844 0.176944
0 0.521016 0.962083 0.123906 0.071944
0 0.156953 0.615694 0.091719 0.157500
0 0.718594 0.246944 0.154062 0.150556
0 0.686953 0.179444 0.185156 0.115000
0 0.432734 0.250000 0.138594 0.166667
0 0.324062 0.248056 0.080312 0.107222
0 0.369141 0.197083 0.092656 0.063056
0 0.306406 0.419306 0.153125 0.250278
0 0.192031 0.841111 0.112187 0.199444
0 0.088828 0.601806 0.062031 0.176389
0 0.295469 0.283333 0.054062 0.137222
0 0.259688 0.309306 0.038437 0.148056
0 0.207422 0.318611 0.027031 0.075556
0 0.252969 0.234444 0.100937 0.138333
0 0.119766 0.769028 0.071406 0.162500
0 0.320078 0.583056 0.155781 0.172778
0 0.307500 0.927500 0.185312 0.145000
0 0.348672 0.772500 0.217031 0.210000
0 0.239297 0.666667 0.106094 0.218889
0 0.231875 0.347361 0.041563 0.134167
0 0.240937 0.436111 0.049062 0.095556
0 0.198984 0.338333 0.025469 0.064444
0 0.111875 0.513611 0.030000 0.039444
0 0.130625 0.635556 0.022187 0.050556
0 0.119297 0.581528 0.041406 0.109167