0 0.717187 0.811111 0.146875 0.372222
0 0.752344 0.437500 0.132812 0.319444
0 0.421094 0.744444 0.210938 0.338889
0 0.348438 0.797222 0.200000 0.172222
0 0.317969 0.930556 0.214062 0.133333
0 0.527344 0.343056 0.126562 0.263889
0 0.603125 0.341667 0.096875 0.266667
0 0.654687 0.376389 0.115625 0.247222
0 0.557031 0.195833 0.132812 0.108333
0 0.719531 0.225000 0.160938 0.111111
0 0.700781 0.161111 0.160938 0.077778
0 0.439844 0.243056 0.120313 0.152778
0 0.325781 0.190278 0.054688 0.058333
0 0.380469 0.188889 0.070312 0.050000
0 0.273438 0.641667 0.137500 0.188889
0 0.207031 0.731944 0.145313 0.286111
0 0.093750 0.581944 0.065625 0.180556
0 0.342187 0.265278 0.140625 0.125000
0 0.274219 0.295833 0.045312 0.169444
0 0.217969 0.255556 0.020313 0.072222
0 0.203125 0.331944 0.028125 0.063889
0 0.248438 0.315278 0.037500 0.147222
0 0.241406 0.247222 0.045312 0.088889
0 0.308594 0.427778 0.151562 0.283333
0 0.166406 0.651389 0.085938 0.186111
0 0.110156 0.761111 0.051562 0.150000
0 0.296094 0.297222 0.039062 0.166667
0 0.327344 0.872222 0.195312 0.172222
0 0.223438 0.337500 0.034375 0.119444
0 0.242188 0.436111 0.050000 0.088889
0 0.143750 0.544444 0.062500 0.077778