0 0.555469 0.183333 0.157812 0.088889
0 0.560156 0.231944 0.157812 0.113889
0 0.585156 0.330556 0.170313 0.227778
0 0.670312 0.240278 0.081250 0.219444
0 0.717969 0.277778 0.070312 0.250000
0 0.764062 0.243056 0.062500 0.225000
0 0.158594 0.604167 0.120313 0.097222
0 0.221875 0.686111 0.087500 0.250000
0 0.110156 0.738889 0.051562 0.127778
0 0.321875 0.456944 0.159375 0.175000
0 0.321094 0.294444 0.092188 0.133333
0 0.407031 0.627778 0.085938 0.333333
0 0.482031 0.366667 0.129688 0.227778
0 0.398438 0.251389 0.087500 0.102778
0 0.714844 0.823611 0.145313 0.347222
0 0.367188 0.234722 0.056250 0.063889
0 0.429688 0.280556 0.071875 0.088889
0 0.483594 0.597222 0.107813 0.366667
0 0.421094 0.197222 0.126562 0.083333
0 0.753906 0.505556 0.085938 0.388889
0 0.269531 0.384722 0.064062 0.125000
0 0.342969 0.386111 0.123438 0.205556
0 0.207031 0.287500 0.042188 0.080556
0 0.288281 0.608333 0.151562 0.222222
0 0.409375 0.813889 0.212500 0.327778
0 0.319531 0.219444 0.101562 0.105556
0 0.235937 0.287500 0.065625 0.158333
0 0.114844 0.516667 0.045312 0.083333
0 0.213281 0.337500 0.032813 0.063889
0 0.155469 0.729167 0.104688 0.258333