0 0.445312 0.163889 0.150000 0.050000
0 0.439844 0.231944 0.157812 0.113889
0 0.403125 0.286111 0.162500 0.138889
0 0.329688 0.240278 0.081250 0.219444
0 0.266406 0.286111 0.092188 0.266667
0 0.235937 0.243056 0.062500 0.225000
0 0.932813 0.641667 0.056250 0.155556
0 0.896875 0.544444 0.043750 0.133333
0 0.855469 0.636111 0.104688 0.161111
0 0.857031 0.800000 0.085938 0.161111
0 0.692187 0.919444 0.190625 0.155556
0 0.497656 0.951389 0.067187 0.091667
0 0.709375 0.619444 0.131250 0.261111
0 0.694531 0.313889 0.098437 0.172222
0 0.749219 0.680556 0.095312 0.238889
0 0.633594 0.276389 0.123438 0.163889
0 0.607031 0.295833 0.110937 0.175000
0 0.504687 0.338889 0.128125 0.216667
0 0.581250 0.345833 0.071875 0.180556
0 0.473438 0.522222 0.209375 0.272222
0 0.584375 0.500000 0.137500 0.366667
0 0.313281 0.883333 0.139063 0.227778
0 0.351562 0.744444 0.265625 0.261111
0 0.388281 0.381944 0.201563 0.230556
0 0.771875 0.238889 0.053125 0.116667
0 0.667188 0.202778 0.100000 0.155556
0 0.709375 0.252778 0.043750 0.111111
0 0.569531 0.190278 0.098437 0.091667
0 0.699219 0.447222 0.139063 0.244444
0 0.774219 0.363889 0.042188 0.072222
0 0.805469 0.300000 0.048438 0.072222