0 0.710156 0.811111 0.160938 0.372222
0 0.761719 0.412500 0.114062 0.375000
0 0.413281 0.766667 0.226562 0.300000
0 0.343750 0.847222 0.209375 0.233333
0 0.314844 0.937500 0.220312 0.119444
0 0.524219 0.343056 0.132812 0.263889
0 0.607812 0.337500 0.106250 0.275000
0 0.681250 0.313889 0.150000 0.261111
0 0.733594 0.311111 0.120313 0.250000
0 0.559375 0.204167 0.134375 0.119444
0 0.712500 0.209722 0.171875 0.130556
0 0.704688 0.161111 0.156250 0.083333
0 0.431250 0.237500 0.143750 0.141667
0 0.340625 0.241667 0.103125 0.111111
0 0.371875 0.187500 0.100000 0.063889
0 0.309375 0.540278 0.159375 0.225000
0 0.199219 0.845833 0.132812 0.180556
0 0.103125 0.531944 0.034375 0.075000
0 0.239063 0.345833 0.071875 0.108333
0 0.292187 0.275000 0.046875 0.094444
0 0.271094 0.268056 0.039062 0.102778
0 0.243750 0.238889 0.065625 0.105556
0 0.202344 0.326389 0.020313 0.058333
0 0.245312 0.297222 0.053125 0.133333
0 0.289844 0.208333 0.060937 0.050000
0 0.287500 0.416667 0.106250 0.238889
0 0.214844 0.700000 0.123438 0.127778
0 0.124219 0.763889 0.076563 0.150000
0 0.117969 0.520833 0.014063 0.025000
0 0.106250 0.613889 0.075000 0.127778
0 0.119531 0.554167 0.035937 0.052778
0 0.219531 0.320833 0.023438 0.075000
0 0.230469 0.431944 0.032813 0.086111