0 0.710156 0.811111 0.160938 0.372222
0 0.761719 0.412500 0.114062 0.375000
0 0.413281 0.766667 0.226562 0.300000
0 0.343750 0.847222 0.209375 0.233333
0 0.314844 0.937500 0.220312 0.119444
0 0.524219 0.343056 0.132812 0.263889
0 0.607812 0.337500 0.106250 0.275000
0 0.682031 0.306944 0.148438 0.225000
0 0.736719 0.316667 0.129688 0.261111
0 0.559375 0.204167 0.134375 0.119444
0 0.712500 0.209722 0.171875 0.130556
0 0.704688 0.161111 0.156250 0.083333
0 0.432031 0.236111 0.145313 0.144444
0 0.342969 0.245833 0.098437 0.102778
0 0.371875 0.181944 0.100000 0.052778
0 0.264844 0.627778 0.139063 0.183333
0 0.182812 0.844444 0.143750 0.183333
0 0.255469 0.377778 0.079687 0.194444
0 0.283594 0.258333 0.045312 0.083333
0 0.243750 0.238889 0.065625 0.105556
0 0.205469 0.327778 0.020313 0.061111
0 0.250781 0.295833 0.042188 0.119444
0 0.289844 0.208333 0.060937 0.050000
0 0.296875 0.420833 0.121875 0.302778
0 0.150781 0.659722 0.126562 0.241667
0 0.115625 0.759722 0.056250 0.097222
0 0.118750 0.516667 0.025000 0.044444
0 0.095312 0.484722 0.040625 0.125000
0 0.096875 0.581944 0.059375 0.108333
0 0.218750 0.344444 0.031250 0.111111
0 0.235937 0.431944 0.043750 0.097222