0 0.710156 0.811111 0.160938 0.372222
0 0.761719 0.412500 0.114062 0.375000
0 0.396094 0.729167 0.217188 0.180556
0 0.343750 0.847222 0.209375 0.233333
0 0.314844 0.937500 0.220312 0.119444
0 0.524219 0.343056 0.132812 0.263889
0 0.607812 0.337500 0.106250 0.275000
0 0.672656 0.316667 0.132812 0.238889
0 0.725781 0.279167 0.142187 0.225000
0 0.496875 0.805556 0.168750 0.383333
0 0.559375 0.200000 0.131250 0.105556
0 0.694531 0.176389 0.170313 0.091667
0 0.428125 0.247222 0.146875 0.177778
0 0.368750 0.209722 0.134375 0.102778
0 0.287500 0.420833 0.090625 0.230556
0 0.193750 0.859722 0.153125 0.197222
0 0.106250 0.752778 0.059375 0.105556
0 0.339062 0.283333 0.075000 0.100000
0 0.153906 0.652778 0.110937 0.211111
0 0.290625 0.618056 0.143750 0.219444
0 0.212500 0.687500 0.084375 0.263889
0 0.335938 0.513889 0.165625 0.172222
0 0.290625 0.295833 0.046875 0.130556
0 0.263281 0.305556 0.057813 0.177778
0 0.245312 0.223611 0.062500 0.108333
0 0.203906 0.319444 0.020313 0.072222
0 0.234375 0.283333 0.059375 0.105556
0 0.286719 0.219444 0.054688 0.055556
0 0.222656 0.379167 0.042188 0.108333
0 0.125781 0.534722 0.029687 0.097222