0 0.738359 0.819306 0.161094 0.361389
0 0.772734 0.432778 0.154219 0.350556
0 0.530234 0.329167 0.138906 0.289444
0 0.614141 0.327639 0.152656 0.292500
0 0.373359 0.919861 0.325781 0.160278
0 0.527656 0.985417 0.140625 0.029167
0 0.560156 0.167778 0.150938 0.118889
0 0.740078 0.211806 0.171406 0.115833
0 0.717891 0.135694 0.171406 0.097500
0 0.428984 0.222361 0.152656 0.173611
0 0.315937 0.220972 0.090938 0.134167
0 0.356094 0.164444 0.102813 0.063889
0 0.251563 0.649306 0.150938 0.222500
0 0.175313 0.844306 0.162812 0.185833
0 0.049297 0.595833 0.072031 0.201111
0 0.259219 0.277361 0.053125 0.191944
0 0.220703 0.210278 0.075469 0.076111
0 0.231016 0.292778 0.041094 0.155556
0 0.291094 0.432778 0.144063 0.326111
0 0.195781 0.269861 0.060000 0.091389
0 0.141016 0.682639 0.107969 0.228611
0 0.081094 0.787778 0.077187 0.176667
0 0.297031 0.862500 0.169687 0.100556
0 0.297812 0.950278 0.222812 0.099444
0 0.342422 0.792500 0.202344 0.131111
0 0.199219 0.327639 0.035937 0.134167
0 0.218125 0.426667 0.060000 0.118889
0 0.417812 0.734444 0.215937 0.344444
0 0.102422 0.608194 0.072031 0.140278
0 0.171953 0.321528 0.018906 0.060833
0 0.083516 0.579167 0.054844 0.137222
0 0.069766 0.499861 0.030781 0.051944