0 0.717187 0.811111 0.146875 0.372222
0 0.761719 0.437500 0.114062 0.319444
0 0.421094 0.744444 0.210938 0.338889
0 0.348438 0.797222 0.200000 0.172222
0 0.317969 0.930556 0.214062 0.133333
0 0.524219 0.343056 0.132812 0.263889
0 0.607812 0.341667 0.106250 0.266667
0 0.688281 0.294444 0.157812 0.188889
0 0.557813 0.204167 0.137500 0.119444
0 0.714844 0.222222 0.151562 0.100000
0 0.701562 0.168056 0.162500 0.091667
0 0.433594 0.231944 0.135937 0.180556
0 0.338281 0.244444 0.073438 0.122222
0 0.364063 0.187500 0.100000 0.086111
0 0.266406 0.651389 0.135937 0.169444
0 0.186719 0.723611 0.132812 0.219444
0 0.093750 0.581944 0.065625 0.180556
0 0.535156 0.545833 0.160938 0.363889
0 0.264062 0.300000 0.037500 0.111111
0 0.237500 0.243056 0.056250 0.102778
0 0.204687 0.327778 0.025000 0.061111
0 0.250781 0.318056 0.039062 0.147222
0 0.292187 0.455556 0.134375 0.288889
0 0.167969 0.633333 0.085938 0.177778
0 0.290625 0.252778 0.065625 0.166667
0 0.329688 0.873611 0.209375 0.180556
0 0.224219 0.337500 0.032813 0.125000
0 0.240625 0.431944 0.046875 0.091667