0 0.712656 0.802778 0.143437 0.363333
0 0.743047 0.438194 0.137344 0.311944
0 0.527266 0.345972 0.123594 0.257500
0 0.601953 0.344583 0.135781 0.260278
0 0.394609 0.878750 0.251719 0.173611
0 0.545547 0.941111 0.120469 0.086667
0 0.312891 0.477639 0.131094 0.244167
0 0.714063 0.241528 0.152500 0.103056
0 0.685078 0.185833 0.170781 0.111111
0 0.436484 0.253889 0.134219 0.160000
0 0.336641 0.249583 0.080781 0.119167
0 0.372500 0.199583 0.091563 0.056944
0 0.279453 0.630694 0.134219 0.198056
0 0.212266 0.802917 0.137344 0.146389
0 0.099375 0.594167 0.060937 0.157222
0 0.286328 0.299861 0.047344 0.170833
0 0.251953 0.240278 0.067031 0.067778
0 0.260391 0.314722 0.035156 0.141111
0 0.228359 0.293056 0.059531 0.086667
0 0.317578 0.408333 0.146406 0.230556
0 0.181016 0.660556 0.096094 0.203333
0 0.127578 0.753889 0.068594 0.157222
0 0.330469 0.825833 0.178437 0.111111
0 0.321406 0.916667 0.205938 0.135556
0 0.359531 0.759583 0.181563 0.124722
0 0.232109 0.346111 0.030469 0.116667
0 0.427344 0.678056 0.192188 0.249444
0 0.250469 0.432778 0.051875 0.089444
0 0.151328 0.604861 0.085469 0.146389
0 0.207734 0.339306 0.018281 0.059722
0 0.127734 0.565556 0.047344 0.116667
0 0.117812 0.504583 0.027500 0.038056