0 0.551719 0.206250 0.146562 0.082500
0 0.555937 0.251528 0.146562 0.105833
0 0.579219 0.335278 0.158125 0.196111
0 0.658203 0.259028 0.075469 0.203611
0 0.717031 0.304444 0.085625 0.252778
0 0.745234 0.261667 0.057969 0.208889
0 0.112031 0.519583 0.056563 0.126389
0 0.326016 0.889722 0.171094 0.144444
0 0.386875 0.275972 0.084062 0.139167
0 0.413750 0.326111 0.108750 0.172778
0 0.555312 0.506667 0.133438 0.337778
0 0.105625 0.636944 0.049375 0.123889
0 0.172344 0.597083 0.092812 0.074722
0 0.167266 0.763333 0.100156 0.149444
0 0.445078 0.594306 0.107344 0.348056
0 0.359453 0.514444 0.171094 0.224444
0 0.384844 0.621528 0.129062 0.314722
0 0.468281 0.374028 0.090000 0.226944
0 0.313047 0.433194 0.127656 0.211389
0 0.346328 0.293889 0.098594 0.149444
0 0.672813 0.805972 0.203125 0.306944
0 0.250703 0.394722 0.043594 0.087778
0 0.239063 0.688611 0.060937 0.216667
0 0.426875 0.214167 0.117500 0.087778
0 0.276016 0.382917 0.059531 0.146944
0 0.290469 0.621528 0.105937 0.211389
0 0.733672 0.500278 0.095781 0.361111
0 0.228203 0.291528 0.039219 0.098056
0 0.247813 0.260556 0.029063 0.056667
0 0.279687 0.278611 0.060937 0.128889
0 0.152656 0.542778 0.045000 0.100556
0 0.119375 0.666528 0.097188 0.110833