0 0.503594 0.836250 0.157812 0.313056
0 0.284375 0.300833 0.162500 0.210556
0 0.231250 0.201806 0.123438 0.111389
0 0.645937 0.690278 0.162500 0.107778
0 0.629219 0.361806 0.073125 0.084167
0 0.572578 0.392361 0.061719 0.050278
0 0.695000 0.426667 0.072500 0.142222
0 0.695156 0.483472 0.086250 0.129167
0 0.445156 0.691667 0.184688 0.236667
0 0.240703 0.607083 0.272969 0.290833
0 0.375547 0.286667 0.184844 0.147778
0 0.269531 0.408333 0.176563 0.219444
0 0.294766 0.924028 0.160156 0.151944
0 0.577656 0.929722 0.106563 0.132778
0 0.719922 0.572500 0.048906 0.130000
0 0.488750 0.479722 0.097812 0.268333
0 0.194609 0.807222 0.145156 0.385556
0 0.194531 0.306389 0.099687 0.287778
0 0.245703 0.324861 0.077656 0.173056
0 0.393906 0.416250 0.121875 0.211389
0 0.151328 0.343333 0.063906 0.194444
0 0.564219 0.456528 0.078438 0.128611
0 0.410234 0.252917 0.111094 0.119167
0 0.778984 0.601667 0.085156 0.156667
0 0.808750 0.751528 0.066875 0.080833
0 0.752812 0.679306 0.076563 0.109167
0 0.535391 0.310556 0.105781 0.080000
0 0.510391 0.365972 0.110781 0.099722