0 0.719453 0.806389 0.149531 0.375556
0 0.761250 0.431528 0.116250 0.321944
0 0.422734 0.746250 0.213281 0.343611
0 0.350625 0.800556 0.201250 0.176667
0 0.321094 0.932778 0.215000 0.134444
0 0.523125 0.342639 0.134688 0.266944
0 0.606719 0.339167 0.108125 0.268889
0 0.705703 0.313333 0.177656 0.167778
0 0.555703 0.202917 0.138281 0.122500
0 0.712812 0.217500 0.152188 0.103333
0 0.699219 0.163472 0.163125 0.095278
0 0.434063 0.229306 0.138750 0.186389
0 0.334062 0.241111 0.078750 0.098889
0 0.361875 0.190556 0.100625 0.088333
0 0.264297 0.648194 0.143594 0.194722
0 0.164062 0.825556 0.130937 0.177778
0 0.094375 0.590972 0.066875 0.181944
0 0.569766 0.638611 0.255469 0.341667
0 0.273672 0.320278 0.047969 0.159444
0 0.235703 0.249028 0.057031 0.104167
0 0.203516 0.334444 0.025469 0.061667
0 0.247891 0.322361 0.033906 0.150833
0 0.292734 0.461667 0.131719 0.288889
0 0.174531 0.668472 0.095312 0.224167
0 0.304609 0.259861 0.088594 0.157500
0 0.335469 0.874444 0.204375 0.173889
0 0.223125 0.343750 0.033750 0.125833
0 0.240156 0.441944 0.047500 0.090000