0 0.740625 0.750556 0.176250 0.406667
0 0.746172 0.365694 0.152344 0.338611
0 0.513984 0.337639 0.147031 0.294167
0 0.602187 0.307083 0.185000 0.296389
0 0.396797 0.900694 0.226406 0.198611
0 0.567031 0.949722 0.109375 0.096111
0 0.698438 0.183194 0.158750 0.181944
0 0.296797 0.451528 0.152656 0.306389
0 0.397891 0.281389 0.102656 0.142778
0 0.322656 0.288611 0.085625 0.119444
0 0.347188 0.233056 0.093437 0.086667
0 0.272891 0.664306 0.180156 0.219722
0 0.221719 0.907083 0.125000 0.185833
0 0.104766 0.675139 0.064219 0.135278
0 0.272734 0.332917 0.051719 0.148056
0 0.225313 0.305972 0.075938 0.095278
0 0.248047 0.368750 0.050469 0.150278
0 0.206719 0.374306 0.063750 0.110833
0 0.462891 0.236111 0.177344 0.221667
0 0.143828 0.858611 0.082969 0.177778
0 0.245000 0.793611 0.110000 0.230556
0 0.350938 0.938889 0.204687 0.122222
0 0.372656 0.809028 0.214375 0.250278
0 0.163672 0.746528 0.120469 0.246944
0 0.220781 0.411111 0.048125 0.141667
0 0.632266 0.107083 0.194531 0.214167
0 0.191172 0.416389 0.026719 0.066111
0 0.116484 0.607639 0.032656 0.046389
0 0.153672 0.683333 0.050469 0.096667
0 0.127891 0.677361 0.052031 0.115833
0 0.088047 0.778056 0.073906 0.143333
0 0.235703 0.494306 0.052344 0.083611