0 0.282813 0.811111 0.146875 0.372222
0 0.249219 0.437500 0.135937 0.319444
0 0.578906 0.744444 0.210938 0.338889
0 0.651563 0.797222 0.200000 0.172222
0 0.682031 0.930556 0.214062 0.133333
0 0.472656 0.343056 0.126562 0.263889
0 0.392188 0.341667 0.106250 0.266667
0 0.332813 0.347222 0.112500 0.222222
0 0.442969 0.195833 0.132812 0.108333
0 0.280469 0.225000 0.160938 0.111111
0 0.299219 0.161111 0.160938 0.077778
0 0.560156 0.243056 0.120313 0.152778
0 0.668750 0.197222 0.065625 0.072222
0 0.617188 0.183333 0.071875 0.033333
0 0.726562 0.641667 0.137500 0.188889
0 0.792969 0.731944 0.145313 0.286111
0 0.906250 0.581944 0.065625 0.180556
0 0.640625 0.258333 0.131250 0.150000
0 0.729688 0.298611 0.037500 0.158333
0 0.778906 0.251389 0.026562 0.080556
0 0.795312 0.327778 0.025000 0.061111
0 0.751563 0.315278 0.037500 0.147222
0 0.742969 0.233333 0.067187 0.122222
0 0.696875 0.427778 0.140625 0.283333
0 0.836719 0.658333 0.079687 0.183333
0 0.887500 0.763889 0.068750 0.155556
0 0.700781 0.288889 0.045312 0.166667
0 0.672656 0.872222 0.195312 0.172222
0 0.776563 0.337500 0.031250 0.125000
0 0.757812 0.436111 0.050000 0.088889
0 0.857031 0.551389 0.070312 0.086111