0 0.550859 0.207917 0.145469 0.081944
0 0.555234 0.252500 0.145469 0.105000
0 0.578125 0.343472 0.156875 0.209722
0 0.656641 0.260278 0.074844 0.202222
0 0.700547 0.294861 0.064844 0.230278
0 0.743047 0.262778 0.057656 0.207222
0 0.131094 0.649306 0.083437 0.074167
0 0.195312 0.685000 0.085000 0.253333
0 0.318359 0.476667 0.129531 0.235556
0 0.257109 0.320417 0.053281 0.086944
0 0.414141 0.617222 0.079219 0.307222
0 0.483203 0.376528 0.119531 0.209722
0 0.393281 0.302500 0.132500 0.168889
0 0.697734 0.797778 0.133906 0.320000
0 0.349922 0.275694 0.103594 0.120278
0 0.414062 0.334444 0.139688 0.161111
0 0.476719 0.598056 0.083437 0.325000
0 0.427031 0.220556 0.116562 0.076667
0 0.733672 0.504722 0.079219 0.358333
0 0.294609 0.374167 0.056094 0.168889
0 0.233359 0.294722 0.046094 0.092222
0 0.276562 0.639028 0.106563 0.263611
0 0.516250 0.734861 0.182812 0.373611
0 0.333516 0.241111 0.093594 0.097222
0 0.267969 0.270556 0.040313 0.063889
0 0.138437 0.522500 0.054688 0.076667
0 0.176484 0.558472 0.053281 0.061389
0 0.166484 0.677361 0.107969 0.238056
0 0.248594 0.420278 0.044688 0.138333