0 0.446094 0.754167 0.179688 0.269444
0 0.176563 0.691667 0.137500 0.444444
0 0.256250 0.879167 0.268750 0.236111
0 0.501563 0.876389 0.153125 0.236111
0 0.805469 0.762500 0.057813 0.091667
0 0.455469 0.504167 0.154688 0.286111
0 0.523438 0.466667 0.103125 0.227778
0 0.532813 0.337500 0.143750 0.180556
0 0.138281 0.400000 0.073438 0.300000
0 0.224219 0.293056 0.123438 0.230556
0 0.288281 0.297222 0.154688 0.211111
0 0.244531 0.200000 0.114062 0.111111
0 0.372656 0.237500 0.164062 0.097222
0 0.443750 0.362500 0.178125 0.141667
0 0.163281 0.309722 0.073438 0.186111
0 0.387500 0.298611 0.156250 0.113889
0 0.248438 0.544444 0.103125 0.311111
0 0.338281 0.505556 0.095312 0.300000
0 0.796094 0.701389 0.064062 0.130556
0 0.676562 0.680556 0.075000 0.094444
0 0.759375 0.583333 0.078125 0.133333
0 0.743750 0.640278 0.065625 0.125000
0 0.629687 0.362500 0.075000 0.141667
0 0.629687 0.368056 0.075000 0.080556
0 0.575781 0.431944 0.060937 0.113889
0 0.696094 0.436111 0.070312 0.138889
0 0.700781 0.509722 0.095312 0.158333
0 0.581250 0.944444 0.071875 0.105556
0 0.724219 0.686111 0.039062 0.105556