0 0.532344 0.173194 0.162812 0.123611
0 0.540625 0.220694 0.164688 0.148611
0 0.571875 0.304444 0.184062 0.247778
0 0.650469 0.204167 0.096250 0.236111
0 0.716719 0.237917 0.110937 0.290833
0 0.743516 0.185556 0.077969 0.237222
0 0.114219 0.643611 0.052187 0.152778
0 0.343828 0.930139 0.193906 0.139722
0 0.353984 0.297917 0.118906 0.189722
0 0.394453 0.335000 0.129531 0.211111
0 0.559453 0.493611 0.168594 0.393333
0 0.088516 0.736250 0.062969 0.155278
0 0.158359 0.654722 0.097656 0.127778
0 0.163750 0.850833 0.115625 0.145556
0 0.448359 0.614028 0.141406 0.398056
0 0.353672 0.547083 0.168906 0.271389
0 0.386094 0.657639 0.162187 0.367500
0 0.456172 0.372778 0.113594 0.264444
0 0.294922 0.473750 0.152656 0.256944
0 0.318125 0.325694 0.113437 0.199167
0 0.723281 0.736250 0.166250 0.403611
0 0.399766 0.211944 0.132344 0.122222
0 0.240000 0.762222 0.117188 0.273333
0 0.249297 0.442222 0.089844 0.210000
0 0.296094 0.666806 0.123125 0.228611
0 0.748750 0.432361 0.128438 0.386944
0 0.193281 0.342917 0.049375 0.114167
0 0.208203 0.299028 0.028906 0.063611
0 0.266328 0.294028 0.110156 0.174167