0 0.289844 0.811111 0.160938 0.372222
0 0.238281 0.412500 0.114062 0.375000
0 0.586719 0.766667 0.226562 0.300000
0 0.656250 0.847222 0.209375 0.233333
0 0.685156 0.937500 0.220312 0.119444
0 0.475781 0.343056 0.132812 0.263889
0 0.392188 0.337500 0.106250 0.275000
0 0.318750 0.313889 0.150000 0.261111
0 0.266406 0.311111 0.120313 0.250000
0 0.440625 0.204167 0.134375 0.119444
0 0.287500 0.209722 0.171875 0.130556
0 0.295312 0.161111 0.156250 0.083333
0 0.568750 0.237500 0.143750 0.141667
0 0.659375 0.241667 0.103125 0.111111
0 0.628125 0.187500 0.100000 0.063889
0 0.700000 0.558333 0.175000 0.238889
0 0.800781 0.845833 0.132812 0.180556
0 0.904687 0.544444 0.056250 0.105556
0 0.709375 0.286111 0.056250 0.122222
0 0.734375 0.298611 0.053125 0.169444
0 0.756250 0.238889 0.065625 0.105556
0 0.797656 0.323611 0.017188 0.058333
0 0.754687 0.297222 0.053125 0.133333
0 0.710156 0.208333 0.060937 0.050000
0 0.714063 0.411111 0.109375 0.250000
0 0.823438 0.668056 0.087500 0.247222
0 0.875781 0.763889 0.076563 0.150000
0 0.882812 0.520833 0.012500 0.025000
0 0.903906 0.631944 0.082812 0.102778
0 0.871875 0.552778 0.056250 0.077778
0 0.782031 0.340278 0.026562 0.102778
0 0.765625 0.429167 0.043750 0.091667