0 0.570391 0.192778 0.161406 0.112222
0 0.572734 0.241944 0.162656 0.137222
0 0.593281 0.335833 0.179688 0.236111
0 0.682109 0.266806 0.091406 0.230833
0 0.742891 0.324722 0.104844 0.285000
0 0.775391 0.283750 0.072969 0.233611
0 0.293203 0.889722 0.191094 0.182778
0 0.390234 0.238194 0.097656 0.168611
0 0.100937 0.499583 0.064687 0.155278
0 0.416250 0.299028 0.125625 0.203056
0 0.558906 0.515694 0.160625 0.384167
0 0.066094 0.573750 0.048125 0.133611
0 0.171328 0.520139 0.049844 0.073611
0 0.662031 0.884583 0.144063 0.230833
0 0.104141 0.695278 0.039844 0.091111
0 0.436094 0.592222 0.133125 0.391111
0 0.353203 0.522500 0.142031 0.318333
0 0.370000 0.611250 0.154688 0.358611
0 0.472188 0.359028 0.108125 0.258056
0 0.296797 0.370278 0.129531 0.286111
0 0.281484 0.299583 0.068906 0.114722
0 0.436797 0.951806 0.095469 0.088611
0 0.235625 0.354167 0.049375 0.128333
0 0.281406 0.561667 0.155313 0.243333
0 0.440781 0.181667 0.146250 0.115556
0 0.170781 0.692917 0.135625 0.251389
0 0.750625 0.537917 0.121250 0.403056
0 0.203359 0.226528 0.077969 0.110833
0 0.263594 0.196667 0.078750 0.094444
0 0.334453 0.206111 0.104844 0.156111
0 0.125391 0.481111 0.043594 0.102778