0 0.530469 0.166944 0.155625 0.108333
0 0.538359 0.221111 0.169219 0.149444
0 0.578828 0.303056 0.182344 0.247222
0 0.650547 0.204306 0.096094 0.235833
0 0.716641 0.236806 0.110469 0.288056
0 0.743828 0.186111 0.077969 0.237222
0 0.080625 0.737361 0.066875 0.166944
0 0.109375 0.632917 0.052812 0.141944
0 0.167109 0.877639 0.096719 0.179167
0 0.339141 0.930278 0.200156 0.139444
0 0.534219 0.947083 0.073125 0.105833
0 0.308047 0.546111 0.178906 0.284444
0 0.293359 0.351944 0.110781 0.206667
0 0.270469 0.715694 0.133750 0.228056
0 0.351562 0.308194 0.134063 0.190278
0 0.180703 0.672778 0.055469 0.115556
0 0.471484 0.344028 0.117656 0.238056
0 0.411719 0.410694 0.089063 0.264167
0 0.387500 0.312778 0.115312 0.161667
0 0.545469 0.474306 0.150938 0.318611
0 0.448437 0.594167 0.128438 0.346111
0 0.678047 0.676944 0.224844 0.330000
0 0.708594 0.839167 0.165000 0.259444
0 0.226641 0.466528 0.057031 0.115833
0 0.223281 0.286667 0.093750 0.116111
0 0.274687 0.311389 0.097500 0.106111
0 0.306797 0.242778 0.093594 0.072778
0 0.405703 0.216111 0.118281 0.118889
0 0.303828 0.476944 0.164844 0.237778
0 0.277578 0.396111 0.135781 0.128333
0 0.192500 0.384722 0.035000 0.062222
0 0.127187 0.638750 0.045625 0.126944