0 0.526094 0.171667 0.163750 0.132778
0 0.535234 0.218194 0.166094 0.157500
0 0.559609 0.295694 0.198281 0.246944
0 0.644688 0.195139 0.100000 0.239722
0 0.709297 0.200278 0.111094 0.245556
0 0.737422 0.171111 0.082031 0.240000
0 0.352891 0.932222 0.196094 0.135556
0 0.355703 0.323611 0.136719 0.181111
0 0.115000 0.635278 0.046875 0.085556
0 0.391250 0.341389 0.132500 0.217222
0 0.553047 0.491667 0.162344 0.396667
0 0.083125 0.762778 0.048750 0.155556
0 0.159766 0.726528 0.123906 0.171944
0 0.712031 0.818750 0.153125 0.279167
0 0.103438 0.724306 0.065625 0.109722
0 0.450547 0.617083 0.147969 0.403056
0 0.345234 0.582639 0.150781 0.286389
0 0.370312 0.673889 0.170625 0.388333
0 0.442266 0.378889 0.125469 0.271111
0 0.395391 0.221944 0.131719 0.126111
0 0.273359 0.444583 0.103906 0.216944
0 0.296328 0.323889 0.137031 0.234444
0 0.726641 0.399167 0.148906 0.446111
0 0.221953 0.480556 0.055156 0.093333
0 0.264453 0.296389 0.048906 0.075556
0 0.292656 0.534583 0.144375 0.298056
0 0.264609 0.756667 0.153594 0.316667
0 0.201016 0.399444 0.063281 0.101111
0 0.221016 0.297917 0.080156 0.138056
0 0.179297 0.367778 0.054844 0.106667
0 0.134922 0.644861 0.039844 0.107500