0 0.717187 0.811111 0.146875 0.372222
0 0.753125 0.437500 0.131250 0.319444
0 0.421094 0.736111 0.210938 0.355556
0 0.353906 0.797222 0.189062 0.172222
0 0.317969 0.930556 0.214062 0.133333
0 0.527344 0.343056 0.126562 0.263889
0 0.604688 0.341667 0.140625 0.266667
0 0.660937 0.347222 0.146875 0.222222
0 0.532031 0.958333 0.157812 0.077778
0 0.557031 0.195833 0.132812 0.108333
0 0.719531 0.231944 0.160938 0.119444
0 0.698438 0.166667 0.156250 0.088889
0 0.435156 0.248611 0.135937 0.158333
0 0.328906 0.250000 0.095312 0.122222
0 0.375000 0.193056 0.096875 0.052778
0 0.273438 0.634722 0.137500 0.202778
0 0.177344 0.758333 0.095312 0.322222
0 0.082812 0.597222 0.053125 0.172222
0 0.280469 0.295833 0.048438 0.175000
0 0.245312 0.234722 0.068750 0.069444
0 0.206250 0.338889 0.025000 0.050000
0 0.255469 0.312500 0.039062 0.147222
0 0.302344 0.437500 0.145313 0.297222
0 0.219531 0.283333 0.067187 0.077778
0 0.167187 0.652778 0.081250 0.166667
0 0.115625 0.752778 0.065625 0.150000
0 0.332813 0.865278 0.206250 0.180556
0 0.225000 0.337500 0.031250 0.113889
0 0.244531 0.430556 0.054688 0.094444
0 0.146094 0.605556 0.092188 0.138889
0 0.117188 0.547222 0.037500 0.088889
0 0.114062 0.506944 0.028125 0.036111