0 0.717187 0.811111 0.146875 0.372222
0 0.752344 0.437500 0.132812 0.319444
0 0.353906 0.762500 0.189062 0.102778
0 0.317969 0.930556 0.214062 0.133333
0 0.527344 0.343056 0.126562 0.263889
0 0.607031 0.341667 0.145313 0.266667
0 0.409375 0.850000 0.221875 0.216667
0 0.525000 0.962500 0.128125 0.069444
0 0.557031 0.195833 0.132812 0.108333
0 0.718750 0.236111 0.156250 0.105556
0 0.698438 0.166667 0.156250 0.088889
0 0.435156 0.245833 0.139063 0.158333
0 0.328906 0.248611 0.089063 0.119444
0 0.368750 0.190278 0.093750 0.052778
0 0.273438 0.634722 0.137500 0.202778
0 0.203906 0.812500 0.148438 0.169444
0 0.089063 0.586111 0.065625 0.183333
0 0.280469 0.295833 0.048438 0.175000
0 0.245312 0.234722 0.068750 0.069444
0 0.257031 0.309722 0.039062 0.141667
0 0.302344 0.437500 0.145313 0.297222
0 0.222656 0.288889 0.054688 0.083333
0 0.169531 0.652778 0.082812 0.188889
0 0.115625 0.752778 0.065625 0.150000
0 0.296094 0.830556 0.132812 0.094444
0 0.420312 0.665278 0.181250 0.230556
0 0.220312 0.341667 0.028125 0.116667
0 0.242969 0.431944 0.054688 0.108333
0 0.142187 0.600000 0.081250 0.138889
0 0.117188 0.543056 0.040625 0.097222
0 0.115625 0.506944 0.028125 0.041667