0 0.282813 0.811111 0.146875 0.372222
0 0.248438 0.437500 0.134375 0.319444
0 0.578906 0.736111 0.210938 0.355556
0 0.646094 0.797222 0.189062 0.172222
0 0.682031 0.930556 0.214062 0.133333
0 0.472656 0.343056 0.126562 0.263889
0 0.395313 0.341667 0.140625 0.266667
0 0.387500 0.429167 0.159375 0.286111
0 0.442969 0.195833 0.132812 0.108333
0 0.280469 0.238889 0.160938 0.111111
0 0.301563 0.166667 0.156250 0.088889
0 0.564063 0.244444 0.137500 0.155556
0 0.660937 0.245833 0.075000 0.091667
0 0.622656 0.200000 0.085938 0.066667
0 0.726562 0.634722 0.137500 0.202778
0 0.804688 0.759722 0.150000 0.230556
0 0.909375 0.590278 0.059375 0.147222
0 0.714063 0.313889 0.062500 0.133333
0 0.754687 0.229167 0.068750 0.058333
0 0.785156 0.295833 0.057813 0.108333
0 0.693750 0.437500 0.153125 0.297222
0 0.832812 0.650000 0.087500 0.188889
0 0.878125 0.754167 0.056250 0.169444
0 0.739062 0.308333 0.087500 0.194444
0 0.667188 0.877778 0.212500 0.172222
0 0.775000 0.337500 0.034375 0.119444
0 0.759375 0.433333 0.046875 0.083333
0 0.854688 0.559722 0.078125 0.097222
0 0.892969 0.490278 0.029687 0.069444