0 0.498437 0.836111 0.153125 0.305556
0 0.287500 0.290278 0.159375 0.202778
0 0.235937 0.188889 0.121875 0.105556
0 0.653906 0.697222 0.157812 0.100000
0 0.631250 0.368056 0.071875 0.080556
0 0.560156 0.422222 0.067187 0.088889
0 0.697656 0.452778 0.073438 0.172222
0 0.695312 0.493056 0.084375 0.125000
0 0.442188 0.688889 0.181250 0.227778
0 0.241406 0.580556 0.282813 0.277778
0 0.378906 0.280556 0.182812 0.138889
0 0.278906 0.425000 0.179688 0.155556
0 0.290625 0.927778 0.168750 0.138889
0 0.571094 0.933333 0.104688 0.127778
0 0.489844 0.466667 0.085938 0.261111
0 0.202344 0.802778 0.176563 0.388889
0 0.475781 0.370833 0.054688 0.125000
0 0.197656 0.291667 0.095312 0.283333
0 0.236719 0.280556 0.085938 0.166667
0 0.395313 0.411111 0.118750 0.205556
0 0.153906 0.326389 0.060937 0.191667
0 0.548438 0.512500 0.059375 0.130556
0 0.418750 0.244444 0.096875 0.105556
0 0.776563 0.618056 0.084375 0.147222
0 0.805469 0.768056 0.073438 0.086111
0 0.750000 0.691667 0.075000 0.105556
0 0.528125 0.350000 0.128125 0.172222