0 0.555469 0.183333 0.157812 0.088889
0 0.560156 0.231944 0.157812 0.113889
0 0.585156 0.330556 0.170313 0.227778
0 0.670312 0.240278 0.081250 0.219444
0 0.717969 0.277778 0.070312 0.250000
0 0.764062 0.243056 0.062500 0.225000
0 0.128125 0.784722 0.071875 0.141667
0 0.229687 0.891667 0.153125 0.183333
0 0.367969 0.472222 0.157812 0.300000
0 0.233594 0.319444 0.060937 0.111111
0 0.407031 0.634722 0.085938 0.363889
0 0.492188 0.361111 0.140625 0.216667
0 0.362500 0.262500 0.103125 0.202778
0 0.714844 0.823611 0.145313 0.347222
0 0.352344 0.233333 0.067187 0.127778
0 0.475000 0.606944 0.090625 0.352778
0 0.753906 0.505556 0.085938 0.388889
0 0.277344 0.273611 0.082812 0.125000
0 0.290625 0.561111 0.118750 0.211111
0 0.218750 0.270833 0.065625 0.108333
0 0.432812 0.191667 0.134375 0.088889
0 0.200781 0.706944 0.107813 0.308333
0 0.519531 0.752778 0.198437 0.411111
0 0.117969 0.515278 0.057813 0.125000
0 0.315625 0.219444 0.078125 0.094444
0 0.375000 0.323611 0.156250 0.269444
0 0.274219 0.388889 0.064062 0.216667
0 0.228906 0.412500 0.045312 0.158333
0 0.471094 0.947222 0.104688 0.100000
0 0.090625 0.659722 0.096875 0.180556
0 0.161719 0.645833 0.129688 0.180556