0 0.550078 0.180556 0.159219 0.097222
0 0.555625 0.228889 0.159688 0.122222
0 0.582187 0.326250 0.174063 0.236944
0 0.665781 0.231250 0.085000 0.223611
0 0.714141 0.266250 0.074531 0.253611
0 0.759531 0.229167 0.066250 0.228333
0 0.139375 0.808333 0.086875 0.154444
0 0.236250 0.891250 0.156562 0.217500
0 0.230625 0.333889 0.062813 0.114444
0 0.424141 0.638889 0.121719 0.370000
0 0.489766 0.361528 0.144219 0.224167
0 0.386875 0.283750 0.115312 0.172500
0 0.720234 0.811806 0.151094 0.354722
0 0.354219 0.243750 0.069062 0.120278
0 0.409375 0.318472 0.146562 0.179722
0 0.422578 0.495972 0.187031 0.265278
0 0.753906 0.491944 0.092500 0.393333
0 0.273047 0.302500 0.063906 0.089444
0 0.305234 0.536806 0.183906 0.168056
0 0.215000 0.285833 0.067500 0.111667
0 0.430312 0.173194 0.130312 0.140278
0 0.204453 0.722778 0.112969 0.313889
0 0.523750 0.751667 0.205313 0.421667
0 0.106484 0.527917 0.061094 0.105833
0 0.310937 0.229583 0.079687 0.098611
0 0.309609 0.429444 0.162344 0.191667
0 0.290547 0.365417 0.123594 0.203611
0 0.227578 0.426944 0.047969 0.160556
0 0.305625 0.699306 0.168437 0.269722
0 0.087344 0.687500 0.096562 0.168889
0 0.150781 0.688194 0.135937 0.190278