0 0.282813 0.811111 0.146875 0.372222
0 0.248438 0.437500 0.134375 0.319444
0 0.578906 0.736111 0.210938 0.355556
0 0.646094 0.797222 0.189062 0.172222
0 0.682031 0.930556 0.214062 0.133333
0 0.472656 0.343056 0.126562 0.263889
0 0.395313 0.341667 0.140625 0.266667
0 0.387500 0.429167 0.159375 0.286111
0 0.442969 0.195833 0.132812 0.108333
0 0.280469 0.238889 0.160938 0.111111
0 0.301563 0.166667 0.156250 0.088889
0 0.565625 0.244444 0.134375 0.155556
0 0.657031 0.243056 0.082812 0.102778
0 0.625781 0.191667 0.089063 0.055556
0 0.726562 0.634722 0.137500 0.202778
0 0.835156 0.811111 0.151562 0.205556
0 0.902344 0.565278 0.029687 0.069444
0 0.719531 0.295833 0.048438 0.175000
0 0.754687 0.229167 0.068750 0.058333
0 0.746094 0.313889 0.042188 0.150000
0 0.780469 0.288889 0.064062 0.083333
0 0.693750 0.437500 0.153125 0.297222
0 0.833594 0.656944 0.082812 0.213889
0 0.922656 0.598611 0.042188 0.141667
0 0.667188 0.877778 0.212500 0.172222
0 0.775000 0.343056 0.034375 0.130556
0 0.758594 0.436111 0.048438 0.088889
0 0.859375 0.568056 0.062500 0.119444
0 0.890625 0.511111 0.046875 0.083333