0 0.444531 0.183333 0.157812 0.088889
0 0.439844 0.231944 0.157812 0.113889
0 0.414844 0.322222 0.170313 0.211111
0 0.329688 0.240278 0.081250 0.219444
0 0.266406 0.288889 0.092188 0.272222
0 0.235937 0.243056 0.062500 0.225000
0 0.687500 0.919444 0.184375 0.155556
0 0.626563 0.284722 0.125000 0.147222
0 0.897656 0.559722 0.057813 0.147222
0 0.592969 0.312500 0.117188 0.186111
0 0.446875 0.506944 0.131250 0.363889
0 0.928906 0.638889 0.042188 0.127778
0 0.851562 0.566667 0.081250 0.072222
0 0.319531 0.875000 0.132812 0.244444
0 0.857812 0.786111 0.078125 0.116667
0 0.559375 0.601389 0.115625 0.375000
0 0.642188 0.544444 0.118750 0.300000
0 0.628906 0.630556 0.123438 0.344444
0 0.534375 0.363889 0.096875 0.244444
0 0.578125 0.195833 0.125000 0.091667
0 0.708594 0.401389 0.117188 0.269444
0 0.696094 0.277778 0.107813 0.144444
0 0.454688 0.840278 0.137500 0.313889
0 0.765625 0.387500 0.053125 0.108333
0 0.717187 0.572222 0.159375 0.200000
0 0.857031 0.676389 0.082812 0.208333
0 0.790625 0.279167 0.109375 0.186111
0 0.723437 0.248611 0.115625 0.119444
0 0.880469 0.522222 0.020313 0.061111