0 0.567812 0.191111 0.160938 0.108333
0 0.570625 0.240000 0.161875 0.133333
0 0.584453 0.325278 0.190156 0.219444
0 0.680156 0.262361 0.089688 0.229167
0 0.741328 0.318472 0.102656 0.283056
0 0.773594 0.276667 0.071250 0.232222
0 0.296406 0.895000 0.190000 0.178333
0 0.382266 0.269583 0.130469 0.162500
0 0.100937 0.509861 0.063438 0.154167
0 0.414609 0.301250 0.124219 0.200278
0 0.552656 0.513611 0.145313 0.379444
0 0.066719 0.585000 0.047188 0.132778
0 0.146328 0.533611 0.084844 0.104444
0 0.665156 0.883194 0.142187 0.233611
0 0.124609 0.741250 0.084844 0.145833
0 0.436797 0.593750 0.130156 0.388611
0 0.356406 0.526528 0.130312 0.314167
0 0.366172 0.614167 0.136719 0.358889
0 0.471094 0.359861 0.106250 0.255833
0 0.434141 0.186806 0.128281 0.106944
0 0.295781 0.375556 0.127500 0.283333
0 0.315937 0.244306 0.109375 0.176389
0 0.528125 0.833750 0.164062 0.332500
0 0.232187 0.359306 0.042188 0.085278
0 0.296953 0.205972 0.046094 0.069167
0 0.271719 0.568750 0.160938 0.224167
0 0.185391 0.712500 0.118906 0.298889
0 0.202266 0.267778 0.072969 0.119444
0 0.260469 0.181667 0.059688 0.098333
0 0.228672 0.233611 0.061094 0.131667
0 0.127187 0.479722 0.025938 0.066667