0 0.698203 0.819861 0.174219 0.360278
0 0.764453 0.443194 0.127656 0.387500
0 0.390781 0.765694 0.236250 0.303611
0 0.331250 0.828333 0.217500 0.257222
0 0.299141 0.915139 0.224219 0.144722
0 0.529844 0.346389 0.142187 0.278889
0 0.613516 0.350278 0.116094 0.286667
0 0.687734 0.335417 0.159219 0.278056
0 0.742500 0.337639 0.130937 0.266389
0 0.570156 0.211528 0.138437 0.134722
0 0.719922 0.226389 0.169531 0.132778
0 0.705859 0.184444 0.146094 0.088889
0 0.440312 0.230000 0.150625 0.169444
0 0.378281 0.171250 0.106563 0.067500
0 0.350547 0.223611 0.107031 0.122778
0 0.280781 0.541250 0.166563 0.223611
0 0.186328 0.832361 0.155156 0.208611
0 0.281328 0.271528 0.105469 0.166944
0 0.141328 0.650417 0.097656 0.248611
0 0.161875 0.541389 0.092188 0.143333
0 0.316797 0.413333 0.182031 0.222778
0 0.261641 0.232917 0.054531 0.089167
0 0.255859 0.198750 0.066094 0.106944
0 0.209453 0.289444 0.022344 0.060556
0 0.235156 0.271528 0.038125 0.065278
0 0.121484 0.470000 0.024844 0.041667
0 0.303047 0.191667 0.070781 0.066111
0 0.217344 0.331944 0.011875 0.026111
0 0.118984 0.515417 0.040156 0.079167
0 0.244609 0.375556 0.052969 0.171667