0 0.289844 0.811111 0.160938 0.372222
0 0.238281 0.412500 0.114062 0.375000
0 0.599219 0.777778 0.226562 0.277778
0 0.656250 0.847222 0.209375 0.233333
0 0.685156 0.937500 0.220312 0.119444
0 0.475781 0.343056 0.132812 0.263889
0 0.392188 0.337500 0.106250 0.275000
0 0.318750 0.313889 0.150000 0.261111
0 0.265625 0.309722 0.128125 0.252778
0 0.440625 0.204167 0.134375 0.119444
0 0.282031 0.190278 0.160938 0.130556
0 0.321875 0.162500 0.109375 0.069444
0 0.566406 0.226389 0.151562 0.158333
0 0.656250 0.226389 0.109375 0.097222
0 0.625781 0.186111 0.098437 0.055556
0 0.711719 0.534722 0.145313 0.169444
0 0.805469 0.856944 0.145313 0.202778
0 0.658594 0.291667 0.082812 0.116667
0 0.888281 0.750000 0.064062 0.116667
0 0.797656 0.694444 0.135937 0.155556
0 0.849219 0.641667 0.123438 0.205556
0 0.690625 0.436111 0.162500 0.183333
0 0.714063 0.295833 0.050000 0.125000
0 0.733594 0.272222 0.032813 0.083333
0 0.754687 0.227778 0.062500 0.100000
0 0.797656 0.326389 0.017188 0.063889
0 0.761719 0.298611 0.051562 0.119444
0 0.878906 0.513889 0.023438 0.038889
0 0.707812 0.215278 0.068750 0.058333
0 0.777344 0.395833 0.032813 0.091667
0 0.880469 0.559722 0.039062 0.080556
0 0.741406 0.375000 0.054688 0.133333