0 0.731797 0.815556 0.141406 0.368889
0 0.772500 0.435833 0.118750 0.338333
0 0.417891 0.769722 0.219531 0.329444
0 0.342344 0.852083 0.208125 0.263056
0 0.310625 0.939861 0.222812 0.120278
0 0.525234 0.337639 0.138281 0.274722
0 0.609844 0.331667 0.105625 0.286111
0 0.714688 0.292778 0.185312 0.173333
0 0.549609 0.777917 0.164219 0.444167
0 0.561797 0.193056 0.139844 0.124444
0 0.721953 0.224861 0.164219 0.118611
0 0.709844 0.156806 0.159375 0.080833
0 0.430938 0.221944 0.144687 0.187778
0 0.332500 0.219028 0.081250 0.118611
0 0.365078 0.175833 0.091094 0.055000
0 0.251328 0.670139 0.146406 0.193611
0 0.169922 0.859306 0.149531 0.190833
0 0.077266 0.586111 0.068281 0.187778
0 0.305781 0.470694 0.174063 0.245833
0 0.272422 0.282500 0.058594 0.158889
0 0.192734 0.321806 0.026094 0.063611
0 0.241484 0.308611 0.045469 0.158889
0 0.304141 0.366528 0.125156 0.234167
0 0.137422 0.649861 0.130156 0.176389
0 0.106563 0.758194 0.065000 0.121389
0 0.237422 0.229306 0.092656 0.104167
0 0.202422 0.772639 0.123594 0.231389
0 0.211484 0.331806 0.034219 0.135833
0 0.219531 0.430000 0.040625 0.101111
0 0.122891 0.542778 0.058594 0.072222