0 0.382422 0.283611 0.168906 0.115556
0 0.367656 0.445417 0.175313 0.213611
0 0.497734 0.501667 0.120156 0.205000
0 0.505703 0.865556 0.162344 0.268889
0 0.818359 0.748611 0.060156 0.144444
0 0.295469 0.742639 0.196563 0.461944
0 0.438359 0.685000 0.186719 0.236667
0 0.157500 0.721111 0.125000 0.487778
0 0.216641 0.418056 0.103906 0.320556
0 0.289062 0.920417 0.222500 0.159167
0 0.528516 0.326944 0.142969 0.190556
0 0.125781 0.419444 0.081250 0.311667
0 0.219141 0.285139 0.128281 0.268611
0 0.285703 0.288056 0.151094 0.205000
0 0.150078 0.304028 0.077969 0.196389
0 0.230547 0.188472 0.118594 0.126944
0 0.646172 0.709583 0.154219 0.141389
0 0.774531 0.585278 0.076250 0.205000
0 0.395391 0.221667 0.120156 0.089444
0 0.762344 0.716667 0.081250 0.103889
0 0.599219 0.335694 0.082812 0.092500
0 0.651172 0.362917 0.047031 0.083611
0 0.579609 0.429444 0.063281 0.118333
0 0.704688 0.433889 0.073125 0.144444
0 0.709531 0.510278 0.099062 0.164444
0 0.481484 0.373333 0.068281 0.115556
0 0.409141 0.363056 0.112031 0.135556
0 0.814297 0.628750 0.035781 0.095278
0 0.589375 0.959444 0.073125 0.081111
0 0.725078 0.641667 0.035781 0.115556