0 0.715703 0.798750 0.167656 0.381389
0 0.760000 0.397361 0.120938 0.381389
0 0.405937 0.783472 0.231562 0.290833
0 0.350234 0.855972 0.213594 0.245278
0 0.323047 0.940972 0.222344 0.118056
0 0.521328 0.341806 0.137656 0.271389
0 0.604688 0.331389 0.111250 0.281111
0 0.677656 0.303472 0.154688 0.269722
0 0.730703 0.296111 0.132656 0.260000
0 0.553906 0.200833 0.136563 0.127222
0 0.712109 0.177778 0.163281 0.140000
0 0.671875 0.152361 0.110625 0.075833
0 0.428594 0.230417 0.154375 0.166944
0 0.338828 0.235694 0.111094 0.103611
0 0.368438 0.193750 0.099375 0.061389
0 0.288984 0.546944 0.148281 0.177778
0 0.201172 0.874444 0.148906 0.211111
0 0.337578 0.300972 0.084844 0.121389
0 0.116562 0.772361 0.066250 0.120278
0 0.206094 0.711667 0.138750 0.163333
0 0.153594 0.661806 0.127188 0.212500
0 0.308359 0.447222 0.165781 0.192778
0 0.282266 0.308333 0.052344 0.127778
0 0.262344 0.285972 0.034375 0.085278
0 0.240469 0.242639 0.064375 0.103611
0 0.199297 0.343750 0.018281 0.064722
0 0.234687 0.314028 0.053750 0.122500
0 0.121641 0.535972 0.024219 0.040278
0 0.287109 0.227500 0.069844 0.062222
0 0.220859 0.412083 0.034531 0.093611
0 0.120859 0.581944 0.040469 0.082778
0 0.256406 0.389028 0.057188 0.136389