0 0.710156 0.811111 0.160938 0.372222
0 0.761719 0.412500 0.114062 0.375000
0 0.413281 0.766667 0.226562 0.300000
0 0.343750 0.847222 0.209375 0.233333
0 0.314844 0.937500 0.220312 0.119444
0 0.524219 0.343056 0.132812 0.263889
0 0.607812 0.337500 0.106250 0.275000
0 0.682031 0.306944 0.148438 0.225000
0 0.736719 0.316667 0.129688 0.261111
0 0.559375 0.204167 0.134375 0.119444
0 0.710938 0.209722 0.168750 0.125000
0 0.700000 0.161111 0.146875 0.077778
0 0.432031 0.236111 0.145313 0.144444
0 0.342969 0.245833 0.098437 0.102778
0 0.371875 0.181944 0.100000 0.052778
0 0.266406 0.623611 0.142187 0.175000
0 0.182812 0.844444 0.143750 0.183333
0 0.089844 0.575000 0.070312 0.177778
0 0.257031 0.381944 0.076563 0.197222
0 0.287500 0.263889 0.050000 0.094444
0 0.243750 0.238889 0.065625 0.105556
0 0.204687 0.322222 0.018750 0.066667
0 0.253906 0.300000 0.042188 0.122222
0 0.291406 0.213889 0.057813 0.055556
0 0.293750 0.415278 0.125000 0.286111
0 0.150781 0.659722 0.126562 0.241667
0 0.118750 0.518056 0.025000 0.047222
0 0.104688 0.438889 0.025000 0.094444
0 0.077344 0.666667 0.051562 0.127778
0 0.218750 0.344444 0.031250 0.111111
0 0.235937 0.431944 0.043750 0.097222