0 0.717187 0.811111 0.146875 0.372222
0 0.751563 0.437500 0.134375 0.319444
0 0.421094 0.736111 0.210938 0.355556
0 0.353906 0.797222 0.189062 0.172222
0 0.317969 0.930556 0.214062 0.133333
0 0.527344 0.343056 0.126562 0.263889
0 0.604688 0.341667 0.140625 0.266667
0 0.612500 0.429167 0.159375 0.286111
0 0.557031 0.195833 0.132812 0.108333
0 0.719531 0.238889 0.160938 0.111111
0 0.698438 0.166667 0.156250 0.088889
0 0.435156 0.243056 0.132812 0.158333
0 0.340625 0.240278 0.071875 0.119444
0 0.377344 0.200000 0.085938 0.066667
0 0.273438 0.634722 0.137500 0.202778
0 0.193750 0.745833 0.143750 0.213889
0 0.087500 0.601389 0.053125 0.125000
0 0.287500 0.305556 0.028125 0.105556
0 0.239844 0.230556 0.057813 0.050000
0 0.243750 0.309722 0.025000 0.113889
0 0.214844 0.295833 0.057813 0.108333
0 0.303906 0.437500 0.145313 0.286111
0 0.167187 0.650000 0.087500 0.188889
0 0.121875 0.754167 0.056250 0.169444
0 0.278125 0.293056 0.071875 0.241667
0 0.332813 0.877778 0.212500 0.172222
0 0.223438 0.337500 0.037500 0.119444
0 0.240625 0.433333 0.046875 0.083333
0 0.145313 0.559722 0.078125 0.097222
0 0.102344 0.512500 0.048438 0.086111