0 0.555469 0.183333 0.157812 0.088889
0 0.560156 0.231944 0.157812 0.113889
0 0.585156 0.322222 0.170313 0.211111
0 0.670312 0.240278 0.081250 0.219444
0 0.733594 0.288889 0.092188 0.272222
0 0.764062 0.243056 0.062500 0.225000
0 0.101562 0.555556 0.031250 0.144444
0 0.312500 0.919444 0.184375 0.155556
0 0.369531 0.266667 0.107813 0.166667
0 0.407031 0.312500 0.117188 0.186111
0 0.559375 0.506944 0.143750 0.363889
0 0.075000 0.647222 0.053125 0.133333
0 0.150000 0.575000 0.090625 0.105556
0 0.141406 0.787500 0.107813 0.152778
0 0.440625 0.601389 0.115625 0.375000
0 0.348438 0.515278 0.184375 0.241667
0 0.375781 0.630556 0.139063 0.338889
0 0.465625 0.363889 0.096875 0.244444
0 0.298438 0.427778 0.137500 0.227778
0 0.332031 0.286111 0.101562 0.177778
0 0.471094 0.973611 0.057813 0.047222
0 0.231250 0.386111 0.046875 0.094444
0 0.679688 0.829167 0.228125 0.330556
0 0.421094 0.191667 0.126562 0.094444
0 0.223438 0.701389 0.100000 0.252778
0 0.253125 0.383333 0.068750 0.183333
0 0.271094 0.638889 0.104688 0.244444
0 0.751563 0.500000 0.103125 0.388889
0 0.207031 0.275000 0.042188 0.105556
0 0.228125 0.241667 0.031250 0.061111
0 0.269531 0.244444 0.070312 0.133333
0 0.121875 0.537500 0.028125 0.063889