0 0.700859 0.787361 0.135469 0.343611
0 0.729766 0.442639 0.129844 0.294722
0 0.525781 0.355417 0.116875 0.243611
0 0.596328 0.345139 0.128281 0.228056
0 0.357734 0.857917 0.230781 0.156389
0 0.517109 0.927083 0.113906 0.064167
0 0.310859 0.479722 0.128281 0.251111
0 0.703750 0.259444 0.141250 0.112778
0 0.674922 0.208194 0.170156 0.102500
0 0.440000 0.268333 0.126875 0.151111
0 0.338281 0.268333 0.079375 0.105000
0 0.381562 0.218194 0.085000 0.056389
0 0.288516 0.619444 0.135469 0.166667
0 0.231562 0.785972 0.131250 0.161389
0 0.119063 0.591389 0.056250 0.141111
0 0.302891 0.301667 0.043281 0.146111
0 0.265469 0.255417 0.063438 0.064167
0 0.276250 0.327361 0.033125 0.130833
0 0.243125 0.305417 0.056250 0.081944
0 0.318125 0.397917 0.116875 0.210278
0 0.194062 0.651528 0.085000 0.189722
0 0.147891 0.741250 0.064844 0.148611
0 0.338203 0.777083 0.151406 0.102500
0 0.333906 0.904028 0.183125 0.110278
0 0.365625 0.747778 0.180313 0.141111
0 0.424844 0.704028 0.183125 0.315278
0 0.246641 0.350278 0.034531 0.120556
0 0.260469 0.435000 0.041875 0.079444
0 0.224375 0.351806 0.021563 0.051389
0 0.151484 0.565694 0.046094 0.110278
0 0.142109 0.505417 0.027344 0.035833
0 0.161641 0.583611 0.046094 0.100000