0 0.524609 0.831528 0.175469 0.336944
0 0.273203 0.344722 0.173594 0.240000
0 0.822109 0.672361 0.066406 0.129722
0 0.214297 0.256944 0.128906 0.134444
0 0.657031 0.660139 0.167187 0.138611
0 0.619688 0.337083 0.077500 0.097500
0 0.565469 0.378611 0.064062 0.061667
0 0.689297 0.388611 0.080469 0.155000
0 0.692891 0.445000 0.093281 0.144444
0 0.457500 0.701250 0.197188 0.270278
0 0.248906 0.657917 0.287812 0.341389
0 0.362969 0.312361 0.191875 0.182500
0 0.265391 0.454444 0.188281 0.251667
0 0.335469 0.943889 0.186875 0.112222
0 0.604141 0.911667 0.113594 0.152222
0 0.724297 0.532500 0.058594 0.146667
0 0.459844 0.472083 0.129688 0.299167
0 0.216250 0.830556 0.168437 0.338889
0 0.184297 0.368194 0.116406 0.304167
0 0.236250 0.376250 0.087500 0.186389
0 0.389453 0.437778 0.133594 0.232778
0 0.537188 0.500694 0.112500 0.176389
0 0.143750 0.413194 0.075313 0.204722
0 0.549609 0.428889 0.086094 0.091667
0 0.395313 0.272083 0.117188 0.139722
0 0.773359 0.535833 0.083594 0.155556
0 0.762500 0.628194 0.082500 0.123056
0 0.523203 0.303611 0.110156 0.108333
0 0.478203 0.363889 0.145469 0.152222