0 0.289844 0.811111 0.160938 0.372222
0 0.256250 0.412500 0.150000 0.375000
0 0.599219 0.763889 0.226562 0.250000
0 0.651563 0.861111 0.240625 0.205556
0 0.685156 0.937500 0.220312 0.119444
0 0.475781 0.343056 0.132812 0.263889
0 0.413281 0.355556 0.092188 0.266667
0 0.347656 0.304167 0.085938 0.275000
0 0.239844 0.255556 0.076563 0.177778
0 0.292187 0.283333 0.078125 0.311111
0 0.443750 0.201389 0.134375 0.108333
0 0.299219 0.159722 0.148438 0.063889
0 0.567187 0.226389 0.140625 0.169444
0 0.633594 0.202778 0.101562 0.094444
0 0.610156 0.397222 0.135937 0.177778
0 0.686719 0.472222 0.139063 0.177778
0 0.814844 0.837500 0.135937 0.186111
0 0.887500 0.755556 0.071875 0.133333
0 0.658594 0.275000 0.079687 0.116667
0 0.825000 0.733333 0.112500 0.155556
0 0.853906 0.625000 0.104688 0.172222
0 0.711719 0.613889 0.135937 0.238889
0 0.785937 0.644444 0.084375 0.188889
0 0.704688 0.363889 0.121875 0.227778
0 0.714063 0.269444 0.037500 0.072222
0 0.764844 0.233333 0.057813 0.094444
0 0.715625 0.219444 0.068750 0.050000
0 0.754687 0.338889 0.056250 0.172222
0 0.796094 0.243056 0.051562 0.125000
0 0.794531 0.320833 0.023438 0.075000
0 0.868750 0.536111 0.031250 0.055556
0 0.779687 0.333333 0.040625 0.100000