0 0.555469 0.183333 0.157812 0.088889
0 0.560156 0.231944 0.157812 0.113889
0 0.585156 0.330556 0.170313 0.227778
0 0.670312 0.240278 0.081250 0.219444
0 0.717969 0.277778 0.070312 0.250000
0 0.764062 0.243056 0.062500 0.225000
0 0.127344 0.681944 0.057813 0.141667
0 0.217188 0.709722 0.109375 0.275000
0 0.303125 0.475000 0.140625 0.255556
0 0.235937 0.302778 0.053125 0.077778
0 0.407031 0.634722 0.085938 0.363889
0 0.482031 0.366667 0.129688 0.227778
0 0.384375 0.286111 0.143750 0.183333
0 0.714844 0.823611 0.145313 0.347222
0 0.343750 0.252778 0.118750 0.127778
0 0.407031 0.320833 0.151562 0.175000
0 0.475000 0.606944 0.090625 0.352778
0 0.421094 0.197222 0.126562 0.083333
0 0.753906 0.505556 0.085938 0.388889
0 0.239063 0.386111 0.050000 0.116667
0 0.289844 0.355556 0.067187 0.172222
0 0.203906 0.298611 0.035937 0.058333
0 0.253906 0.658333 0.117188 0.322222
0 0.515625 0.758333 0.193750 0.405556
0 0.319531 0.219444 0.101562 0.105556
0 0.229687 0.247222 0.096875 0.150000
0 0.116406 0.516667 0.039062 0.055556
0 0.151562 0.579167 0.084375 0.097222
0 0.149219 0.752778 0.095312 0.255556
0 0.071875 0.606944 0.081250 0.213889