0 0.498437 0.836111 0.153125 0.305556
0 0.287500 0.290278 0.159375 0.202778
0 0.235937 0.188889 0.121875 0.105556
0 0.678125 0.681944 0.068750 0.091667
0 0.714844 0.687500 0.057813 0.086111
0 0.557813 0.331944 0.103125 0.108333
0 0.631250 0.368056 0.071875 0.080556
0 0.572656 0.426389 0.067187 0.125000
0 0.697656 0.452778 0.073438 0.172222
0 0.695312 0.493056 0.084375 0.125000
0 0.442188 0.688889 0.181250 0.227778
0 0.173437 0.700000 0.143750 0.466667
0 0.385156 0.270833 0.170313 0.158333
0 0.294531 0.469444 0.167187 0.233333
0 0.353906 0.956944 0.120313 0.080556
0 0.571094 0.933333 0.104688 0.127778
0 0.436719 0.434722 0.139063 0.230556
0 0.500000 0.486111 0.093750 0.261111
0 0.264062 0.869444 0.284375 0.255556
0 0.197656 0.291667 0.095312 0.283333
0 0.236719 0.284722 0.089063 0.175000
0 0.382031 0.405556 0.092188 0.194444
0 0.154688 0.315278 0.068750 0.191667
0 0.534375 0.537500 0.062500 0.125000
0 0.415625 0.219444 0.096875 0.133333
0 0.771875 0.587500 0.093750 0.175000
0 0.805469 0.768056 0.073438 0.086111
0 0.514844 0.331944 0.117188 0.158333
0 0.752344 0.683333 0.089063 0.177778