0 0.550937 0.181111 0.159062 0.096111
0 0.556250 0.229444 0.159375 0.121111
0 0.582656 0.326806 0.173437 0.235278
0 0.666563 0.232639 0.084375 0.223056
0 0.714766 0.267917 0.073906 0.253056
0 0.760313 0.231111 0.065625 0.227778
0 0.124375 0.786528 0.067500 0.130833
0 0.334219 0.815972 0.139375 0.355833
0 0.309766 0.419583 0.146094 0.173056
0 0.234844 0.323056 0.048125 0.091111
0 0.408984 0.638889 0.091094 0.367778
0 0.483281 0.361667 0.130000 0.244444
0 0.384375 0.282778 0.139688 0.161667
0 0.719297 0.813750 0.150156 0.353611
0 0.364297 0.242083 0.093594 0.104167
0 0.411562 0.324722 0.136875 0.181111
0 0.476562 0.608056 0.095625 0.356667
0 0.753828 0.494167 0.091406 0.392778
0 0.249219 0.394583 0.072813 0.180833
0 0.303516 0.529861 0.156406 0.243056
0 0.215625 0.283750 0.067187 0.111389
0 0.427813 0.201806 0.134375 0.119722
0 0.249219 0.664306 0.119063 0.244167
0 0.525625 0.767083 0.199375 0.411389
0 0.121562 0.542222 0.050000 0.113333
0 0.297734 0.228611 0.051406 0.096667
0 0.373984 0.163750 0.134531 0.133611
0 0.182109 0.622639 0.056719 0.146944
0 0.186172 0.749028 0.088594 0.306389
0 0.082969 0.628611 0.090000 0.184444
0 0.136328 0.694306 0.081094 0.103611