0 0.739922 0.820000 0.161406 0.360000
0 0.788984 0.433611 0.125469 0.351111
0 0.414531 0.771250 0.231875 0.372500
0 0.334609 0.829167 0.219844 0.189444
0 0.301094 0.951250 0.235312 0.097500
0 0.527813 0.330000 0.145937 0.290000
0 0.619844 0.328472 0.116875 0.293056
0 0.713281 0.273611 0.170000 0.195556
0 0.564766 0.177361 0.151094 0.131389
0 0.737344 0.197222 0.166563 0.110000
0 0.722734 0.137639 0.178594 0.100833
0 0.428281 0.215556 0.149375 0.183333
0 0.323516 0.221667 0.080781 0.134444
0 0.351875 0.159028 0.110000 0.094722
0 0.244375 0.669028 0.149375 0.186389
0 0.169688 0.778889 0.127188 0.351111
0 0.054688 0.592639 0.072188 0.198611
0 0.539922 0.438194 0.094531 0.427500
0 0.245312 0.279444 0.041250 0.158889
0 0.212656 0.220139 0.061875 0.113056
0 0.176563 0.313056 0.027500 0.067222
0 0.227266 0.302361 0.042969 0.161944
0 0.258203 0.166667 0.080781 0.116111
0 0.278750 0.442778 0.145937 0.314444
0 0.133594 0.670556 0.089375 0.226111
0 0.084766 0.789444 0.073906 0.165000
0 0.273672 0.229306 0.060156 0.198611
0 0.308828 0.905556 0.212969 0.183333
0 0.198047 0.323750 0.036094 0.137500
0 0.216094 0.427639 0.051562 0.100833