0 0.440625 0.183333 0.150000 0.088889
0 0.428906 0.231944 0.135937 0.113889
0 0.407813 0.322222 0.168750 0.211111
0 0.329688 0.240278 0.081250 0.219444
0 0.266406 0.287500 0.092188 0.269444
0 0.235937 0.243056 0.062500 0.225000
0 0.932813 0.641667 0.056250 0.155556
0 0.896875 0.544444 0.043750 0.133333
0 0.857031 0.800000 0.085938 0.161111
0 0.692187 0.919444 0.190625 0.155556
0 0.693750 0.545833 0.162500 0.158333
0 0.742969 0.662500 0.120313 0.202778
0 0.633594 0.276389 0.123438 0.163889
0 0.667969 0.690278 0.164062 0.258333
0 0.855469 0.622222 0.092188 0.083333
0 0.583594 0.393056 0.076563 0.252778
0 0.881250 0.538889 0.043750 0.100000
0 0.598437 0.302778 0.106250 0.166667
0 0.441406 0.506944 0.142187 0.363889
0 0.744531 0.383333 0.073438 0.183333
0 0.521094 0.248611 0.082812 0.213889
0 0.327344 0.715278 0.223438 0.286111
0 0.317188 0.883333 0.150000 0.227778
0 0.559375 0.577778 0.125000 0.344444
0 0.773438 0.384722 0.050000 0.102778
0 0.652344 0.197222 0.073438 0.133333
0 0.579688 0.201389 0.125000 0.102778
0 0.748437 0.262500 0.062500 0.069444
0 0.700781 0.422222 0.135937 0.227778
0 0.717187 0.237500 0.034375 0.063889
0 0.671875 0.238889 0.078125 0.122222