0 0.712656 0.813611 0.162187 0.372778
0 0.764688 0.413194 0.115000 0.378056
0 0.413438 0.770139 0.228437 0.302500
0 0.343359 0.851250 0.211094 0.235278
0 0.314297 0.940972 0.222031 0.118056
0 0.525391 0.343056 0.133906 0.266111
0 0.609609 0.337500 0.107031 0.277222
0 0.683594 0.313611 0.151250 0.263333
0 0.736406 0.310694 0.121250 0.251944
0 0.560703 0.202917 0.135469 0.120278
0 0.715078 0.208611 0.173281 0.131667
0 0.707187 0.159444 0.157500 0.083889
0 0.432422 0.235278 0.146406 0.145556
0 0.342578 0.245139 0.099219 0.103611
0 0.365469 0.186389 0.110312 0.064444
0 0.294453 0.567083 0.185781 0.243611
0 0.198516 0.860972 0.144844 0.165278
0 0.288203 0.290000 0.056719 0.126111
0 0.263828 0.306528 0.055156 0.176389
0 0.242578 0.237917 0.066094 0.106389
0 0.201641 0.321944 0.018906 0.067222
0 0.244141 0.296944 0.053594 0.134444
0 0.288984 0.207083 0.061406 0.050278
0 0.296094 0.407500 0.119687 0.266111
0 0.158281 0.672083 0.115000 0.251944
0 0.122031 0.767222 0.077187 0.151111
0 0.081172 0.586667 0.061406 0.193333
0 0.119687 0.557361 0.047188 0.100833
0 0.217344 0.344306 0.031563 0.111944
0 0.234687 0.432639 0.044062 0.098056