0 0.695547 0.821528 0.177031 0.356944
0 0.764766 0.449722 0.130469 0.390000
0 0.388672 0.762778 0.238281 0.308889
0 0.328672 0.824167 0.219219 0.262222
0 0.295938 0.909861 0.225000 0.150278
0 0.531172 0.347083 0.144219 0.281944
0 0.614766 0.353194 0.118281 0.289167
0 0.689063 0.340139 0.161250 0.281389
0 0.743750 0.343750 0.132812 0.269167
0 0.572422 0.213472 0.139219 0.138056
0 0.724375 0.235000 0.172812 0.159444
0 0.717422 0.193611 0.162031 0.094444
0 0.442422 0.228333 0.151719 0.172778
0 0.380938 0.168194 0.106875 0.070278
0 0.352656 0.219861 0.107813 0.125278
0 0.275078 0.553056 0.157656 0.201111
0 0.183750 0.824306 0.156562 0.211944
0 0.241875 0.329722 0.081250 0.121667
0 0.144063 0.640278 0.107813 0.265556
0 0.161094 0.525694 0.085000 0.135833
0 0.318281 0.408750 0.188125 0.227500
0 0.287031 0.270556 0.077500 0.173333
0 0.266875 0.245417 0.060625 0.110278
0 0.258203 0.192639 0.066719 0.108611
0 0.210859 0.272361 0.023594 0.041944
0 0.246250 0.250694 0.060625 0.110278
0 0.116563 0.453889 0.016875 0.030000
0 0.305547 0.186667 0.071094 0.067778
0 0.219453 0.323611 0.013906 0.035000
0 0.114219 0.505278 0.041250 0.091111
0 0.248281 0.362639 0.055625 0.170278
0 0.101172 0.705278 0.044844 0.138333