0 0.551172 0.192500 0.143906 0.071111
0 0.554844 0.245139 0.154375 0.108056
0 0.592031 0.331111 0.154375 0.200556
0 0.661719 0.253056 0.077187 0.208333
0 0.721875 0.297917 0.087500 0.255833
0 0.750781 0.255694 0.059375 0.213611
0 0.088750 0.634444 0.053438 0.147778
0 0.122969 0.542222 0.041563 0.126667
0 0.160781 0.784861 0.081563 0.153056
0 0.317422 0.898333 0.181094 0.147778
0 0.502188 0.928750 0.063750 0.086944
0 0.315938 0.521111 0.154375 0.200556
0 0.315156 0.316389 0.093437 0.176667
0 0.271406 0.654306 0.106875 0.192500
0 0.372969 0.287500 0.117188 0.155556
0 0.187500 0.576528 0.057813 0.079167
0 0.483672 0.346806 0.097969 0.205833
0 0.422734 0.387778 0.068281 0.218889
0 0.406406 0.299306 0.100937 0.131944
0 0.518437 0.506528 0.164688 0.234722
0 0.437578 0.590972 0.115781 0.276944
0 0.655781 0.704444 0.195938 0.271667
0 0.673594 0.864028 0.142500 0.216389
0 0.230547 0.341528 0.060781 0.153056
0 0.259531 0.251806 0.071250 0.068611
0 0.300312 0.274167 0.087500 0.081667
0 0.335234 0.216111 0.086094 0.050000
0 0.430156 0.212361 0.106875 0.089722
0 0.316641 0.436528 0.143906 0.195278
0 0.350078 0.337500 0.151406 0.123889
0 0.139922 0.547361 0.037031 0.110833