0 0.277344 0.811111 0.135937 0.372222
0 0.238281 0.431944 0.114062 0.330556
0 0.578906 0.758333 0.210938 0.316667
0 0.651563 0.800000 0.200000 0.177778
0 0.682031 0.930556 0.214062 0.133333
0 0.475781 0.343056 0.132812 0.263889
0 0.392188 0.337500 0.106250 0.275000
0 0.293750 0.300000 0.178125 0.166667
0 0.492969 0.931944 0.248438 0.130556
0 0.442188 0.204167 0.137500 0.119444
0 0.289844 0.216667 0.132812 0.072222
0 0.296094 0.166667 0.154688 0.083333
0 0.566406 0.231944 0.139063 0.180556
0 0.660937 0.219444 0.081250 0.127778
0 0.627344 0.180556 0.085938 0.072222
0 0.739062 0.662500 0.140625 0.186111
0 0.817187 0.844444 0.143750 0.183333
0 0.906250 0.581944 0.065625 0.180556
0 0.684375 0.476389 0.181250 0.230556
0 0.725000 0.301389 0.046875 0.136111
0 0.762500 0.245833 0.056250 0.091667
0 0.795312 0.327778 0.025000 0.061111
0 0.749219 0.315278 0.042188 0.141667
0 0.682031 0.352778 0.145313 0.216667
0 0.846094 0.655556 0.110937 0.205556
0 0.881250 0.751389 0.062500 0.113889
0 0.706250 0.234722 0.065625 0.147222
0 0.680469 0.863889 0.210938 0.188889
0 0.777344 0.337500 0.032813 0.130556
0 0.769531 0.431944 0.039062 0.097222
0 0.860156 0.544444 0.067187 0.083333