0 0.710156 0.811111 0.160938 0.372222
0 0.761719 0.412500 0.114062 0.375000
0 0.400781 0.763889 0.226562 0.250000
0 0.343750 0.847222 0.209375 0.233333
0 0.314844 0.937500 0.220312 0.119444
0 0.524219 0.343056 0.132812 0.263889
0 0.607812 0.337500 0.106250 0.275000
0 0.672656 0.316667 0.132812 0.238889
0 0.726562 0.286111 0.137500 0.216667
0 0.509375 0.662500 0.100000 0.386111
0 0.559375 0.200000 0.131250 0.105556
0 0.694531 0.176389 0.170313 0.091667
0 0.428125 0.247222 0.146875 0.177778
0 0.368750 0.209722 0.134375 0.102778
0 0.279687 0.481944 0.118750 0.180556
0 0.193750 0.859722 0.153125 0.197222
0 0.106250 0.752778 0.059375 0.105556
0 0.339062 0.283333 0.075000 0.100000
0 0.153906 0.652778 0.110937 0.211111
0 0.274219 0.630556 0.167187 0.205556
0 0.200781 0.688889 0.073438 0.300000
0 0.379688 0.475000 0.125000 0.238889
0 0.296094 0.315278 0.051562 0.175000
0 0.266406 0.304167 0.054688 0.175000
0 0.245312 0.223611 0.062500 0.108333
0 0.202344 0.319444 0.014063 0.061111
0 0.234375 0.283333 0.059375 0.105556
0 0.114844 0.523611 0.010937 0.036111
0 0.286719 0.219444 0.054688 0.055556
0 0.222656 0.379167 0.042188 0.108333
0 0.127344 0.529167 0.026562 0.075000