0 0.585000 0.204583 0.164062 0.135278
0 0.584922 0.254167 0.166406 0.160000
0 0.600156 0.358889 0.189688 0.276111
0 0.692734 0.295694 0.101094 0.240833
0 0.736172 0.347222 0.093281 0.267778
0 0.784844 0.326667 0.083125 0.240556
0 0.106250 0.667917 0.084375 0.161389
0 0.196094 0.804028 0.168437 0.226944
0 0.316875 0.385833 0.169687 0.192778
0 0.254844 0.241528 0.070625 0.128056
0 0.395391 0.604583 0.119531 0.384722
0 0.498672 0.358472 0.147656 0.273611
0 0.395859 0.249583 0.134219 0.181944
0 0.680703 0.845417 0.176406 0.309167
0 0.380000 0.192639 0.078438 0.146389
0 0.429922 0.290972 0.142031 0.200278
0 0.465156 0.597778 0.123125 0.375000
0 0.749766 0.582361 0.122031 0.409167
0 0.313281 0.177639 0.114688 0.120278
0 0.287422 0.533194 0.156719 0.228611
0 0.244844 0.188889 0.075000 0.126667
0 0.461953 0.182361 0.141719 0.152500
0 0.185234 0.613194 0.135781 0.336389
0 0.495000 0.755139 0.235000 0.465278
0 0.122109 0.399167 0.068906 0.140556
0 0.360000 0.146806 0.070000 0.074722
0 0.441406 0.197222 0.116562 0.200556
0 0.285391 0.293056 0.088906 0.207778
0 0.242813 0.332222 0.058750 0.158889
0 0.054453 0.555972 0.099844 0.181944
0 0.141953 0.505556 0.126719 0.150556