0 0.727500 0.787083 0.159375 0.387500
0 0.748906 0.410278 0.145000 0.333333
0 0.429297 0.744167 0.222656 0.377778
0 0.364297 0.812639 0.194531 0.192500
0 0.333047 0.935694 0.218281 0.128611
0 0.521875 0.340556 0.135313 0.277222
0 0.599141 0.330694 0.149531 0.281389
0 0.678438 0.338750 0.128438 0.256944
0 0.526953 0.964722 0.139219 0.070556
0 0.546563 0.190139 0.136250 0.122500
0 0.710156 0.215556 0.164375 0.128333
0 0.686719 0.145833 0.159062 0.105556
0 0.425781 0.252083 0.139375 0.169722
0 0.333750 0.260556 0.087813 0.111667
0 0.363828 0.205833 0.090781 0.065000
0 0.278516 0.658889 0.144219 0.217222
0 0.183672 0.859861 0.134531 0.208056
0 0.078437 0.693333 0.029375 0.086111
0 0.273906 0.320000 0.054375 0.180000
0 0.236563 0.257222 0.070625 0.065556
0 0.247969 0.340694 0.047188 0.154167
0 0.212812 0.319444 0.066875 0.090000
0 0.300547 0.459028 0.155156 0.312500
0 0.174766 0.691111 0.091094 0.208889
0 0.119922 0.783194 0.051406 0.138056
0 0.099766 0.608611 0.079844 0.155000
0 0.346016 0.895278 0.217969 0.195000
0 0.220156 0.373194 0.038750 0.134167
0 0.241406 0.466806 0.054688 0.099722
0 0.143516 0.606944 0.066406 0.126111