0 0.702891 0.822222 0.162656 0.355556
0 0.756875 0.467222 0.141250 0.325000
0 0.534141 0.347222 0.137656 0.280556
0 0.610703 0.350833 0.149844 0.273889
0 0.331953 0.850139 0.204219 0.171389
0 0.497734 0.960278 0.126094 0.079444
0 0.198672 0.688056 0.108281 0.210556
0 0.730469 0.282639 0.159062 0.168056
0 0.702344 0.210278 0.188750 0.136111
0 0.445547 0.240417 0.144219 0.182500
0 0.335781 0.225139 0.090625 0.125278
0 0.384688 0.179028 0.094688 0.076389
0 0.312500 0.397500 0.169063 0.290556
0 0.178047 0.800833 0.117344 0.203333
0 0.089531 0.532361 0.069375 0.169167
0 0.298984 0.260556 0.053594 0.161667
0 0.257656 0.200417 0.071563 0.078611
0 0.268828 0.250694 0.036406 0.087500
0 0.233516 0.250139 0.062969 0.094167
0 0.228203 0.335694 0.071094 0.139167
0 0.150000 0.599306 0.118125 0.186944
0 0.107813 0.707639 0.077187 0.170278
0 0.459687 0.844444 0.196563 0.311111
0 0.284062 0.901806 0.175625 0.156389
0 0.335547 0.747361 0.223906 0.234722
0 0.232109 0.624444 0.113906 0.230556
0 0.232344 0.313750 0.043750 0.151944
0 0.245234 0.395139 0.052344 0.100833
0 0.208672 0.298194 0.025781 0.058611
0 0.116719 0.519306 0.048438 0.116944
0 0.112656 0.451944 0.031250 0.042778
0 0.146172 0.527639 0.046094 0.064167