0 0.555469 0.183333 0.157812 0.088889
0 0.560156 0.231944 0.157812 0.113889
0 0.585156 0.330556 0.170313 0.227778
0 0.670312 0.240278 0.081250 0.219444
0 0.717969 0.277778 0.070312 0.250000
0 0.764062 0.243056 0.062500 0.225000
0 0.116406 0.768056 0.048438 0.108333
0 0.240625 0.881944 0.203125 0.219444
0 0.233594 0.319444 0.060937 0.111111
0 0.429688 0.634722 0.131250 0.363889
0 0.485938 0.375000 0.153125 0.222222
0 0.390625 0.266667 0.118750 0.144444
0 0.714844 0.823611 0.145313 0.347222
0 0.358594 0.236111 0.067187 0.116667
0 0.414062 0.309722 0.134375 0.175000
0 0.274219 0.630556 0.139063 0.233333
0 0.753906 0.505556 0.085938 0.388889
0 0.276562 0.290278 0.062500 0.086111
0 0.582031 0.818056 0.267188 0.313889
0 0.218750 0.270833 0.065625 0.108333
0 0.435937 0.190278 0.128125 0.091667
0 0.207813 0.702778 0.128125 0.277778
0 0.519531 0.741667 0.198437 0.388889
0 0.115625 0.506944 0.065625 0.125000
0 0.315625 0.219444 0.078125 0.094444
0 0.312500 0.438889 0.137500 0.261111
0 0.300000 0.345833 0.109375 0.236111
0 0.228906 0.412500 0.045312 0.158333
0 0.159375 0.720833 0.071875 0.180556
0 0.096094 0.627778 0.104688 0.172222
0 0.147656 0.647222 0.126562 0.166667