0 0.717187 0.811111 0.146875 0.372222
0 0.751563 0.437500 0.134375 0.319444
0 0.421094 0.736111 0.210938 0.355556
0 0.353906 0.797222 0.189062 0.172222
0 0.317969 0.930556 0.214062 0.133333
0 0.527344 0.343056 0.126562 0.263889
0 0.604688 0.341667 0.140625 0.266667
0 0.692969 0.351389 0.104688 0.230556
0 0.510938 0.968056 0.137500 0.058333
0 0.557031 0.195833 0.132812 0.108333
0 0.719531 0.238889 0.160938 0.111111
0 0.698438 0.166667 0.156250 0.088889
0 0.434375 0.244444 0.134375 0.155556
0 0.342187 0.243056 0.084375 0.102778
0 0.374219 0.191667 0.089063 0.055556
0 0.273438 0.634722 0.137500 0.202778
0 0.166406 0.815278 0.135937 0.197222
0 0.085938 0.608333 0.053125 0.122222
0 0.280469 0.295833 0.048438 0.175000
0 0.245312 0.229167 0.068750 0.058333
0 0.253906 0.313889 0.042188 0.150000
0 0.219531 0.288889 0.064062 0.083333
0 0.302344 0.437500 0.145313 0.297222
0 0.165625 0.659722 0.081250 0.208333
0 0.108594 0.747222 0.048438 0.122222
0 0.110937 0.534722 0.056250 0.108333
0 0.332813 0.877778 0.212500 0.172222
0 0.222656 0.337500 0.029687 0.119444
0 0.242969 0.438889 0.051562 0.094444
0 0.140625 0.568056 0.062500 0.119444