0 0.282813 0.811111 0.146875 0.372222
0 0.245312 0.431944 0.128125 0.308333
0 0.472656 0.343056 0.126562 0.263889
0 0.396094 0.336111 0.139063 0.255556
0 0.640625 0.876389 0.225000 0.158333
0 0.471094 0.962500 0.104688 0.069444
0 0.279687 0.251389 0.153125 0.147222
0 0.696875 0.395833 0.131250 0.247222
0 0.563281 0.247222 0.142187 0.172222
0 0.671875 0.258333 0.096875 0.105556
0 0.602344 0.187500 0.029687 0.036111
0 0.727344 0.573611 0.154688 0.219444
0 0.810156 0.841667 0.110937 0.183333
0 0.910937 0.588889 0.065625 0.161111
0 0.714844 0.266667 0.029687 0.105556
0 0.755469 0.236111 0.070312 0.077778
0 0.735938 0.281944 0.037500 0.108333
0 0.780469 0.300000 0.051562 0.100000
0 0.645312 0.186111 0.084375 0.105556
0 0.882031 0.761111 0.070312 0.161111
0 0.782031 0.709722 0.107813 0.163889
0 0.686719 0.927778 0.195312 0.138889
0 0.656250 0.776389 0.209375 0.191667
0 0.836719 0.673611 0.079687 0.208333
0 0.767188 0.341667 0.040625 0.133333
0 0.706250 0.319444 0.087500 0.100000
0 0.798438 0.336111 0.021875 0.061111
0 0.888281 0.505556 0.029687 0.038889
0 0.857812 0.590278 0.043750 0.086111
0 0.882812 0.577778 0.043750 0.105556
0 0.775000 0.391667 0.037500 0.072222