0 0.715078 0.807361 0.145156 0.368056
0 0.749844 0.437917 0.131250 0.315833
0 0.422500 0.733194 0.208437 0.351389
0 0.356094 0.793472 0.186875 0.170278
0 0.320469 0.925278 0.211563 0.131667
0 0.527578 0.344583 0.125156 0.260833
0 0.603906 0.343194 0.139063 0.263611
0 0.666563 0.335139 0.112813 0.208611
0 0.532031 0.952917 0.155938 0.076944
0 0.556875 0.199028 0.131250 0.106944
0 0.717500 0.234861 0.159062 0.118056
0 0.696562 0.170278 0.154375 0.087778
0 0.436406 0.251250 0.134375 0.156389
0 0.331328 0.251250 0.087969 0.118056
0 0.376953 0.196389 0.095781 0.052222
0 0.276562 0.633056 0.135937 0.200556
0 0.174609 0.796250 0.145156 0.219722
0 0.094297 0.584722 0.064844 0.181111
0 0.283438 0.297917 0.047813 0.173056
0 0.248672 0.237639 0.067969 0.068611
0 0.210156 0.336389 0.021563 0.046667
0 0.260234 0.311667 0.038594 0.140000
0 0.305078 0.438056 0.143594 0.293889
0 0.223203 0.285694 0.066406 0.076944
0 0.173906 0.650833 0.081875 0.186667
0 0.120547 0.749722 0.064844 0.148333
0 0.335234 0.860833 0.203906 0.178333
0 0.228750 0.339028 0.030937 0.112500
0 0.247969 0.431111 0.054062 0.093333
0 0.146719 0.598611 0.080312 0.137222
0 0.120547 0.543611 0.043281 0.093333
0 0.120469 0.506667 0.027813 0.041111