0 0.555937 0.182917 0.157500 0.088611
0 0.560625 0.231528 0.157500 0.113611
0 0.585625 0.329722 0.170000 0.227222
0 0.670547 0.239722 0.081094 0.218889
0 0.718047 0.277222 0.070156 0.249444
0 0.763984 0.242500 0.062344 0.224444
0 0.119297 0.641806 0.067031 0.141389
0 0.407656 0.307639 0.116875 0.177500
0 0.076328 0.640417 0.052969 0.144167
0 0.159766 0.555694 0.082656 0.096944
0 0.142734 0.770694 0.107656 0.121944
0 0.383594 0.460139 0.118438 0.155278
0 0.324297 0.907917 0.199531 0.174722
0 0.390703 0.641806 0.113906 0.363056
0 0.479531 0.363056 0.123125 0.243889
0 0.379688 0.286806 0.135625 0.146944
0 0.307188 0.443472 0.140313 0.188611
0 0.344609 0.300694 0.112344 0.185833
0 0.485781 0.607083 0.163750 0.349167
0 0.421719 0.196806 0.126250 0.083056
0 0.748516 0.504583 0.112344 0.388056
0 0.258047 0.374306 0.063906 0.116389
0 0.273594 0.636111 0.132500 0.241111
0 0.208203 0.274306 0.042031 0.105278
0 0.349297 0.845556 0.199531 0.243889
0 0.346094 0.560000 0.149688 0.221667
0 0.320547 0.219028 0.101406 0.105278
0 0.231484 0.241250 0.063906 0.160833
0 0.211250 0.341111 0.026562 0.055556