0 0.552734 0.197500 0.150781 0.085000
0 0.557109 0.243889 0.150781 0.108889
0 0.581094 0.338056 0.162812 0.217778
0 0.662422 0.251806 0.077656 0.209722
0 0.707969 0.287778 0.067187 0.238889
0 0.752031 0.254444 0.059688 0.215000
0 0.127187 0.749722 0.046250 0.085000
0 0.210703 0.695000 0.091094 0.273333
0 0.320547 0.465556 0.152344 0.265556
0 0.247422 0.311667 0.050781 0.074444
0 0.410938 0.628889 0.082187 0.347778
0 0.485469 0.367222 0.120938 0.228333
0 0.392266 0.287639 0.131406 0.148611
0 0.705078 0.809306 0.138906 0.331944
0 0.348125 0.262500 0.115000 0.108889
0 0.410859 0.328889 0.144844 0.167222
0 0.475781 0.602222 0.086563 0.337222
0 0.424219 0.210694 0.120938 0.079722
0 0.742344 0.505278 0.082187 0.371667
0 0.252500 0.384583 0.067187 0.140833
0 0.300391 0.351528 0.070156 0.175278
0 0.219687 0.297083 0.040313 0.076944
0 0.270547 0.638056 0.138906 0.276111
0 0.514609 0.746806 0.185156 0.387500
0 0.251016 0.253056 0.043281 0.058333
0 0.320547 0.224028 0.137344 0.159167
0 0.168203 0.577083 0.071719 0.090278
0 0.175703 0.740278 0.056719 0.215000
0 0.091328 0.638056 0.102969 0.122222
0 0.143594 0.676667 0.073125 0.098333