0 0.702891 0.817083 0.169219 0.365833
0 0.763437 0.431389 0.122500 0.382778
0 0.407344 0.760139 0.233125 0.315833
0 0.336016 0.835694 0.214531 0.248056
0 0.305000 0.923889 0.222812 0.135000
0 0.527812 0.344861 0.138750 0.273056
0 0.611328 0.345417 0.112344 0.282500
0 0.685234 0.326944 0.155781 0.271667
0 0.740781 0.332361 0.129062 0.261389
0 0.566016 0.208611 0.137031 0.128889
0 0.718125 0.223750 0.170000 0.145278
0 0.706641 0.179722 0.159531 0.091667
0 0.438125 0.228611 0.145313 0.154444
0 0.373516 0.179583 0.105781 0.057500
0 0.346562 0.230556 0.105625 0.118333
0 0.277031 0.571667 0.145625 0.168333
0 0.191641 0.824167 0.136719 0.190000
0 0.089219 0.546944 0.069687 0.185000
0 0.297266 0.439583 0.149844 0.213056
0 0.299375 0.242361 0.045000 0.061389
0 0.270703 0.265278 0.052969 0.133889
0 0.251719 0.209722 0.064687 0.104444
0 0.206562 0.299583 0.021563 0.059722
0 0.246328 0.271944 0.066406 0.107222
0 0.293359 0.200139 0.068594 0.068611
0 0.236563 0.357361 0.053438 0.089722
0 0.277734 0.374167 0.092969 0.247778
0 0.120859 0.736944 0.084531 0.155556
0 0.158750 0.546528 0.085312 0.119722
0 0.114609 0.532222 0.032969 0.077222
0 0.233750 0.414167 0.034687 0.085556