0 0.717187 0.811111 0.146875 0.372222
0 0.748437 0.437500 0.140625 0.319444
0 0.527344 0.343056 0.126562 0.263889
0 0.603906 0.341667 0.139063 0.266667
0 0.349219 0.883333 0.257812 0.150000
0 0.517969 0.962500 0.123438 0.069444
0 0.302344 0.486111 0.142187 0.255556
0 0.720313 0.231944 0.153125 0.136111
0 0.689063 0.183333 0.184375 0.111111
0 0.434375 0.248611 0.137500 0.163889
0 0.323437 0.248611 0.084375 0.108333
0 0.368750 0.197222 0.093750 0.066667
0 0.265625 0.641667 0.137500 0.166667
0 0.207031 0.813889 0.139063 0.144444
0 0.086719 0.598611 0.060937 0.152778
0 0.285938 0.284722 0.046875 0.158333
0 0.245312 0.234722 0.068750 0.069444
0 0.256250 0.311111 0.034375 0.144444
0 0.221094 0.288889 0.060937 0.088889
0 0.306250 0.395833 0.143750 0.241667
0 0.165625 0.661111 0.084375 0.211111
0 0.117969 0.761111 0.070312 0.161111
0 0.329688 0.795833 0.171875 0.119444
0 0.325781 0.943056 0.198437 0.108333
0 0.353906 0.768056 0.201563 0.136111
0 0.421094 0.713889 0.204687 0.300000
0 0.227344 0.340278 0.032813 0.119444
0 0.240625 0.431944 0.046875 0.091667
0 0.142187 0.600000 0.084375 0.150000
0 0.200000 0.336111 0.021875 0.066667
0 0.107813 0.505556 0.028125 0.038889
0 0.118750 0.573611 0.050000 0.119444