0 0.555469 0.183333 0.157812 0.088889
0 0.560156 0.231944 0.157812 0.113889
0 0.585156 0.322222 0.170313 0.211111
0 0.670312 0.240278 0.081250 0.219444
0 0.733594 0.288889 0.092188 0.272222
0 0.764062 0.243056 0.062500 0.225000
0 0.312500 0.919444 0.184375 0.155556
0 0.373437 0.269444 0.125000 0.177778
0 0.102344 0.559722 0.057813 0.147222
0 0.407031 0.312500 0.117188 0.186111
0 0.553125 0.506944 0.131250 0.363889
0 0.071094 0.638889 0.042188 0.127778
0 0.148438 0.566667 0.081250 0.072222
0 0.680469 0.875000 0.132812 0.244444
0 0.133594 0.786111 0.082812 0.116667
0 0.440625 0.601389 0.115625 0.375000
0 0.351562 0.544444 0.131250 0.300000
0 0.371094 0.630556 0.123438 0.344444
0 0.465625 0.363889 0.096875 0.244444
0 0.421875 0.195833 0.125000 0.091667
0 0.291406 0.401389 0.117188 0.269444
0 0.295312 0.276389 0.100000 0.125000
0 0.462500 0.913889 0.165625 0.166667
0 0.234375 0.387500 0.053125 0.108333
0 0.285156 0.594444 0.145313 0.222222
0 0.187500 0.705556 0.159375 0.188889
0 0.191406 0.272222 0.073438 0.100000
0 0.244531 0.233333 0.064062 0.083333
0 0.312500 0.229167 0.112500 0.102778
0 0.126562 0.527778 0.034375 0.077778