0 0.733047 0.772361 0.166406 0.395833
0 0.757187 0.392917 0.130937 0.337500
0 0.434297 0.748750 0.229219 0.390278
0 0.370781 0.820833 0.197500 0.203889
0 0.342187 0.937500 0.220312 0.125000
0 0.518750 0.339167 0.140313 0.284444
0 0.595547 0.324583 0.154531 0.289722
0 0.673828 0.320833 0.127656 0.249444
0 0.536250 0.961528 0.140000 0.076944
0 0.540312 0.187500 0.138125 0.130556
0 0.704375 0.202500 0.166250 0.138333
0 0.679375 0.134028 0.160312 0.115278
0 0.421797 0.260972 0.143906 0.180833
0 0.328984 0.271389 0.089531 0.116667
0 0.358828 0.215972 0.099219 0.069167
0 0.281719 0.673056 0.147812 0.225556
0 0.203594 0.889444 0.134063 0.221111
0 0.093828 0.666528 0.060156 0.171944
0 0.270391 0.334583 0.057656 0.182500
0 0.232031 0.279583 0.072188 0.080833
0 0.198047 0.390278 0.026094 0.053889
0 0.246406 0.355556 0.046875 0.153333
0 0.299922 0.471806 0.160781 0.320833
0 0.209609 0.329583 0.066406 0.088056
0 0.176172 0.723472 0.096719 0.191944
0 0.131094 0.817778 0.073438 0.160556
0 0.353516 0.892361 0.215156 0.215278
0 0.215078 0.385833 0.036094 0.123889
0 0.240859 0.483333 0.056406 0.102778
0 0.154688 0.657361 0.099062 0.148611
0 0.122266 0.611250 0.036719 0.080278
0 0.115391 0.571944 0.024844 0.031667