0 0.436719 0.677778 0.192188 0.238889
0 0.177344 0.705556 0.129688 0.455556
0 0.387500 0.294444 0.159375 0.100000
0 0.232031 0.434722 0.095312 0.330556
0 0.300781 0.890278 0.157812 0.213889
0 0.334375 0.455556 0.128125 0.266667
0 0.490625 0.518056 0.125000 0.175000
0 0.369531 0.537500 0.160938 0.336111
0 0.505469 0.844444 0.157812 0.283333
0 0.805469 0.754167 0.057813 0.108333
0 0.525781 0.336111 0.142187 0.177778
0 0.137500 0.416667 0.078125 0.288889
0 0.509375 0.422222 0.115625 0.188889
0 0.225781 0.293056 0.117188 0.258333
0 0.289062 0.298611 0.121875 0.213889
0 0.160938 0.312500 0.071875 0.186111
0 0.241406 0.198611 0.114062 0.119444
0 0.792969 0.670833 0.054688 0.119444
0 0.677344 0.681944 0.073438 0.091667
0 0.757812 0.575000 0.065625 0.177778
0 0.398438 0.231944 0.115625 0.086111
0 0.744531 0.669444 0.064062 0.077778
0 0.621875 0.383333 0.103125 0.144444
0 0.644531 0.368056 0.045312 0.080556
0 0.575781 0.431944 0.060937 0.113889
0 0.696094 0.436111 0.070312 0.138889
0 0.700781 0.509722 0.095312 0.158333
0 0.421094 0.376389 0.098437 0.130556
0 0.595313 0.944444 0.050000 0.105556
0 0.717969 0.658333 0.035937 0.122222