0 0.554688 0.163889 0.150000 0.050000
0 0.560156 0.231944 0.157812 0.113889
0 0.596875 0.286111 0.162500 0.138889
0 0.670312 0.240278 0.081250 0.219444
0 0.733594 0.286111 0.092188 0.266667
0 0.764062 0.243056 0.062500 0.225000
0 0.067187 0.641667 0.056250 0.155556
0 0.103125 0.544444 0.043750 0.133333
0 0.144531 0.636111 0.104688 0.161111
0 0.142969 0.800000 0.085938 0.161111
0 0.307812 0.919444 0.190625 0.155556
0 0.502344 0.951389 0.067187 0.091667
0 0.290625 0.619444 0.131250 0.261111
0 0.305469 0.313889 0.098437 0.172222
0 0.250781 0.680556 0.095312 0.238889
0 0.366406 0.276389 0.123438 0.163889
0 0.392969 0.295833 0.110937 0.175000
0 0.495312 0.338889 0.128125 0.216667
0 0.418750 0.345833 0.071875 0.180556
0 0.526563 0.522222 0.209375 0.272222
0 0.415625 0.500000 0.137500 0.366667
0 0.686719 0.883333 0.139063 0.227778
0 0.648438 0.744444 0.265625 0.261111
0 0.611719 0.381944 0.201563 0.230556
0 0.228125 0.238889 0.053125 0.116667
0 0.332813 0.202778 0.100000 0.155556
0 0.290625 0.252778 0.043750 0.111111
0 0.430469 0.190278 0.098437 0.091667
0 0.300781 0.447222 0.139063 0.244444
0 0.225781 0.363889 0.042188 0.072222
0 0.194531 0.300000 0.048438 0.072222