0 0.444531 0.183333 0.157812 0.088889
0 0.439844 0.231944 0.157812 0.113889
0 0.414844 0.330556 0.170313 0.227778
0 0.329688 0.240278 0.081250 0.219444
0 0.282031 0.277778 0.070312 0.250000
0 0.235937 0.243056 0.062500 0.225000
0 0.883594 0.758333 0.048438 0.116667
0 0.759375 0.881944 0.203125 0.219444
0 0.766406 0.319444 0.060937 0.111111
0 0.561719 0.625000 0.148438 0.383333
0 0.514062 0.375000 0.153125 0.222222
0 0.609375 0.266667 0.118750 0.144444
0 0.285156 0.823611 0.145313 0.347222
0 0.641406 0.236111 0.067187 0.116667
0 0.585938 0.309722 0.134375 0.175000
0 0.725781 0.629167 0.129688 0.219444
0 0.246094 0.505556 0.085938 0.388889
0 0.723437 0.290278 0.062500 0.086111
0 0.365625 0.641667 0.118750 0.350000
0 0.781250 0.270833 0.065625 0.108333
0 0.564063 0.190278 0.128125 0.091667
0 0.789062 0.695833 0.103125 0.308333
0 0.480469 0.741667 0.198437 0.388889
0 0.884375 0.506944 0.065625 0.125000
0 0.684375 0.219444 0.078125 0.094444
0 0.687500 0.438889 0.137500 0.261111
0 0.700000 0.361111 0.109375 0.205556
0 0.771094 0.412500 0.045312 0.158333
0 0.904687 0.644444 0.109375 0.183333
0 0.839063 0.563889 0.078125 0.127778