0 0.552969 0.193472 0.152188 0.085833
0 0.557500 0.240417 0.152188 0.109722
0 0.578594 0.332778 0.170313 0.214444
0 0.663750 0.248333 0.078438 0.211667
0 0.724766 0.293889 0.088906 0.260000
0 0.754063 0.250972 0.060313 0.216944
0 0.081953 0.635556 0.054219 0.150000
0 0.116719 0.541806 0.042188 0.128611
0 0.314141 0.903333 0.183906 0.150000
0 0.254531 0.687778 0.095000 0.260000
0 0.370625 0.283194 0.119063 0.158056
0 0.304297 0.401111 0.122031 0.136667
0 0.088047 0.678333 0.054219 0.091111
0 0.161094 0.709167 0.095000 0.211667
0 0.404531 0.308750 0.102500 0.160833
0 0.555937 0.505417 0.137187 0.350833
0 0.159531 0.642222 0.091875 0.195556
0 0.235625 0.386528 0.042188 0.176944
0 0.358516 0.595278 0.131094 0.267778
0 0.675781 0.868750 0.144687 0.219722
0 0.653828 0.679861 0.239531 0.222500
0 0.362969 0.231111 0.091875 0.182222
0 0.442188 0.596667 0.111563 0.361667
0 0.455703 0.367500 0.096406 0.208889
0 0.290703 0.370278 0.061719 0.139444
0 0.442109 0.198889 0.081406 0.075000
0 0.216094 0.269861 0.057188 0.131389
0 0.314063 0.253889 0.057188 0.077778
0 0.308828 0.528333 0.125156 0.289444
0 0.275703 0.232222 0.046719 0.104444
0 0.137656 0.544444 0.033125 0.107222