0 0.559688 0.168611 0.166563 0.093889
0 0.564688 0.219861 0.166563 0.120278
0 0.590938 0.315000 0.179688 0.222778
0 0.680859 0.228611 0.085781 0.231667
0 0.747734 0.279722 0.097344 0.287222
0 0.779844 0.231528 0.065938 0.237500
0 0.080547 0.540694 0.032969 0.111389
0 0.303203 0.931667 0.194531 0.136667
0 0.372500 0.247778 0.095625 0.158333
0 0.402969 0.304861 0.123750 0.196389
0 0.563828 0.510139 0.151719 0.384167
0 0.052578 0.658194 0.056094 0.140833
0 0.128359 0.593472 0.105469 0.111389
0 0.122656 0.804583 0.113750 0.164167
0 0.438516 0.609583 0.122031 0.395833
0 0.341172 0.518889 0.194531 0.255000
0 0.370078 0.640556 0.146719 0.357778
0 0.464844 0.359028 0.102188 0.258056
0 0.288359 0.426528 0.145156 0.240278
0 0.323906 0.276806 0.107187 0.187500
0 0.693125 0.833472 0.245625 0.333056
0 0.217578 0.382639 0.049531 0.099722
0 0.206016 0.716806 0.092344 0.269722
0 0.417891 0.177361 0.133594 0.099722
0 0.240547 0.376528 0.075781 0.175833
0 0.268516 0.655278 0.105469 0.263889
0 0.766641 0.502778 0.108906 0.410556
0 0.191953 0.265139 0.044531 0.111389
0 0.214141 0.230000 0.032969 0.064444
0 0.251250 0.241806 0.064375 0.134722
0 0.106172 0.551111 0.051094 0.114444
0 0.064922 0.646389 0.057656 0.128889