0 0.282813 0.811111 0.146875 0.372222
0 0.238281 0.437500 0.114062 0.319444
0 0.578906 0.744444 0.210938 0.338889
0 0.651563 0.797222 0.200000 0.172222
0 0.682031 0.930556 0.214062 0.133333
0 0.475781 0.343056 0.132812 0.263889
0 0.392188 0.341667 0.106250 0.266667
0 0.292969 0.318056 0.176563 0.163889
0 0.442188 0.204167 0.137500 0.119444
0 0.290625 0.220833 0.146875 0.080556
0 0.296094 0.166667 0.154688 0.083333
0 0.564063 0.227778 0.137500 0.183333
0 0.662500 0.234722 0.090625 0.125000
0 0.628125 0.186111 0.090625 0.077778
0 0.731250 0.644444 0.143750 0.188889
0 0.817187 0.844444 0.143750 0.183333
0 0.906250 0.581944 0.065625 0.180556
0 0.435156 0.665278 0.220312 0.330556
0 0.725000 0.315278 0.046875 0.158333
0 0.762500 0.243056 0.056250 0.102778
0 0.795312 0.327778 0.025000 0.061111
0 0.750781 0.316667 0.032813 0.150000
0 0.710938 0.450000 0.128125 0.283333
0 0.828906 0.661111 0.098437 0.222222
0 0.881250 0.751389 0.062500 0.113889
0 0.690625 0.254167 0.084375 0.175000
0 0.667969 0.868056 0.217188 0.180556
0 0.777344 0.337500 0.032813 0.130556
0 0.759375 0.436111 0.046875 0.088889
0 0.857031 0.565278 0.067187 0.102778