0 0.722656 0.811111 0.135937 0.372222
0 0.761719 0.433333 0.114062 0.333333
0 0.421094 0.758333 0.210938 0.316667
0 0.344531 0.837500 0.207813 0.252778
0 0.317969 0.930556 0.214062 0.133333
0 0.524219 0.343056 0.132812 0.263889
0 0.607812 0.337500 0.106250 0.275000
0 0.689063 0.279167 0.143750 0.213889
0 0.728125 0.291667 0.137500 0.211111
0 0.559375 0.204167 0.134375 0.119444
0 0.710156 0.205556 0.160938 0.105556
0 0.700781 0.161111 0.151562 0.061111
0 0.433594 0.231944 0.139063 0.180556
0 0.338281 0.230556 0.085938 0.111111
0 0.371875 0.186111 0.084375 0.050000
0 0.265625 0.644444 0.137500 0.200000
0 0.182812 0.844444 0.143750 0.183333
0 0.094531 0.583333 0.076563 0.200000
0 0.314844 0.472222 0.164062 0.244444
0 0.281250 0.290278 0.056250 0.152778
0 0.254688 0.226389 0.059375 0.091667
0 0.206250 0.326389 0.028125 0.058333
0 0.251563 0.318056 0.040625 0.158333
0 0.286719 0.215278 0.051562 0.058333
0 0.304688 0.372222 0.131250 0.222222
0 0.150000 0.633333 0.106250 0.138889
0 0.208594 0.245833 0.054688 0.113889
0 0.151562 0.713889 0.118750 0.150000
0 0.220312 0.336111 0.031250 0.105556
0 0.230469 0.431944 0.039062 0.097222
0 0.146094 0.548611 0.070312 0.063889