0 0.282813 0.811111 0.146875 0.372222
0 0.251563 0.437500 0.140625 0.319444
0 0.472656 0.343056 0.126562 0.263889
0 0.396094 0.341667 0.139063 0.266667
0 0.606250 0.881944 0.262500 0.180556
0 0.453906 0.952778 0.123438 0.088889
0 0.451562 0.176389 0.137500 0.102778
0 0.281250 0.236111 0.156250 0.105556
0 0.301563 0.166667 0.156250 0.088889
0 0.565625 0.248611 0.137500 0.163889
0 0.667969 0.244444 0.082812 0.122222
0 0.631250 0.193056 0.093750 0.058333
0 0.726562 0.634722 0.137500 0.202778
0 0.795312 0.811111 0.140625 0.150000
0 0.910156 0.576389 0.054688 0.125000
0 0.719531 0.295833 0.048438 0.175000
0 0.754687 0.234722 0.068750 0.069444
0 0.745313 0.309722 0.037500 0.141667
0 0.778906 0.288889 0.060937 0.088889
0 0.690625 0.437500 0.131250 0.297222
0 0.827344 0.665278 0.098437 0.208333
0 0.882031 0.761111 0.070312 0.161111
0 0.673438 0.831944 0.181250 0.113889
0 0.684375 0.934722 0.209375 0.125000
0 0.644531 0.763889 0.182812 0.122222
0 0.774219 0.341667 0.032813 0.122222
0 0.575000 0.679167 0.196875 0.247222
0 0.756250 0.431944 0.053125 0.091667
0 0.856250 0.598611 0.071875 0.141667
0 0.800000 0.336111 0.018750 0.061111
0 0.882031 0.568056 0.048438 0.119444
0 0.892188 0.498611 0.028125 0.047222