0 0.444531 0.183333 0.157812 0.088889
0 0.439844 0.231944 0.157812 0.113889
0 0.407813 0.322222 0.168750 0.211111
0 0.329688 0.240278 0.081250 0.219444
0 0.266406 0.287500 0.092188 0.269444
0 0.235937 0.243056 0.062500 0.225000
0 0.932813 0.641667 0.056250 0.155556
0 0.896875 0.544444 0.043750 0.133333
0 0.857031 0.790278 0.085938 0.180556
0 0.692187 0.919444 0.190625 0.155556
0 0.742969 0.676389 0.120313 0.230556
0 0.633594 0.276389 0.123438 0.163889
0 0.654687 0.347222 0.128125 0.105556
0 0.857031 0.622222 0.104688 0.133333
0 0.564844 0.377778 0.076563 0.227778
0 0.881250 0.534722 0.046875 0.097222
0 0.598437 0.302778 0.106250 0.166667
0 0.441406 0.506944 0.142187 0.363889
0 0.685937 0.563889 0.193750 0.200000
0 0.764062 0.383333 0.053125 0.183333
0 0.608594 0.206944 0.110937 0.163889
0 0.327344 0.715278 0.223438 0.286111
0 0.317188 0.883333 0.150000 0.227778
0 0.559375 0.601389 0.115625 0.375000
0 0.773438 0.384722 0.050000 0.102778
0 0.719531 0.327778 0.054688 0.144444
0 0.579688 0.201389 0.125000 0.102778
0 0.778906 0.248611 0.067187 0.086111
0 0.688281 0.243056 0.064062 0.097222
0 0.694531 0.436111 0.139063 0.177778
0 0.735938 0.223611 0.056250 0.119444