0 0.544141 0.179028 0.164844 0.103056
0 0.550234 0.227083 0.165469 0.128056
0 0.587109 0.314306 0.174531 0.225833
0 0.662891 0.225417 0.087344 0.226389
0 0.727344 0.266944 0.099687 0.277222
0 0.756563 0.220139 0.068750 0.230278
0 0.071641 0.679861 0.060469 0.160278
0 0.104844 0.579583 0.047500 0.136944
0 0.151875 0.831250 0.090312 0.168611
0 0.319844 0.924861 0.194687 0.150278
0 0.307734 0.562917 0.166719 0.172500
0 0.261797 0.683750 0.125781 0.213056
0 0.360312 0.288472 0.127812 0.174722
0 0.093672 0.627639 0.078906 0.150833
0 0.379219 0.740139 0.203437 0.314167
0 0.476250 0.321389 0.109062 0.225556
0 0.159531 0.628750 0.102813 0.111389
0 0.413516 0.400417 0.083594 0.259167
0 0.396172 0.311806 0.110781 0.175833
0 0.558750 0.501667 0.152188 0.376111
0 0.257891 0.401806 0.073906 0.194722
0 0.450313 0.568333 0.105313 0.313889
0 0.678438 0.699722 0.231250 0.305556
0 0.693281 0.866806 0.156250 0.240833
0 0.223594 0.409028 0.052812 0.106944
0 0.247969 0.217917 0.055000 0.074167
0 0.411953 0.208750 0.127656 0.113611
0 0.242344 0.293472 0.074375 0.098056
0 0.297344 0.440000 0.142187 0.239444
0 0.329688 0.225972 0.048750 0.070833
0 0.290938 0.240278 0.068125 0.100000