0 0.731016 0.816944 0.155469 0.366111
0 0.778203 0.435417 0.120781 0.338056
0 0.417578 0.751528 0.223281 0.376389
0 0.346484 0.816111 0.200156 0.182222
0 0.308438 0.943333 0.226562 0.113333
0 0.530078 0.335556 0.133906 0.279444
0 0.611953 0.333889 0.148906 0.282222
0 0.716172 0.361667 0.109219 0.273333
0 0.512813 0.983056 0.145625 0.033889
0 0.561562 0.179583 0.140625 0.114722
0 0.733594 0.225139 0.170313 0.117500
0 0.711328 0.148750 0.165469 0.094167
0 0.431719 0.230972 0.142187 0.164722
0 0.334062 0.229444 0.089375 0.108889
0 0.368750 0.176528 0.102500 0.055833
0 0.261406 0.644028 0.145625 0.214722
0 0.150469 0.852778 0.142187 0.202778
0 0.063594 0.602917 0.051250 0.167500
0 0.268750 0.285417 0.051250 0.185278
0 0.231563 0.219167 0.072813 0.070556
0 0.190156 0.326528 0.023125 0.055833
0 0.242266 0.302917 0.041406 0.155833
0 0.291875 0.435417 0.153750 0.314722
0 0.200156 0.270833 0.072813 0.079444
0 0.152188 0.669306 0.095937 0.223611
0 0.091016 0.767639 0.059531 0.155833
0 0.324141 0.888056 0.218281 0.191111
0 0.207578 0.329583 0.031406 0.126389
0 0.228984 0.436944 0.054531 0.100000
0 0.122422 0.610278 0.082656 0.152778
0 0.100078 0.547083 0.037969 0.085278
0 0.092578 0.507500 0.026406 0.041111