0 0.523906 0.170972 0.164062 0.135833
0 0.533281 0.217500 0.166563 0.160556
0 0.558594 0.298472 0.200000 0.258611
0 0.642500 0.191944 0.101250 0.241111
0 0.709375 0.219028 0.116875 0.293611
0 0.735156 0.165972 0.083437 0.240833
0 0.170781 0.732361 0.080625 0.152500
0 0.197656 0.833750 0.115312 0.332500
0 0.351406 0.933194 0.202813 0.133611
0 0.354453 0.326667 0.137344 0.183333
0 0.118047 0.664028 0.051406 0.127500
0 0.390156 0.343750 0.133438 0.219167
0 0.553047 0.490417 0.164531 0.398611
0 0.085000 0.771667 0.049688 0.156111
0 0.219922 0.474306 0.059844 0.183056
0 0.110625 0.774861 0.074063 0.221944
0 0.717266 0.821528 0.169844 0.270278
0 0.325156 0.592500 0.188125 0.273333
0 0.451406 0.617917 0.150313 0.404722
0 0.377266 0.686250 0.161406 0.365833
0 0.441406 0.380000 0.126875 0.272778
0 0.402813 0.214306 0.110625 0.108611
0 0.311250 0.314722 0.135625 0.241111
0 0.693281 0.513194 0.257188 0.308056
0 0.188516 0.350139 0.090781 0.195278
0 0.285938 0.308472 0.066250 0.097500
0 0.305703 0.475833 0.139531 0.234444
0 0.251094 0.766389 0.148750 0.343333
0 0.205313 0.359167 0.108125 0.158333
0 0.132500 0.651111 0.036250 0.096111