0 0.573906 0.189028 0.155313 0.104722
0 0.574297 0.245278 0.168594 0.145556
0 0.602812 0.341667 0.180938 0.243333
0 0.685547 0.275694 0.094531 0.234167
0 0.745547 0.335278 0.108594 0.286111
0 0.778594 0.297222 0.076250 0.236111
0 0.060937 0.554861 0.065625 0.165833
0 0.102813 0.465278 0.051875 0.141111
0 0.126328 0.727222 0.095469 0.177222
0 0.282734 0.878750 0.199219 0.192500
0 0.473906 0.948472 0.072500 0.103056
0 0.307266 0.465694 0.177031 0.278056
0 0.318359 0.276389 0.108594 0.190556
0 0.248359 0.613194 0.132344 0.225278
0 0.381328 0.251250 0.132969 0.187500
0 0.045391 0.589444 0.083281 0.128333
0 0.170547 0.512500 0.057969 0.093333
0 0.493047 0.336528 0.116094 0.235833
0 0.426719 0.366389 0.085938 0.243333
0 0.414609 0.284444 0.116094 0.186667
0 0.539922 0.528750 0.164219 0.389722
0 0.437344 0.570139 0.125937 0.344167
0 0.657969 0.748194 0.240000 0.328611
0 0.657656 0.894583 0.163437 0.210833
0 0.229375 0.329722 0.043750 0.109444
0 0.316016 0.214444 0.101406 0.123889
0 0.346406 0.168889 0.093437 0.070556
0 0.439531 0.187361 0.130625 0.126944
0 0.305312 0.382778 0.149375 0.253333
0 0.257812 0.177778 0.091563 0.138333
0 0.259922 0.316528 0.052969 0.111389
0 0.240859 0.210417 0.094844 0.116944
0 0.120937 0.477500 0.041563 0.122778