0 0.577734 0.198333 0.162969 0.123889
0 0.578906 0.247778 0.164688 0.148889
0 0.597187 0.342917 0.184062 0.248056
0 0.687578 0.281111 0.096406 0.236111
0 0.732109 0.329167 0.087656 0.263889
0 0.780312 0.305000 0.078125 0.237222
0 0.102500 0.463611 0.065312 0.228889
0 0.284453 0.865278 0.195156 0.212778
0 0.421172 0.292778 0.129531 0.211111
0 0.068281 0.544028 0.063125 0.155278
0 0.146406 0.489028 0.089375 0.139722
0 0.124766 0.688611 0.115781 0.145556
0 0.367031 0.463889 0.139063 0.237778
0 0.367266 0.604028 0.162656 0.373056
0 0.488906 0.360278 0.140000 0.270556
0 0.400938 0.257361 0.135313 0.185278
0 0.312031 0.387083 0.158125 0.225833
0 0.353672 0.257917 0.123281 0.188056
0 0.344922 0.314722 0.091406 0.083333
0 0.475781 0.606528 0.189062 0.400833
0 0.443828 0.176250 0.132344 0.122500
0 0.738750 0.498472 0.132812 0.339167
0 0.212344 0.644167 0.121875 0.293333
0 0.263750 0.335278 0.083125 0.200556
0 0.225625 0.210417 0.049375 0.114167
0 0.289375 0.514861 0.171875 0.226389
0 0.323125 0.799861 0.231562 0.272500
0 0.270859 0.183056 0.086719 0.103889
0 0.348281 0.179583 0.093125 0.108056