0 0.552344 0.201250 0.149375 0.084167
0 0.556875 0.247222 0.149375 0.107778
0 0.573125 0.326111 0.173125 0.186667
0 0.661094 0.255278 0.076875 0.207778
0 0.721172 0.301389 0.087344 0.257778
0 0.749922 0.257917 0.059219 0.213056
0 0.322422 0.898333 0.174531 0.147222
0 0.380078 0.297500 0.118281 0.139444
0 0.123438 0.557778 0.054688 0.139444
0 0.411875 0.323611 0.110937 0.176111
0 0.550234 0.507778 0.124219 0.344444
0 0.093906 0.632639 0.040000 0.120833
0 0.167031 0.574722 0.076875 0.089444
0 0.670859 0.856250 0.125781 0.231389
0 0.150078 0.762917 0.063594 0.113056
0 0.443672 0.597222 0.109531 0.355000
0 0.365313 0.543056 0.112500 0.283889
0 0.377812 0.624722 0.116875 0.326111
0 0.467422 0.372361 0.091719 0.231389
0 0.425859 0.213056 0.118281 0.086667
0 0.302500 0.407778 0.110937 0.255000
0 0.316484 0.281528 0.097656 0.155278
0 0.533203 0.820694 0.158281 0.302500
0 0.241797 0.399861 0.037031 0.076389
0 0.283984 0.587778 0.153906 0.205000
0 0.192969 0.743194 0.099062 0.241944
0 0.203281 0.326111 0.060625 0.107778
0 0.267734 0.248750 0.053281 0.063056
0 0.227812 0.268333 0.050313 0.128889
0 0.142656 0.530139 0.022187 0.063056