0 0.722969 0.797917 0.153750 0.380833
0 0.747188 0.422778 0.146562 0.327778
0 0.524297 0.341528 0.131406 0.271389
0 0.600703 0.325694 0.143594 0.255278
0 0.352813 0.896528 0.253125 0.184167
0 0.526719 0.961111 0.124687 0.076667
0 0.294219 0.489861 0.144063 0.280278
0 0.715313 0.225972 0.155313 0.131389
0 0.683047 0.172083 0.186406 0.121944
0 0.429609 0.252639 0.140469 0.171944
0 0.319609 0.259167 0.087969 0.118889
0 0.365391 0.202222 0.093281 0.066667
0 0.272891 0.642639 0.150156 0.189167
0 0.214609 0.826944 0.145469 0.183333
0 0.088750 0.623194 0.063750 0.156389
0 0.281953 0.297778 0.049844 0.161111
0 0.240469 0.250139 0.070000 0.073611
0 0.253672 0.327083 0.038594 0.143611
0 0.217266 0.305694 0.062656 0.092500
0 0.300391 0.400694 0.130781 0.235278
0 0.171250 0.683472 0.095937 0.210833
0 0.123047 0.783750 0.073281 0.165278
0 0.329922 0.810417 0.166094 0.120833
0 0.327969 0.941250 0.200625 0.117500
0 0.359063 0.776667 0.198125 0.164444
0 0.422266 0.725556 0.204844 0.353333
0 0.222188 0.353889 0.040000 0.132778
0 0.238594 0.444722 0.046875 0.088889
0 0.197891 0.356806 0.024531 0.056944
0 0.123438 0.593333 0.052187 0.122222
0 0.112109 0.528611 0.030469 0.040556
0 0.134766 0.612083 0.052031 0.111389