0 0.730859 0.816806 0.156094 0.366389
0 0.778125 0.434444 0.121250 0.339444
0 0.416328 0.760556 0.224219 0.360000
0 0.339062 0.816528 0.212500 0.183056
0 0.306719 0.943750 0.227500 0.112500
0 0.525859 0.334028 0.141094 0.280278
0 0.614609 0.332500 0.112969 0.283333
0 0.720938 0.300139 0.185938 0.183056
0 0.563203 0.173194 0.136094 0.106389
0 0.730859 0.199583 0.166094 0.118056
0 0.713516 0.140833 0.171094 0.082778
0 0.429531 0.215972 0.144375 0.191944
0 0.334766 0.224861 0.077969 0.126944
0 0.355625 0.168750 0.106250 0.091389
0 0.251875 0.646944 0.144375 0.209444
0 0.190469 0.750139 0.137813 0.250833
0 0.068281 0.587917 0.069687 0.191944
0 0.486016 0.255833 0.097969 0.224444
0 0.249297 0.282222 0.039844 0.141667
0 0.221172 0.227639 0.059844 0.109167
0 0.186250 0.317778 0.026562 0.065000
0 0.235313 0.307361 0.041563 0.156389
0 0.268437 0.196806 0.074687 0.100278
0 0.288281 0.434444 0.144375 0.310000
0 0.144766 0.667639 0.086406 0.203611
0 0.098281 0.785694 0.079687 0.174167
0 0.285078 0.254306 0.054844 0.174167
0 0.321563 0.897917 0.227500 0.191944
0 0.205391 0.328056 0.034844 0.132778
0 0.224453 0.428472 0.049844 0.097500
0 0.124844 0.546528 0.069687 0.079722