0 0.729141 0.782917 0.161406 0.389722
0 0.752344 0.405417 0.139063 0.334722
0 0.521016 0.339861 0.136719 0.279167
0 0.597344 0.329028 0.149375 0.283611
0 0.385391 0.902917 0.244844 0.188056
0 0.536406 0.958333 0.125937 0.083333
0 0.294141 0.503750 0.149531 0.289167
0 0.709297 0.211667 0.157656 0.141111
0 0.675859 0.160417 0.188281 0.134167
0 0.424531 0.257639 0.143750 0.180833
0 0.314688 0.271389 0.090312 0.124444
0 0.359219 0.211528 0.094375 0.072500
0 0.276094 0.657917 0.153750 0.198611
0 0.221719 0.845694 0.148750 0.192500
0 0.091719 0.650556 0.066875 0.160000
0 0.277969 0.312222 0.053125 0.163889
0 0.235391 0.267639 0.071406 0.078056
0 0.250156 0.343472 0.041563 0.145833
0 0.213438 0.324583 0.064375 0.096389
0 0.305000 0.424306 0.148438 0.261389
0 0.177656 0.706389 0.095312 0.213333
0 0.129375 0.808611 0.076563 0.169444
0 0.388047 0.754861 0.247656 0.221389
0 0.336172 0.932361 0.208281 0.135278
0 0.365000 0.785694 0.200937 0.176944
0 0.427031 0.730694 0.211563 0.365833
0 0.219297 0.372500 0.042656 0.135000
0 0.237578 0.460694 0.052344 0.105833
0 0.195156 0.376944 0.025625 0.058333
0 0.122266 0.611944 0.044531 0.105000
0 0.112891 0.554583 0.031094 0.042500
0 0.137422 0.636389 0.054219 0.114444