0 0.536406 0.174583 0.162187 0.118056
0 0.543906 0.222222 0.163750 0.142778
0 0.574609 0.315694 0.182969 0.258611
0 0.653984 0.209722 0.093906 0.233333
0 0.703516 0.238056 0.084844 0.261667
0 0.747266 0.195000 0.075469 0.235556
0 0.134453 0.838750 0.054531 0.116944
0 0.264687 0.900139 0.215000 0.199722
0 0.224375 0.370417 0.067187 0.121944
0 0.438125 0.647083 0.152188 0.386389
0 0.478516 0.378472 0.165469 0.249722
0 0.377422 0.288472 0.126719 0.165833
0 0.732891 0.781528 0.165156 0.372500
0 0.343750 0.264028 0.073750 0.128611
0 0.403281 0.326806 0.144063 0.199167
0 0.281875 0.675139 0.155313 0.258611
0 0.752891 0.457778 0.108594 0.402778
0 0.265391 0.333472 0.067344 0.097500
0 0.639141 0.737639 0.224219 0.383611
0 0.206797 0.325000 0.071719 0.120000
0 0.417812 0.204028 0.132812 0.115278
0 0.222344 0.759028 0.121562 0.312500
0 0.533828 0.736667 0.220469 0.423889
0 0.118203 0.579167 0.072656 0.136667
0 0.299922 0.255694 0.083281 0.108611
0 0.310156 0.478611 0.152812 0.293889
0 0.292031 0.384306 0.122812 0.255278
0 0.225234 0.463750 0.054531 0.165833
0 0.175391 0.800000 0.074531 0.218889
0 0.100234 0.713750 0.112344 0.209722
0 0.158125 0.708333 0.135625 0.186667