0 0.684297 0.827639 0.187969 0.344722
0 0.766016 0.476806 0.141719 0.399167
0 0.381484 0.737361 0.243594 0.302500
0 0.318594 0.806250 0.225312 0.281944
0 0.283047 0.888611 0.227344 0.171667
0 0.536094 0.350417 0.151875 0.293611
0 0.619297 0.365139 0.126406 0.298056
0 0.673438 0.337778 0.124375 0.273333
0 0.748281 0.368889 0.145937 0.276111
0 0.586016 0.204167 0.129844 0.107222
0 0.473438 0.314028 0.157187 0.265278
0 0.716016 0.226111 0.179219 0.138333
0 0.453047 0.230694 0.158281 0.200833
0 0.390859 0.177361 0.138281 0.139167
0 0.284844 0.467083 0.170938 0.246944
0 0.172031 0.774444 0.165313 0.232222
0 0.357812 0.259167 0.092812 0.138889
0 0.138516 0.564306 0.127031 0.228056
0 0.272422 0.618194 0.185469 0.218056
0 0.174063 0.626389 0.101875 0.276111
0 0.320469 0.363611 0.150938 0.204444
0 0.297422 0.265417 0.075156 0.185833
0 0.281094 0.251667 0.081563 0.190000
0 0.268516 0.168472 0.069531 0.114167
0 0.218437 0.257083 0.025312 0.070833
0 0.254844 0.234028 0.065938 0.126944
0 0.120000 0.426667 0.020000 0.042778
0 0.315703 0.171667 0.086094 0.091111
0 0.232187 0.312361 0.036250 0.076389
0 0.127656 0.471944 0.068750 0.122222