0 0.736953 0.761250 0.171406 0.401389
0 0.742188 0.383889 0.161562 0.347778
0 0.516250 0.338333 0.143750 0.289444
0 0.592109 0.320278 0.156406 0.295000
0 0.397188 0.904167 0.248125 0.191667
0 0.549766 0.953611 0.127344 0.092778
0 0.294531 0.522778 0.156875 0.300556
0 0.700703 0.192917 0.160469 0.154722
0 0.665781 0.144444 0.190625 0.150556
0 0.417500 0.265000 0.147812 0.192778
0 0.308125 0.288889 0.093125 0.131667
0 0.351016 0.224861 0.095781 0.080833
0 0.281016 0.678333 0.158281 0.211111
0 0.232187 0.870972 0.153125 0.204722
0 0.096641 0.688056 0.071094 0.165000
0 0.272656 0.333194 0.057500 0.167500
0 0.228828 0.292222 0.072969 0.083889
0 0.245859 0.366944 0.045469 0.148333
0 0.208594 0.351250 0.066562 0.101389
0 0.305234 0.415556 0.139219 0.245000
0 0.184141 0.735972 0.100781 0.220278
0 0.138906 0.842639 0.080937 0.175278
0 0.403281 0.784306 0.240313 0.204722
0 0.348828 0.935833 0.200469 0.128333
0 0.373437 0.797917 0.204375 0.194167
0 0.433828 0.737083 0.220469 0.382500
0 0.215938 0.398611 0.046250 0.137778
0 0.236875 0.485139 0.055000 0.109722
0 0.191953 0.405417 0.027031 0.060278
0 0.126094 0.646528 0.047188 0.108056
0 0.115000 0.590278 0.032188 0.045000
0 0.141797 0.669722 0.057031 0.118333