0 0.574922 0.196250 0.162344 0.119722
0 0.576641 0.245556 0.163906 0.144444
0 0.595234 0.348472 0.183594 0.260278
0 0.685547 0.275694 0.094531 0.234167
0 0.730625 0.322639 0.085625 0.262500
0 0.778594 0.297222 0.076250 0.236111
0 0.099453 0.544306 0.071719 0.115278
0 0.166016 0.635972 0.113906 0.298056
0 0.314844 0.443333 0.173750 0.274444
0 0.261641 0.203750 0.108281 0.185278
0 0.399609 0.608611 0.106406 0.348333
0 0.490469 0.363889 0.143125 0.252222
0 0.398594 0.264583 0.154375 0.210833
0 0.693125 0.838611 0.166250 0.322778
0 0.353750 0.226250 0.120000 0.151944
0 0.418906 0.303333 0.161562 0.203889
0 0.468437 0.601250 0.112187 0.368611
0 0.440625 0.183472 0.130937 0.108056
0 0.751953 0.555972 0.109844 0.403611
0 0.280234 0.320556 0.085156 0.232222
0 0.229063 0.297639 0.057188 0.104167
0 0.222266 0.230556 0.047031 0.088333
0 0.249844 0.602222 0.132812 0.307222
0 0.446484 0.775833 0.169844 0.358333
0 0.338281 0.185278 0.107500 0.125000
0 0.125547 0.465694 0.060156 0.101944
0 0.162734 0.501111 0.050781 0.100000
0 0.119766 0.630833 0.095469 0.177222