0 0.710156 0.811111 0.160938 0.372222
0 0.761719 0.412500 0.114062 0.375000
0 0.400781 0.763889 0.226562 0.250000
0 0.348438 0.861111 0.240625 0.205556
0 0.314844 0.937500 0.220312 0.119444
0 0.524219 0.343056 0.132812 0.263889
0 0.607812 0.337500 0.106250 0.275000
0 0.677344 0.308333 0.142187 0.255556
0 0.742969 0.277778 0.117188 0.227778
0 0.546094 0.838889 0.120313 0.316667
0 0.556250 0.201389 0.134375 0.108333
0 0.694531 0.176389 0.170313 0.091667
0 0.432031 0.233333 0.139063 0.172222
0 0.350000 0.204167 0.050000 0.058333
0 0.400000 0.195833 0.115625 0.158333
0 0.315625 0.434722 0.140625 0.191667
0 0.190625 0.855556 0.150000 0.194444
0 0.115625 0.743056 0.059375 0.063889
0 0.341406 0.275000 0.079687 0.116667
0 0.083594 0.672222 0.079687 0.111111
0 0.154688 0.609722 0.112500 0.147222
0 0.289062 0.613889 0.137500 0.227778
0 0.207031 0.693056 0.079687 0.263889
0 0.350781 0.490278 0.173437 0.191667
0 0.292969 0.315278 0.054688 0.163889
0 0.258594 0.227778 0.057813 0.111111
0 0.246875 0.341667 0.053125 0.166667
0 0.201563 0.272222 0.090625 0.083333
0 0.207813 0.318056 0.025000 0.075000
0 0.128125 0.536111 0.025000 0.061111
0 0.225781 0.329167 0.042188 0.119444
0 0.296875 0.212500 0.059375 0.058333