0 0.566016 0.189722 0.160469 0.105556
0 0.569141 0.238889 0.161406 0.130556
0 0.591094 0.331667 0.177187 0.228889
0 0.678750 0.258889 0.088438 0.227778
0 0.740312 0.314167 0.101250 0.281667
0 0.772188 0.271667 0.070000 0.231111
0 0.105859 0.513750 0.047031 0.148611
0 0.298672 0.898889 0.189219 0.175000
0 0.413516 0.303056 0.123281 0.198333
0 0.558984 0.513194 0.155781 0.378611
0 0.071016 0.596250 0.057969 0.149722
0 0.153437 0.539722 0.083125 0.116667
0 0.132891 0.733611 0.111719 0.133333
0 0.437266 0.595000 0.127969 0.386667
0 0.352187 0.498194 0.159375 0.254722
0 0.371641 0.617083 0.150156 0.353056
0 0.470313 0.360556 0.105000 0.254444
0 0.388828 0.269583 0.136406 0.171944
0 0.301172 0.406528 0.144844 0.241944
0 0.344922 0.269167 0.118281 0.189444
0 0.690391 0.818056 0.200156 0.358333
0 0.431641 0.183889 0.129531 0.107778
0 0.223516 0.666806 0.122656 0.319722
0 0.257188 0.366944 0.077812 0.187778
0 0.281953 0.580972 0.133281 0.221389
0 0.751563 0.515694 0.115312 0.376944
0 0.215156 0.244306 0.045625 0.109722
0 0.239609 0.214722 0.035156 0.072778
0 0.299531 0.199028 0.118750 0.159167