0 0.444531 0.183333 0.157812 0.088889
0 0.439844 0.231944 0.157812 0.113889
0 0.414844 0.322222 0.170313 0.211111
0 0.329688 0.240278 0.081250 0.219444
0 0.269531 0.288889 0.095312 0.272222
0 0.235937 0.243056 0.062500 0.225000
0 0.896875 0.554167 0.050000 0.219444
0 0.687500 0.919444 0.184375 0.155556
0 0.592969 0.312500 0.117188 0.186111
0 0.925000 0.641667 0.053125 0.144444
0 0.851562 0.569444 0.081250 0.122222
0 0.858594 0.772222 0.107813 0.122222
0 0.634375 0.494444 0.125000 0.211111
0 0.624219 0.602778 0.139063 0.283333
0 0.534375 0.343056 0.096875 0.202778
0 0.618750 0.281944 0.131250 0.158333
0 0.694531 0.427778 0.145313 0.227778
0 0.662500 0.293056 0.112500 0.163889
0 0.461719 0.511111 0.173437 0.322222
0 0.554688 0.584722 0.106250 0.347222
0 0.578906 0.191667 0.126562 0.094444
0 0.339062 0.698611 0.212500 0.397222
0 0.766406 0.700000 0.104688 0.255556
0 0.750781 0.386111 0.070312 0.161111
0 0.691406 0.570833 0.139063 0.163889
0 0.792969 0.275000 0.042188 0.105556
0 0.638281 0.806944 0.210938 0.175000
0 0.750000 0.237500 0.081250 0.086111
0 0.670312 0.190278 0.087500 0.141667