0 0.444531 0.183333 0.157812 0.088889
0 0.439844 0.231944 0.157812 0.113889
0 0.414844 0.322222 0.170313 0.211111
0 0.329688 0.240278 0.081250 0.219444
0 0.266406 0.288889 0.092188 0.272222
0 0.235937 0.243056 0.062500 0.225000
0 0.687500 0.919444 0.184375 0.155556
0 0.626563 0.284722 0.125000 0.147222
0 0.897656 0.559722 0.057813 0.147222
0 0.592969 0.312500 0.117188 0.186111
0 0.446875 0.506944 0.131250 0.363889
0 0.928906 0.638889 0.042188 0.127778
0 0.851562 0.577778 0.081250 0.094444
0 0.319531 0.875000 0.132812 0.244444
0 0.865625 0.791667 0.068750 0.116667
0 0.559375 0.601389 0.115625 0.375000
0 0.642188 0.544444 0.118750 0.300000
0 0.628906 0.630556 0.123438 0.344444
0 0.534375 0.363889 0.096875 0.244444
0 0.578125 0.195833 0.125000 0.091667
0 0.708594 0.401389 0.117188 0.269444
0 0.693750 0.268056 0.103125 0.163889
0 0.457031 0.819444 0.160938 0.344444
0 0.772656 0.393056 0.039062 0.080556
0 0.729688 0.594444 0.159375 0.211111
0 0.842187 0.722222 0.096875 0.205556
0 0.817187 0.290278 0.056250 0.163889
0 0.742188 0.233333 0.053125 0.066667
0 0.782031 0.247222 0.048438 0.138889
0 0.878125 0.526389 0.025000 0.063889