0 0.704141 0.816389 0.167969 0.367222
0 0.763203 0.428333 0.121094 0.381667
0 0.377891 0.719306 0.192344 0.186389
0 0.337188 0.837639 0.213750 0.245833
0 0.306562 0.925972 0.222500 0.132500
0 0.527188 0.344444 0.137813 0.271667
0 0.610859 0.343889 0.111406 0.281111
0 0.676016 0.327222 0.137344 0.246667
0 0.730469 0.299861 0.141562 0.224722
0 0.511797 0.740972 0.137344 0.415833
0 0.565000 0.203611 0.133125 0.113333
0 0.700547 0.188194 0.172031 0.101944
0 0.433047 0.242917 0.150156 0.186389
0 0.374375 0.202083 0.136250 0.110833
0 0.292891 0.417917 0.102344 0.216944
0 0.187109 0.840972 0.156719 0.206389
0 0.101641 0.729028 0.061406 0.109167
0 0.343281 0.273889 0.076875 0.104444
0 0.151172 0.631944 0.114844 0.217778
0 0.288438 0.605417 0.147812 0.228056
0 0.201172 0.679167 0.092656 0.277222
0 0.335781 0.504167 0.168750 0.182222
0 0.294688 0.283333 0.049375 0.133333
0 0.271172 0.286250 0.062656 0.175833
0 0.250703 0.208472 0.064531 0.111944
0 0.208359 0.300278 0.020156 0.076111
0 0.238672 0.267639 0.061406 0.109167
0 0.112187 0.505833 0.010000 0.036667
0 0.292266 0.206667 0.055781 0.058889
0 0.225078 0.362639 0.044219 0.110833
0 0.124609 0.513611 0.029844 0.090556