0 0.710156 0.811111 0.160938 0.372222
0 0.743750 0.412500 0.150000 0.375000
0 0.400781 0.763889 0.226562 0.250000
0 0.348438 0.861111 0.240625 0.205556
0 0.314844 0.937500 0.220312 0.119444
0 0.524219 0.343056 0.132812 0.263889
0 0.586719 0.355556 0.092188 0.266667
0 0.652344 0.316667 0.085938 0.250000
0 0.748437 0.279167 0.112500 0.230556
0 0.692187 0.194444 0.153125 0.177778
0 0.556250 0.201389 0.134375 0.108333
0 0.760156 0.158333 0.029687 0.050000
0 0.432812 0.226389 0.140625 0.169444
0 0.366406 0.202778 0.101562 0.094444
0 0.302344 0.455556 0.132812 0.211111
0 0.328906 0.565278 0.157812 0.169444
0 0.185156 0.837500 0.135937 0.186111
0 0.112500 0.755556 0.071875 0.133333
0 0.341406 0.275000 0.079687 0.116667
0 0.250000 0.751389 0.156250 0.269444
0 0.151562 0.626389 0.109375 0.169444
0 0.288281 0.609722 0.139063 0.141667
0 0.202344 0.683333 0.070312 0.227778
0 0.294531 0.368056 0.126562 0.230556
0 0.286719 0.280556 0.042188 0.077778
0 0.267188 0.223611 0.093750 0.097222
0 0.306250 0.202778 0.021875 0.022222
0 0.245312 0.333333 0.056250 0.161111
0 0.213281 0.247222 0.039062 0.094444
0 0.204687 0.308333 0.025000 0.055556
0 0.128125 0.536111 0.031250 0.061111
0 0.220312 0.333333 0.040625 0.100000