0 0.527734 0.172222 0.163594 0.130556
0 0.536641 0.218750 0.165781 0.155278
0 0.569688 0.309444 0.187812 0.271111
0 0.646094 0.197222 0.099062 0.238889
0 0.696484 0.221667 0.090781 0.266111
0 0.739062 0.174583 0.080937 0.239167
0 0.132812 0.723889 0.077812 0.150000
0 0.397188 0.334028 0.141875 0.210278
0 0.091953 0.754722 0.064844 0.157222
0 0.167422 0.648333 0.090156 0.118333
0 0.168828 0.865833 0.117031 0.150000
0 0.304453 0.524028 0.168906 0.209722
0 0.351562 0.926250 0.193437 0.147500
0 0.415234 0.662222 0.105781 0.369444
0 0.467500 0.371111 0.142813 0.275000
0 0.362969 0.322500 0.145313 0.181667
0 0.307734 0.470972 0.171719 0.277500
0 0.326484 0.339306 0.122344 0.194167
0 0.487969 0.607361 0.133438 0.374167
0 0.396094 0.222083 0.132187 0.116389
0 0.746094 0.438472 0.144375 0.414722
0 0.245391 0.444306 0.076719 0.189722
0 0.279687 0.712083 0.147812 0.244167
0 0.191172 0.356806 0.050781 0.115833
0 0.379922 0.868194 0.218594 0.263611
0 0.345313 0.712361 0.165000 0.251389
0 0.297656 0.271389 0.109375 0.131667
0 0.209141 0.326389 0.066094 0.120000
0 0.207891 0.412500 0.042031 0.067778