0 0.282813 0.811111 0.146875 0.372222
0 0.238281 0.437500 0.114062 0.319444
0 0.578906 0.744444 0.210938 0.338889
0 0.651563 0.797222 0.200000 0.172222
0 0.682031 0.930556 0.214062 0.133333
0 0.475781 0.343056 0.132812 0.263889
0 0.392188 0.341667 0.106250 0.266667
0 0.292969 0.318056 0.176563 0.163889
0 0.442188 0.204167 0.137500 0.119444
0 0.285156 0.222222 0.151562 0.100000
0 0.298438 0.168056 0.162500 0.091667
0 0.564063 0.227778 0.137500 0.183333
0 0.661719 0.244444 0.073438 0.122222
0 0.635938 0.187500 0.100000 0.086111
0 0.733594 0.651389 0.135937 0.169444
0 0.838281 0.818056 0.129688 0.175000
0 0.906250 0.581944 0.065625 0.180556
0 0.461719 0.540278 0.145313 0.352778
0 0.739062 0.359722 0.021875 0.086111
0 0.762500 0.243056 0.056250 0.102778
0 0.795312 0.327778 0.025000 0.061111
0 0.749219 0.318056 0.039062 0.147222
0 0.705469 0.454167 0.126562 0.280556
0 0.828906 0.661111 0.098437 0.222222
0 0.712500 0.265278 0.056250 0.191667
0 0.667188 0.870833 0.206250 0.186111
0 0.775781 0.337500 0.032813 0.125000
0 0.757031 0.434722 0.045312 0.086111