0 0.555469 0.183333 0.157812 0.088889
0 0.560156 0.231944 0.157812 0.113889
0 0.585156 0.322222 0.170313 0.211111
0 0.670312 0.240278 0.081250 0.219444
0 0.730469 0.288889 0.095312 0.272222
0 0.764062 0.243056 0.062500 0.225000
0 0.103125 0.554167 0.050000 0.219444
0 0.312500 0.919444 0.184375 0.155556
0 0.407031 0.312500 0.117188 0.186111
0 0.075000 0.641667 0.053125 0.144444
0 0.148438 0.569444 0.081250 0.122222
0 0.141406 0.772222 0.107813 0.122222
0 0.365625 0.494444 0.125000 0.211111
0 0.375781 0.602778 0.139063 0.283333
0 0.465625 0.348611 0.096875 0.213889
0 0.381250 0.281944 0.131250 0.158333
0 0.305469 0.427778 0.145313 0.227778
0 0.337500 0.293056 0.112500 0.163889
0 0.537500 0.519444 0.156250 0.300000
0 0.444531 0.583333 0.114062 0.338889
0 0.421094 0.191667 0.126562 0.094444
0 0.666406 0.702778 0.210938 0.388889
0 0.233594 0.700000 0.104688 0.255556
0 0.246875 0.390278 0.065625 0.186111
0 0.296094 0.550000 0.129688 0.150000
0 0.207031 0.275000 0.042188 0.105556
0 0.361719 0.806944 0.210938 0.175000
0 0.250000 0.237500 0.081250 0.086111
0 0.325781 0.190278 0.079687 0.141667