0 0.728281 0.785139 0.160312 0.388611
0 0.745625 0.408472 0.152188 0.335278
0 0.521484 0.340139 0.136094 0.278056
0 0.597734 0.329722 0.148594 0.282222
0 0.392109 0.900833 0.257656 0.198333
0 0.548672 0.947917 0.126406 0.103056
0 0.302266 0.509167 0.151406 0.271667
0 0.709844 0.206806 0.157812 0.153611
0 0.676875 0.161806 0.188125 0.132500
0 0.425234 0.256806 0.143281 0.179722
0 0.309219 0.274583 0.099375 0.127500
0 0.357734 0.209028 0.095781 0.069167
0 0.262500 0.662778 0.140000 0.217778
0 0.217422 0.840833 0.151406 0.191667
0 0.091172 0.646667 0.066406 0.159444
0 0.278516 0.310417 0.052656 0.163611
0 0.236016 0.265000 0.071094 0.077222
0 0.249844 0.339861 0.039688 0.148056
0 0.213906 0.322083 0.064062 0.095833
0 0.301172 0.438472 0.157344 0.264167
0 0.177578 0.696528 0.102656 0.216389
0 0.128516 0.805278 0.076094 0.168889
0 0.331797 0.820417 0.170469 0.158056
0 0.332813 0.937917 0.202813 0.124167
0 0.353437 0.770417 0.187812 0.126944
0 0.219844 0.375556 0.035625 0.122778
0 0.428281 0.697778 0.213438 0.273333
0 0.240156 0.460833 0.053125 0.094444
0 0.146719 0.641528 0.086250 0.148056
0 0.192969 0.369028 0.024063 0.063611
0 0.108828 0.551389 0.029531 0.042222
0 0.123125 0.619444 0.049688 0.127222