0 0.687656 0.831528 0.177500 0.336944
0 0.763984 0.510139 0.140469 0.346944
0 0.400781 0.720000 0.237812 0.392778
0 0.324375 0.751944 0.212500 0.225000
0 0.282813 0.875556 0.223125 0.190556
0 0.537500 0.351667 0.154062 0.297222
0 0.620703 0.369028 0.128906 0.300833
0 0.721172 0.359028 0.190469 0.213611
0 0.582812 0.223750 0.146250 0.155833
0 0.731094 0.281667 0.152188 0.120000
0 0.730312 0.226528 0.160000 0.124722
0 0.457656 0.216944 0.153125 0.216667
0 0.362578 0.193333 0.100469 0.148333
0 0.400625 0.154722 0.096250 0.101667
0 0.249766 0.594861 0.155156 0.222500
0 0.156641 0.753333 0.157969 0.220556
0 0.091484 0.469583 0.080469 0.196389
0 0.456094 0.469583 0.197188 0.341389
0 0.284766 0.277222 0.042031 0.118889
0 0.262734 0.176667 0.067031 0.112222
0 0.223125 0.248889 0.030000 0.067222
0 0.268203 0.250000 0.045469 0.157222
0 0.303437 0.370833 0.153438 0.323889
0 0.147187 0.564861 0.144375 0.254167
0 0.101484 0.643750 0.071719 0.129722
0 0.311016 0.194444 0.056094 0.176111
0 0.300547 0.808611 0.226094 0.242222
0 0.240156 0.263472 0.043750 0.138056
0 0.249375 0.365556 0.054062 0.100556
0 0.135234 0.466111 0.070469 0.100000