0 0.713359 0.805556 0.143906 0.364444
0 0.747031 0.439444 0.131562 0.312778
0 0.423281 0.732222 0.206562 0.348333
0 0.357578 0.791806 0.185156 0.168611
0 0.322344 0.922500 0.209687 0.130556
0 0.527422 0.346944 0.123906 0.258333
0 0.603203 0.345833 0.137656 0.261111
0 0.698047 0.363333 0.110156 0.263889
0 0.511406 0.959167 0.134688 0.057222
0 0.556484 0.203056 0.130156 0.106111
0 0.715703 0.245000 0.157656 0.108889
0 0.694922 0.174306 0.152969 0.086944
0 0.436406 0.250556 0.131562 0.152222
0 0.346016 0.249167 0.082656 0.100556
0 0.377500 0.198889 0.087188 0.054444
0 0.278750 0.632639 0.134688 0.198611
0 0.186250 0.753889 0.151562 0.157778
0 0.101172 0.578333 0.048906 0.106111
0 0.285625 0.300972 0.047500 0.171389
0 0.251172 0.235556 0.067344 0.057222
0 0.259531 0.318472 0.041250 0.146944
0 0.226719 0.292778 0.061250 0.078889
0 0.307109 0.439722 0.142344 0.291111
0 0.177734 0.638194 0.079531 0.165833
0 0.120391 0.526667 0.038281 0.078889
0 0.336875 0.870694 0.208125 0.168611
0 0.229063 0.341528 0.029063 0.116944
0 0.248828 0.440972 0.050469 0.092500
0 0.147109 0.572778 0.067344 0.127778