0 0.557813 0.174861 0.162500 0.091389
0 0.562656 0.225000 0.162500 0.117222
0 0.588281 0.326389 0.175313 0.234444
0 0.675859 0.233472 0.083594 0.225833
0 0.724922 0.271944 0.072344 0.257222
0 0.772500 0.236389 0.064375 0.231667
0 0.189375 0.710833 0.098125 0.294444
0 0.307656 0.463472 0.164062 0.285833
0 0.228750 0.297778 0.054688 0.080000
0 0.405000 0.639583 0.088438 0.374722
0 0.485312 0.357917 0.130312 0.245833
0 0.381641 0.280694 0.147969 0.188611
0 0.721797 0.827639 0.149531 0.344722
0 0.337422 0.245000 0.123906 0.117222
0 0.404922 0.316528 0.156094 0.180278
0 0.474922 0.610972 0.093281 0.363056
0 0.419375 0.189028 0.130312 0.085833
0 0.762031 0.506528 0.088438 0.400278
0 0.240781 0.367778 0.056250 0.140000
0 0.283516 0.356389 0.083594 0.214444
0 0.203047 0.283333 0.051406 0.080000
0 0.247344 0.663889 0.120625 0.331667
0 0.516719 0.766806 0.199375 0.417500
0 0.314922 0.212083 0.104531 0.108611
0 0.240859 0.215000 0.101406 0.131667
0 0.101016 0.523611 0.037031 0.062778
0 0.139609 0.582222 0.082031 0.100000
0 0.123438 0.768194 0.088438 0.180278
0 0.054297 0.666528 0.072344 0.188611