0 0.717187 0.811111 0.146875 0.372222
0 0.755469 0.437500 0.126562 0.319444
0 0.527344 0.343056 0.126562 0.263889
0 0.603906 0.336111 0.139063 0.255556
0 0.365625 0.887500 0.231250 0.158333
0 0.517969 0.962500 0.123438 0.069444
0 0.263281 0.600000 0.148438 0.194444
0 0.720313 0.238889 0.153125 0.122222
0 0.689063 0.183333 0.184375 0.111111
0 0.434375 0.248611 0.137500 0.163889
0 0.324219 0.248611 0.085938 0.113889
0 0.371094 0.194444 0.092188 0.061111
0 0.208594 0.759722 0.079687 0.241667
0 0.186719 0.841667 0.092188 0.205556
0 0.086719 0.598611 0.060937 0.152778
0 0.285938 0.284722 0.046875 0.158333
0 0.245312 0.234722 0.068750 0.069444
0 0.259375 0.308333 0.040625 0.138889
0 0.221094 0.288889 0.060937 0.088889
0 0.303125 0.411111 0.134375 0.261111
0 0.155469 0.654167 0.110937 0.186111
0 0.117969 0.761111 0.070312 0.161111
0 0.534375 0.723611 0.156250 0.419444
0 0.321094 0.941667 0.192188 0.111111
0 0.338281 0.776389 0.204687 0.169444
0 0.415625 0.690278 0.190625 0.247222
0 0.227344 0.343056 0.039062 0.130556
0 0.239844 0.427778 0.048438 0.100000
0 0.200781 0.338889 0.023438 0.055556
0 0.118750 0.563889 0.040625 0.100000
0 0.111719 0.505556 0.029687 0.038889
0 0.137500 0.591667 0.065625 0.094444