0 0.567812 0.184722 0.154375 0.095556
0 0.569219 0.240694 0.166875 0.135833
0 0.599609 0.335417 0.177344 0.233611
0 0.681016 0.264444 0.090469 0.230000
0 0.742109 0.320139 0.103594 0.281389
0 0.774453 0.280000 0.072031 0.232778
0 0.062344 0.581944 0.062813 0.162778
0 0.102344 0.490000 0.049375 0.138889
0 0.131016 0.750139 0.092656 0.172500
0 0.290313 0.891944 0.196875 0.181111
0 0.482812 0.950000 0.070938 0.100000
0 0.306641 0.477639 0.172656 0.268611
0 0.314063 0.287917 0.105625 0.185278
0 0.250781 0.628750 0.128750 0.218611
0 0.376484 0.258750 0.130156 0.180278
0 0.047500 0.617639 0.081250 0.124167
0 0.171094 0.532917 0.056563 0.090278
0 0.489844 0.337083 0.112187 0.230278
0 0.424141 0.371250 0.081719 0.239722
0 0.410313 0.289861 0.113125 0.180833
0 0.561719 0.504167 0.157500 0.382222
0 0.438750 0.573750 0.120000 0.338611
0 0.662734 0.738194 0.235156 0.315833
0 0.665625 0.891667 0.159375 0.216667
0 0.226094 0.346806 0.041875 0.107500
0 0.310547 0.226111 0.099531 0.118333
0 0.340078 0.178611 0.092656 0.065000
0 0.433437 0.191528 0.129062 0.119722
0 0.303203 0.395139 0.145469 0.245833
0 0.251563 0.192778 0.089375 0.133333
0 0.242422 0.350417 0.041406 0.060833
0 0.228516 0.235694 0.107344 0.155278
0 0.120781 0.500833 0.039375 0.121111