0 0.702656 0.789722 0.137500 0.348333
0 0.746484 0.434861 0.102344 0.288611
0 0.524844 0.351528 0.118438 0.246944
0 0.596641 0.345139 0.130156 0.239167
0 0.408594 0.831389 0.187188 0.228889
0 0.516250 0.931667 0.115625 0.065000
0 0.267578 0.657361 0.103906 0.192500
0 0.705547 0.265833 0.143281 0.137778
0 0.676328 0.202222 0.172656 0.103889
0 0.437969 0.263333 0.128750 0.153333
0 0.334766 0.263333 0.080469 0.106667
0 0.378594 0.213750 0.086250 0.059722
0 0.344375 0.532500 0.152188 0.145556
0 0.203828 0.823750 0.102344 0.192500
0 0.112422 0.590972 0.057031 0.143056
0 0.298984 0.297222 0.043906 0.148333
0 0.260937 0.250278 0.064375 0.065000
0 0.273984 0.319167 0.037969 0.130000
0 0.235391 0.314028 0.062969 0.109167
0 0.306328 0.449306 0.117031 0.254722
0 0.181875 0.619583 0.096562 0.132500
0 0.141641 0.743194 0.065781 0.150833
0 0.636875 0.574028 0.128750 0.379722
0 0.322266 0.882222 0.198906 0.163889
0 0.352422 0.758750 0.209219 0.166389
0 0.422500 0.644306 0.215000 0.176944
0 0.244062 0.351667 0.036562 0.122222
0 0.257188 0.437500 0.045312 0.091111
0 0.219219 0.347917 0.021875 0.051944
0 0.143906 0.555833 0.040938 0.088333
0 0.135781 0.503750 0.027813 0.036389
0 0.170234 0.564861 0.026406 0.028611