0 0.576172 0.197222 0.162656 0.121667
0 0.577656 0.246528 0.164375 0.146389
0 0.595938 0.349722 0.184375 0.262222
0 0.686406 0.278056 0.095312 0.235000
0 0.731250 0.325417 0.086563 0.263056
0 0.779297 0.300556 0.077031 0.236667
0 0.111016 0.561528 0.076094 0.154722
0 0.286328 0.868611 0.194531 0.210000
0 0.420547 0.290000 0.128281 0.201111
0 0.068516 0.550972 0.062344 0.154722
0 0.157187 0.484444 0.088750 0.113889
0 0.125703 0.694583 0.115156 0.144167
0 0.386172 0.436667 0.128281 0.179444
0 0.381094 0.618750 0.137500 0.385278
0 0.488203 0.360556 0.138906 0.268889
0 0.403281 0.265417 0.126250 0.170833
0 0.305391 0.409583 0.151094 0.268611
0 0.352422 0.260139 0.122656 0.186389
0 0.331016 0.334028 0.146719 0.202500
0 0.477969 0.604444 0.186250 0.382222
0 0.442266 0.177222 0.132031 0.120556
0 0.746328 0.558056 0.137656 0.410000
0 0.271328 0.296111 0.058906 0.102222
0 0.257812 0.603889 0.137187 0.243889
0 0.224141 0.214861 0.048906 0.113611
0 0.236641 0.344722 0.060156 0.167778
0 0.326328 0.812778 0.214844 0.285000
0 0.310469 0.557500 0.129688 0.245000
0 0.270234 0.184028 0.087969 0.103056
0 0.339531 0.183333 0.107813 0.126111