0 0.738906 0.818750 0.160938 0.362500
0 0.777422 0.432222 0.145469 0.350000
0 0.340938 0.788194 0.207187 0.112500
0 0.301484 0.949583 0.234531 0.100833
0 0.530859 0.328750 0.138594 0.289167
0 0.618203 0.327222 0.159219 0.292222
0 0.401719 0.882639 0.243125 0.234722
0 0.528281 0.984583 0.140313 0.030833
0 0.563359 0.167361 0.145469 0.118611
0 0.740625 0.211389 0.171250 0.115556
0 0.718438 0.135417 0.171250 0.097500
0 0.429922 0.222083 0.152344 0.173611
0 0.313516 0.225139 0.097656 0.130833
0 0.357109 0.161111 0.102656 0.057778
0 0.252656 0.648333 0.150625 0.222222
0 0.176484 0.843056 0.162656 0.185556
0 0.050625 0.594861 0.071875 0.200833
0 0.260469 0.276944 0.053125 0.191667
0 0.221875 0.210000 0.075313 0.076111
0 0.234687 0.292083 0.042812 0.155278
0 0.284453 0.431944 0.159219 0.325556
0 0.197109 0.269306 0.059844 0.091389
0 0.138828 0.667917 0.090781 0.206944
0 0.079844 0.777500 0.071875 0.164444
0 0.277578 0.862917 0.145469 0.103611
0 0.413672 0.681528 0.198594 0.252500
0 0.194453 0.327222 0.030781 0.127778
0 0.219297 0.425972 0.059844 0.118611
0 0.108906 0.610278 0.089063 0.152222
0 0.081484 0.547639 0.044531 0.106389
0 0.079766 0.508056 0.030781 0.045556