0 0.722656 0.811111 0.135937 0.372222
0 0.761719 0.412500 0.114062 0.375000
0 0.421094 0.758333 0.210938 0.316667
0 0.348438 0.837500 0.200000 0.252778
0 0.317969 0.930556 0.214062 0.133333
0 0.524219 0.343056 0.132812 0.263889
0 0.607812 0.337500 0.106250 0.275000
0 0.689063 0.279167 0.143750 0.213889
0 0.735938 0.311111 0.131250 0.250000
0 0.558594 0.204167 0.135937 0.119444
0 0.710156 0.187500 0.160938 0.141667
0 0.687500 0.161111 0.125000 0.061111
0 0.433594 0.231944 0.139063 0.180556
0 0.343750 0.238889 0.096875 0.116667
0 0.370312 0.187500 0.090625 0.052778
0 0.259375 0.648611 0.137500 0.208333
0 0.182812 0.844444 0.143750 0.183333
0 0.094531 0.583333 0.076563 0.200000
0 0.302344 0.498611 0.195312 0.252778
0 0.281250 0.290278 0.056250 0.152778
0 0.255469 0.230556 0.051562 0.094444
0 0.205469 0.326389 0.023438 0.058333
0 0.250781 0.313889 0.042188 0.155556
0 0.286719 0.215278 0.051562 0.058333
0 0.295312 0.401389 0.118750 0.230556
0 0.151562 0.648611 0.109375 0.169444
0 0.207813 0.247222 0.065625 0.116667
0 0.220312 0.336111 0.031250 0.105556
0 0.230469 0.431944 0.039062 0.097222
0 0.135937 0.543056 0.056250 0.069444