0 0.721094 0.802361 0.151562 0.378056
0 0.747656 0.427500 0.144687 0.325000
0 0.525234 0.341944 0.129844 0.268889
0 0.601875 0.337500 0.142500 0.272222
0 0.354219 0.889306 0.259687 0.160278
0 0.523828 0.961667 0.124219 0.074444
0 0.302266 0.493889 0.145469 0.261111
0 0.716797 0.223056 0.154844 0.142222
0 0.684922 0.175972 0.185781 0.118611
0 0.431172 0.251389 0.139531 0.169444
0 0.320234 0.255833 0.085781 0.111667
0 0.364922 0.202778 0.094531 0.070556
0 0.267422 0.651111 0.139531 0.172222
0 0.209531 0.818750 0.147500 0.180833
0 0.088125 0.615417 0.062813 0.155278
0 0.283203 0.293472 0.048906 0.160278
0 0.242031 0.245000 0.069687 0.072222
0 0.253906 0.320972 0.036250 0.145833
0 0.218516 0.300139 0.062031 0.091389
0 0.299531 0.405139 0.139063 0.249722
0 0.173203 0.671667 0.097969 0.209444
0 0.121328 0.776389 0.072344 0.163889
0 0.333516 0.802639 0.173281 0.126389
0 0.329062 0.947222 0.207500 0.105556
0 0.354063 0.765833 0.193750 0.138333
0 0.223125 0.354167 0.032813 0.120556
0 0.423906 0.717083 0.208437 0.308056
0 0.241328 0.440972 0.051094 0.090833
0 0.143594 0.614444 0.086250 0.153333
0 0.197891 0.348194 0.022656 0.067500
0 0.119844 0.589028 0.051562 0.121389
0 0.108047 0.521389 0.028594 0.040000