0 0.710156 0.811111 0.160938 0.372222
0 0.761719 0.412500 0.114062 0.375000
0 0.400781 0.777778 0.226562 0.277778
0 0.343750 0.847222 0.209375 0.233333
0 0.314844 0.937500 0.220312 0.119444
0 0.524219 0.343056 0.132812 0.263889
0 0.607812 0.337500 0.106250 0.275000
0 0.681250 0.313889 0.150000 0.261111
0 0.735938 0.309722 0.121875 0.252778
0 0.559375 0.204167 0.134375 0.119444
0 0.714844 0.202778 0.167187 0.133333
0 0.702344 0.163889 0.157812 0.066667
0 0.430469 0.237500 0.145313 0.152778
0 0.366406 0.186111 0.104688 0.055556
0 0.340625 0.241667 0.103125 0.111111
0 0.287500 0.593056 0.156250 0.175000
0 0.199219 0.868056 0.148438 0.191667
0 0.089063 0.626389 0.081250 0.197222
0 0.155469 0.711111 0.101562 0.216667
0 0.169531 0.580556 0.089063 0.144444
0 0.308594 0.433333 0.160938 0.211111
0 0.282031 0.304167 0.067187 0.152778
0 0.258594 0.279167 0.064062 0.102778
0 0.245312 0.227778 0.062500 0.100000
0 0.202344 0.320833 0.020313 0.058333
0 0.228906 0.304167 0.042188 0.080556
0 0.117188 0.512500 0.012500 0.025000
0 0.282813 0.218056 0.065625 0.058333
0 0.211719 0.366667 0.014063 0.038889
0 0.120313 0.561111 0.034375 0.083333
0 0.243750 0.398611 0.053125 0.169444