0 0.710156 0.811111 0.160938 0.372222
0 0.761719 0.412500 0.114062 0.375000
0 0.413281 0.766667 0.226562 0.300000
0 0.343750 0.847222 0.209375 0.233333
0 0.314844 0.937500 0.220312 0.119444
0 0.524219 0.343056 0.132812 0.263889
0 0.607812 0.337500 0.106250 0.275000
0 0.681250 0.313889 0.150000 0.261111
0 0.736719 0.315278 0.123438 0.252778
0 0.559375 0.204167 0.134375 0.119444
0 0.711719 0.208333 0.167187 0.133333
0 0.699219 0.165278 0.157812 0.080556
0 0.432031 0.233333 0.142187 0.144444
0 0.366406 0.188889 0.104688 0.050000
0 0.340625 0.241667 0.103125 0.111111
0 0.278906 0.587500 0.142187 0.158333
0 0.199219 0.845833 0.132812 0.180556
0 0.090625 0.576389 0.065625 0.180556
0 0.296094 0.454167 0.145313 0.202778
0 0.293750 0.256944 0.043750 0.058333
0 0.265625 0.281944 0.050000 0.130556
0 0.245312 0.227778 0.062500 0.100000
0 0.202344 0.320833 0.020313 0.058333
0 0.241406 0.290278 0.064062 0.102778
0 0.286719 0.215278 0.067187 0.063889
0 0.233594 0.376389 0.051562 0.086111
0 0.275000 0.390278 0.087500 0.241667
0 0.126562 0.763889 0.081250 0.150000
0 0.160156 0.570833 0.082812 0.113889
0 0.115625 0.559722 0.031250 0.075000
0 0.232031 0.433333 0.032813 0.083333