0 0.581641 0.201667 0.163594 0.130000
0 0.582031 0.250972 0.165625 0.154722
0 0.598516 0.355278 0.187656 0.270556
0 0.690391 0.288472 0.098906 0.238611
0 0.734219 0.338194 0.090625 0.265833
0 0.782734 0.316250 0.080781 0.239167
0 0.122188 0.565417 0.092188 0.108056
0 0.437344 0.289306 0.157187 0.214167
0 0.067812 0.526806 0.064687 0.156944
0 0.141875 0.501806 0.110000 0.104722
0 0.119766 0.687083 0.092969 0.116389
0 0.313672 0.350139 0.151094 0.215278
0 0.281328 0.859583 0.193281 0.213056
0 0.396406 0.611111 0.114688 0.371667
0 0.490547 0.359722 0.142656 0.274444
0 0.398906 0.257917 0.145313 0.181389
0 0.297031 0.581528 0.183125 0.271944
0 0.365781 0.229167 0.111875 0.161667
0 0.474531 0.604028 0.135937 0.371944
0 0.447500 0.179722 0.132187 0.116111
0 0.729766 0.567500 0.156406 0.417778
0 0.293516 0.271667 0.074219 0.162222
0 0.183750 0.622639 0.107187 0.318611
0 0.228281 0.211806 0.048438 0.090833
0 0.320859 0.803056 0.218281 0.295000
0 0.303906 0.454167 0.135625 0.157222
0 0.256484 0.223750 0.077969 0.171389
0 0.345313 0.174583 0.109375 0.131389
0 0.233750 0.258194 0.037812 0.071944