0 0.692031 0.823472 0.180625 0.353056
0 0.765234 0.458472 0.134219 0.393056
0 0.386641 0.745278 0.239219 0.288333
0 0.329297 0.832917 0.250781 0.246389
0 0.291641 0.903056 0.225781 0.157222
0 0.532734 0.348194 0.146719 0.285833
0 0.601641 0.365694 0.091719 0.265278
0 0.651563 0.342222 0.080625 0.287778
0 0.765781 0.323194 0.102500 0.236944
0 0.698750 0.384028 0.112813 0.397500
0 0.572500 0.212500 0.139688 0.131111
0 0.711484 0.211806 0.174531 0.120833
0 0.414062 0.210000 0.080937 0.181111
0 0.383437 0.180833 0.106250 0.111667
0 0.479453 0.232778 0.104219 0.240000
0 0.317344 0.437222 0.148438 0.206667
0 0.172500 0.799861 0.160000 0.219722
0 0.091875 0.710417 0.062187 0.093056
0 0.354609 0.248333 0.085781 0.130000
0 0.170000 0.689306 0.128438 0.178611
0 0.138672 0.573611 0.129844 0.203333
0 0.284141 0.583472 0.150781 0.248056
0 0.212109 0.596111 0.094219 0.200000
0 0.297031 0.337639 0.133750 0.245278
0 0.302812 0.233889 0.047500 0.079444
0 0.263672 0.187917 0.083906 0.096944
0 0.305547 0.185278 0.065469 0.068889
0 0.255703 0.289722 0.064844 0.170000
0 0.215156 0.187778 0.058125 0.130556
0 0.217500 0.270556 0.025938 0.078333
0 0.127891 0.471250 0.028281 0.065278
0 0.230781 0.285556 0.045937 0.106667