0 0.724688 0.776944 0.178750 0.396111
0 0.756406 0.371806 0.132187 0.391389
0 0.426797 0.779167 0.240469 0.334444
0 0.361641 0.868889 0.220156 0.262222
0 0.337187 0.944028 0.225312 0.111944
0 0.516250 0.339861 0.145313 0.283611
0 0.599453 0.321111 0.119531 0.290556
0 0.671328 0.286250 0.162344 0.283611
0 0.723281 0.275278 0.132187 0.267778
0 0.544453 0.196111 0.139844 0.140000
0 0.697266 0.177639 0.177656 0.156944
0 0.687109 0.130417 0.159844 0.107500
0 0.418516 0.249306 0.150156 0.163611
0 0.328516 0.267639 0.108281 0.126944
0 0.356875 0.208750 0.102813 0.079167
0 0.295312 0.595000 0.187500 0.262778
0 0.217500 0.891667 0.141250 0.200556
0 0.107344 0.599444 0.049688 0.098333
0 0.281563 0.318194 0.057500 0.132500
0 0.255781 0.334861 0.062500 0.169167
0 0.231875 0.280000 0.070625 0.115556
0 0.195391 0.369444 0.018281 0.057778
0 0.236328 0.337778 0.059531 0.141111
0 0.276250 0.242500 0.063125 0.059444
0 0.288203 0.451111 0.141719 0.272222
0 0.171875 0.714722 0.118125 0.262778
0 0.138750 0.821806 0.083750 0.161389
0 0.120469 0.580556 0.015313 0.027222
0 0.095938 0.685000 0.079063 0.130556
0 0.130469 0.609583 0.056563 0.083056
0 0.211016 0.383611 0.028594 0.108889
0 0.232500 0.468056 0.046562 0.097778