0 0.552891 0.178472 0.150781 0.074722
0 0.556797 0.233611 0.161719 0.113333
0 0.595703 0.323333 0.161719 0.210000
0 0.668750 0.241944 0.080937 0.218333
0 0.731797 0.288750 0.091719 0.268056
0 0.762031 0.244722 0.062187 0.223889
0 0.068437 0.641528 0.055937 0.154722
0 0.104297 0.544722 0.043594 0.132778
0 0.143828 0.799028 0.085469 0.160278
0 0.307969 0.917917 0.189688 0.154722
0 0.501563 0.949722 0.066875 0.091111
0 0.306328 0.507500 0.161719 0.240556
0 0.305547 0.308194 0.097969 0.185278
0 0.257344 0.662361 0.119687 0.201944
0 0.366250 0.277917 0.122812 0.163056
0 0.173516 0.595833 0.045156 0.096667
0 0.482109 0.340000 0.102656 0.215556
0 0.418438 0.392778 0.071563 0.248889
0 0.545938 0.485139 0.130625 0.290278
0 0.414453 0.280694 0.110469 0.151944
0 0.441641 0.582083 0.105781 0.323611
0 0.662500 0.714583 0.205313 0.284722
0 0.681250 0.881944 0.149375 0.226667
0 0.223906 0.367917 0.052812 0.088611
0 0.247344 0.233611 0.074687 0.091111
0 0.290078 0.264028 0.091719 0.085833
0 0.326641 0.203194 0.090156 0.052500
0 0.426172 0.198889 0.112031 0.093889
0 0.307109 0.434028 0.150781 0.204722
0 0.325078 0.334583 0.161719 0.077500
0 0.203672 0.317917 0.031094 0.055278
0 0.120547 0.550278 0.042031 0.127222