0 0.737656 0.819028 0.159688 0.361944
0 0.775937 0.433889 0.144375 0.347222
0 0.415625 0.767917 0.229375 0.368611
0 0.336719 0.825278 0.217500 0.187222
0 0.303594 0.948889 0.232813 0.102222
0 0.531172 0.331250 0.137656 0.286944
0 0.610156 0.330000 0.132500 0.290000
0 0.621250 0.411528 0.168125 0.314167
0 0.563437 0.171389 0.144375 0.117778
0 0.740156 0.218194 0.175000 0.120833
0 0.719844 0.133333 0.175000 0.084444
0 0.430078 0.227083 0.149531 0.175278
0 0.323047 0.204444 0.091719 0.160000
0 0.375781 0.165278 0.078125 0.063333
0 0.255078 0.648611 0.149531 0.220556
0 0.170078 0.760278 0.115469 0.311111
0 0.059766 0.591250 0.071406 0.196389
0 0.253359 0.287639 0.037344 0.156944
0 0.224531 0.209028 0.074687 0.072500
0 0.229609 0.302639 0.044219 0.156944
0 0.189766 0.281528 0.056094 0.114722
0 0.286484 0.435417 0.154531 0.308056
0 0.136172 0.677083 0.091719 0.205278
0 0.085234 0.784444 0.071406 0.166111
0 0.288203 0.260417 0.052656 0.163056
0 0.318906 0.908056 0.229375 0.183889
0 0.200703 0.325278 0.037344 0.130000
0 0.221953 0.437083 0.052656 0.105833
0 0.126875 0.554861 0.073125 0.093611