0 0.725000 0.793056 0.156250 0.383889
0 0.749688 0.416944 0.142500 0.330000
0 0.427500 0.750694 0.219375 0.355833
0 0.356328 0.809167 0.204219 0.188333
0 0.329297 0.934861 0.217344 0.130278
0 0.523359 0.341111 0.133281 0.273889
0 0.595859 0.333750 0.128594 0.276389
0 0.607891 0.407778 0.162031 0.301111
0 0.549141 0.191528 0.135469 0.119167
0 0.712266 0.207361 0.163594 0.124167
0 0.691875 0.145139 0.162812 0.090833
0 0.427969 0.252778 0.141562 0.172222
0 0.329062 0.240000 0.088125 0.153889
0 0.376484 0.200139 0.073281 0.064167
0 0.277109 0.653056 0.142656 0.213889
0 0.205000 0.765833 0.142500 0.332778
0 0.096328 0.615139 0.070156 0.185833
0 0.267031 0.321667 0.038125 0.147222
0 0.238672 0.250278 0.076719 0.075556
0 0.245625 0.337083 0.044375 0.147500
0 0.205937 0.318056 0.058437 0.093333
0 0.300547 0.435694 0.143281 0.299722
0 0.165391 0.684306 0.073281 0.185833
0 0.126641 0.793194 0.071094 0.158056
0 0.298281 0.294167 0.052187 0.153889
0 0.341875 0.892361 0.215313 0.197500
0 0.219453 0.360278 0.037344 0.122222
0 0.241719 0.461389 0.050938 0.101111
0 0.149922 0.570278 0.057656 0.060000