0 0.555469 0.183333 0.157812 0.088889
0 0.560156 0.231944 0.157812 0.113889
0 0.585156 0.330556 0.170313 0.227778
0 0.670312 0.240278 0.081250 0.219444
0 0.717969 0.277778 0.070312 0.250000
0 0.764062 0.243056 0.062500 0.225000
0 0.126562 0.766667 0.068750 0.133333
0 0.240625 0.881944 0.203125 0.219444
0 0.233594 0.319444 0.060937 0.111111
0 0.438281 0.625000 0.148438 0.383333
0 0.485938 0.375000 0.153125 0.222222
0 0.387500 0.277778 0.125000 0.166667
0 0.714844 0.823611 0.145313 0.347222
0 0.353906 0.234722 0.070312 0.113889
0 0.408594 0.315278 0.160938 0.186111
0 0.283594 0.656944 0.104688 0.241667
0 0.753906 0.505556 0.085938 0.388889
0 0.278125 0.293056 0.062500 0.108333
0 0.646094 0.658333 0.117188 0.361111
0 0.218750 0.270833 0.065625 0.108333
0 0.435937 0.190278 0.128125 0.091667
0 0.185156 0.691667 0.098437 0.288889
0 0.519531 0.741667 0.198437 0.388889
0 0.110937 0.501389 0.043750 0.075000
0 0.315625 0.219444 0.078125 0.094444
0 0.312500 0.481944 0.137500 0.241667
0 0.288281 0.387500 0.082812 0.169444
0 0.223438 0.415278 0.043750 0.158333
0 0.102344 0.606944 0.079687 0.191667
0 0.161719 0.606944 0.110937 0.119444