0 0.697891 0.784167 0.133906 0.339444
0 0.729922 0.443472 0.121094 0.291389
0 0.427734 0.715694 0.192344 0.324167
0 0.366563 0.760139 0.172500 0.134167
0 0.333672 0.893056 0.195156 0.121667
0 0.524766 0.357222 0.115469 0.240556
0 0.596641 0.356111 0.131094 0.243333
0 0.605859 0.511806 0.169531 0.372500
0 0.528984 0.918472 0.143906 0.070833
0 0.551797 0.223056 0.121094 0.098889
0 0.699922 0.258611 0.146719 0.103889
0 0.680781 0.196389 0.142500 0.081111
0 0.440625 0.268611 0.126875 0.144444
0 0.343750 0.271111 0.081250 0.108889
0 0.380078 0.217917 0.085469 0.048056
0 0.293203 0.623333 0.125469 0.185000
0 0.226172 0.779028 0.131094 0.141944
0 0.124922 0.578889 0.059844 0.167222
0 0.299609 0.314306 0.044219 0.159722
0 0.267422 0.258611 0.062656 0.063333
0 0.278125 0.326806 0.035625 0.129167
0 0.319531 0.443611 0.132500 0.271111
0 0.245469 0.305556 0.058437 0.076111
0 0.198359 0.639722 0.075469 0.172222
0 0.149141 0.730833 0.059844 0.136667
0 0.348750 0.836111 0.190938 0.154444
0 0.248906 0.352222 0.028437 0.103889
0 0.266797 0.437222 0.049844 0.086111
0 0.173437 0.591667 0.074063 0.126667
0 0.150547 0.539583 0.037031 0.088611
0 0.149219 0.506806 0.025625 0.038056