0 0.542266 0.170972 0.153906 0.091944
0 0.552187 0.225556 0.158438 0.131111
0 0.590469 0.311667 0.169687 0.228889
0 0.660859 0.221806 0.088906 0.228056
0 0.725625 0.261806 0.101562 0.279167
0 0.754375 0.214167 0.070312 0.231667
0 0.073047 0.690000 0.061719 0.161667
0 0.105469 0.588750 0.048438 0.138056
0 0.150078 0.675694 0.110156 0.172500
0 0.154297 0.839306 0.091406 0.170278
0 0.323047 0.925972 0.195781 0.148056
0 0.518281 0.950278 0.070312 0.098889
0 0.301016 0.563889 0.155781 0.232778
0 0.299219 0.335833 0.104375 0.182778
0 0.265703 0.689167 0.119531 0.215000
0 0.358750 0.291806 0.129062 0.177500
0 0.489609 0.339722 0.135469 0.230556
0 0.414531 0.382917 0.079375 0.221389
0 0.519687 0.504722 0.181875 0.266111
0 0.436406 0.603194 0.132812 0.326944
0 0.717969 0.710833 0.185000 0.443333
0 0.696094 0.862083 0.157812 0.244167
0 0.387266 0.302361 0.160781 0.197500
0 0.238047 0.267778 0.077344 0.080556
0 0.281641 0.278194 0.094531 0.079722
0 0.316328 0.221389 0.092344 0.062778
0 0.411250 0.206528 0.106250 0.105833
0 0.299375 0.469722 0.147500 0.259444
0 0.239063 0.405417 0.068750 0.143056
0 0.193828 0.343750 0.039219 0.056944