0 0.698594 0.785833 0.134688 0.341667
0 0.727344 0.443194 0.129062 0.293056
0 0.524453 0.356389 0.116094 0.242222
0 0.594766 0.355139 0.127656 0.244722
0 0.399688 0.857361 0.236563 0.163056
0 0.528828 0.915833 0.113281 0.081667
0 0.318047 0.487778 0.130469 0.234444
0 0.701484 0.257222 0.140469 0.125000
0 0.672969 0.206111 0.160625 0.104444
0 0.439141 0.269861 0.126094 0.150278
0 0.332344 0.273472 0.087500 0.106944
0 0.378984 0.218750 0.086094 0.053611
0 0.291484 0.624167 0.126094 0.186111
0 0.229141 0.781944 0.133281 0.160556
0 0.122266 0.589722 0.057344 0.147778
0 0.302891 0.302917 0.042969 0.145278
0 0.265781 0.257083 0.063125 0.063611
0 0.273516 0.327083 0.032969 0.132500
0 0.243438 0.306667 0.055937 0.081667
0 0.324531 0.422639 0.146250 0.226944
0 0.199063 0.651944 0.090312 0.191111
0 0.148828 0.740000 0.064531 0.147778
0 0.339531 0.807500 0.167813 0.104444
0 0.331016 0.892917 0.193594 0.127500
0 0.366719 0.745000 0.170625 0.117222
0 0.247187 0.356528 0.028750 0.109722
0 0.427031 0.673889 0.187812 0.229444
0 0.262813 0.436667 0.045937 0.081667
0 0.171016 0.592361 0.074531 0.127500
0 0.222656 0.347500 0.020000 0.056111
0 0.150313 0.569167 0.041563 0.112222
0 0.139609 0.505556 0.025781 0.035556