0 0.555000 0.188333 0.155000 0.087222
0 0.559531 0.236250 0.155000 0.111944
0 0.584141 0.324722 0.167344 0.207222
0 0.667734 0.244444 0.079844 0.215556
0 0.717656 0.256528 0.065938 0.196389
0 0.759766 0.247222 0.061406 0.221111
0 0.114453 0.542917 0.041406 0.163611
0 0.316328 0.911389 0.181094 0.152778
0 0.409141 0.315278 0.115156 0.182778
0 0.558750 0.506250 0.141250 0.357500
0 0.082969 0.638472 0.052187 0.141944
0 0.162109 0.574306 0.078281 0.106389
0 0.148281 0.766667 0.105937 0.120000
0 0.442109 0.598889 0.113594 0.368333
0 0.372422 0.513194 0.115156 0.234722
0 0.378437 0.627500 0.136563 0.332778
0 0.466641 0.365556 0.095156 0.240000
0 0.383828 0.285278 0.128906 0.155556
0 0.309297 0.428472 0.142656 0.223611
0 0.340859 0.289306 0.110469 0.174722
0 0.673047 0.772222 0.130469 0.392778
0 0.422969 0.196667 0.124375 0.092778
0 0.234922 0.691667 0.110469 0.302778
0 0.257969 0.394444 0.070625 0.177222
0 0.303984 0.533472 0.144219 0.199167
0 0.212734 0.278472 0.041406 0.103611
0 0.694609 0.447639 0.164219 0.223611
0 0.306328 0.210139 0.096719 0.136389
0 0.260313 0.244444 0.069062 0.062778