0 0.529062 0.172361 0.163437 0.128611
0 0.537734 0.219167 0.165469 0.153333
0 0.569766 0.302222 0.185781 0.252778
0 0.647422 0.199028 0.098281 0.238056
0 0.697500 0.203056 0.089688 0.225000
0 0.740391 0.177639 0.080156 0.238611
0 0.125625 0.690139 0.070938 0.163611
0 0.347891 0.923056 0.196406 0.153889
0 0.392734 0.338611 0.131094 0.214444
0 0.091094 0.749722 0.064375 0.156667
0 0.162031 0.654028 0.096250 0.140833
0 0.167344 0.861528 0.116562 0.148611
0 0.352500 0.558056 0.177500 0.298889
0 0.402656 0.670000 0.142500 0.389444
0 0.468047 0.370694 0.142031 0.273611
0 0.367812 0.314167 0.136563 0.188889
0 0.300234 0.519722 0.151406 0.241111
0 0.322344 0.336944 0.124687 0.191111
0 0.301641 0.449167 0.153906 0.215000
0 0.494141 0.610972 0.190781 0.388611
0 0.396797 0.215278 0.132969 0.126111
0 0.735938 0.430278 0.174063 0.459444
0 0.254844 0.389583 0.045000 0.086944
0 0.277266 0.719444 0.139219 0.275556
0 0.191719 0.352917 0.050313 0.115278
0 0.230234 0.465000 0.064531 0.159444
0 0.373672 0.867778 0.230156 0.264444
0 0.331328 0.675694 0.137344 0.234722
0 0.231797 0.301667 0.088906 0.106667
0 0.300156 0.268472 0.095312 0.110833