0 0.547187 0.179167 0.160000 0.101667
0 0.553125 0.227222 0.160625 0.126667
0 0.580469 0.315417 0.175625 0.224722
0 0.663438 0.226528 0.086875 0.225833
0 0.724688 0.270139 0.102188 0.279722
0 0.757109 0.221667 0.068281 0.230000
0 0.105000 0.586667 0.055625 0.223333
0 0.323672 0.924583 0.188281 0.150833
0 0.402344 0.320278 0.121875 0.195556
0 0.079219 0.676250 0.056875 0.148611
0 0.150625 0.598194 0.084375 0.128611
0 0.148906 0.801250 0.110937 0.130833
0 0.365625 0.505556 0.130312 0.221111
0 0.379375 0.643333 0.147812 0.355556
0 0.469844 0.360556 0.118438 0.242222
0 0.375703 0.291944 0.135156 0.168889
0 0.303828 0.443889 0.151094 0.239444
0 0.332344 0.306528 0.116562 0.173056
0 0.369688 0.363333 0.140937 0.150000
0 0.413203 0.198472 0.128906 0.104722
0 0.451641 0.593056 0.123281 0.370000
0 0.239063 0.721667 0.111250 0.263889
0 0.648750 0.688056 0.179688 0.441111
0 0.251250 0.410556 0.075000 0.191667
0 0.201484 0.299167 0.044844 0.108889
0 0.310547 0.583611 0.168594 0.193889
0 0.369844 0.817917 0.215313 0.191944
0 0.243437 0.258333 0.083437 0.092778
0 0.307031 0.205694 0.082812 0.131389