0 0.543125 0.178472 0.165000 0.104722
0 0.549297 0.226528 0.165781 0.129722
0 0.586406 0.313472 0.175000 0.227500
0 0.661953 0.223889 0.087969 0.227222
0 0.726641 0.264861 0.100469 0.278056
0 0.755625 0.217361 0.069375 0.230833
0 0.072188 0.684028 0.060937 0.160833
0 0.105156 0.583472 0.047813 0.137500
0 0.152891 0.834722 0.090781 0.169444
0 0.321172 0.925278 0.195156 0.149444
0 0.516406 0.950417 0.070000 0.098056
0 0.307969 0.564861 0.167187 0.174167
0 0.262422 0.686389 0.126406 0.214444
0 0.359609 0.289861 0.128281 0.175833
0 0.143984 0.700694 0.115156 0.152500
0 0.165625 0.619167 0.055625 0.088333
0 0.477813 0.340694 0.109688 0.226389
0 0.415234 0.390000 0.078906 0.237222
0 0.395625 0.312917 0.111250 0.176944
0 0.558672 0.501111 0.153281 0.377222
0 0.259844 0.402778 0.075938 0.192778
0 0.445156 0.598611 0.135625 0.358889
0 0.679141 0.698056 0.232031 0.307778
0 0.694531 0.864722 0.156875 0.242222
0 0.223438 0.411806 0.053125 0.107500
0 0.315078 0.242778 0.099844 0.109444
0 0.411172 0.209722 0.127969 0.115000
0 0.297031 0.442083 0.142813 0.240833
0 0.214062 0.290278 0.124687 0.158889
0 0.269219 0.251528 0.058437 0.130278
0 0.229453 0.408333 0.048906 0.073889
0 0.230391 0.285833 0.113906 0.163333