0 0.717187 0.811111 0.146875 0.372222
0 0.754687 0.431944 0.128125 0.308333
0 0.527344 0.343056 0.126562 0.263889
0 0.603906 0.336111 0.139063 0.255556
0 0.371875 0.880556 0.218750 0.172222
0 0.517969 0.962500 0.123438 0.069444
0 0.168750 0.609722 0.075000 0.147222
0 0.720313 0.251389 0.153125 0.147222
0 0.436719 0.216667 0.167187 0.222222
0 0.419531 0.268056 0.085938 0.119444
0 0.323437 0.237500 0.084375 0.119444
0 0.363281 0.193056 0.082812 0.058333
0 0.310937 0.422222 0.134375 0.261111
0 0.189844 0.834722 0.110937 0.197222
0 0.088281 0.593056 0.060937 0.175000
0 0.296875 0.279167 0.053125 0.136111
0 0.238281 0.244444 0.060937 0.055556
0 0.267188 0.300000 0.043750 0.155556
0 0.219531 0.300000 0.051562 0.100000
0 0.285938 0.188889 0.090625 0.111111
0 0.117969 0.761111 0.070312 0.161111
0 0.325781 0.570833 0.145313 0.180556
0 0.313281 0.927778 0.195312 0.138889
0 0.343750 0.776389 0.209375 0.191667
0 0.241406 0.654167 0.089063 0.241667
0 0.232813 0.341667 0.040625 0.133333
0 0.245312 0.438889 0.056250 0.122222
0 0.200000 0.331944 0.025000 0.063889
0 0.111719 0.505556 0.029687 0.038889
0 0.136719 0.612500 0.032813 0.069444
0 0.118750 0.573611 0.040625 0.108333