0 0.697578 0.793333 0.151406 0.350000
0 0.745938 0.418611 0.107187 0.352778
0 0.403594 0.717639 0.207187 0.172500
0 0.352969 0.827222 0.196875 0.219444
0 0.325781 0.912222 0.207187 0.112222
0 0.522578 0.353194 0.124844 0.248056
0 0.601172 0.347917 0.099844 0.258611
0 0.662266 0.328472 0.124844 0.224722
0 0.728359 0.306111 0.116094 0.237778
0 0.487344 0.810278 0.177812 0.316111
0 0.555781 0.218472 0.123438 0.099167
0 0.682734 0.196389 0.160156 0.086111
0 0.436641 0.264444 0.135156 0.159444
0 0.376484 0.227778 0.126406 0.096667
0 0.310391 0.422361 0.105781 0.224722
0 0.213359 0.827361 0.141094 0.172500
0 0.129609 0.738472 0.055781 0.099167
0 0.348516 0.297083 0.070469 0.094167
0 0.172891 0.628611 0.116094 0.182778
0 0.303047 0.611806 0.135156 0.206389
0 0.229531 0.677083 0.079375 0.248056
0 0.345547 0.513750 0.155781 0.161944
0 0.302187 0.307500 0.039688 0.130556
0 0.280156 0.317917 0.054375 0.177500
0 0.263281 0.239444 0.064687 0.104444
0 0.222109 0.331111 0.017656 0.062778
0 0.250078 0.297083 0.055781 0.099167
0 0.153047 0.533194 0.026406 0.054722
0 0.302266 0.233056 0.057344 0.060000
0 0.238281 0.379306 0.035313 0.091389