0 0.450000 0.759722 0.181250 0.241667
0 0.173437 0.695833 0.128125 0.452778
0 0.295312 0.890278 0.196875 0.213889
0 0.496875 0.847222 0.143750 0.272222
0 0.805469 0.762500 0.057813 0.091667
0 0.453906 0.500000 0.160938 0.283333
0 0.519531 0.465278 0.110937 0.219444
0 0.532813 0.338889 0.140625 0.177778
0 0.137500 0.394444 0.075000 0.283333
0 0.224219 0.293056 0.123438 0.230556
0 0.286719 0.301389 0.151562 0.219444
0 0.242188 0.200000 0.112500 0.111111
0 0.446094 0.361111 0.173437 0.138889
0 0.163281 0.309722 0.073438 0.186111
0 0.385156 0.297222 0.157812 0.105556
0 0.250000 0.547222 0.106250 0.316667
0 0.335938 0.498611 0.087500 0.313889
0 0.397656 0.230556 0.110937 0.094444
0 0.794531 0.676389 0.054688 0.130556
0 0.672656 0.681944 0.070312 0.091667
0 0.757812 0.588889 0.075000 0.144444
0 0.743750 0.652778 0.065625 0.111111
0 0.629687 0.362500 0.075000 0.141667
0 0.629687 0.368056 0.075000 0.080556
0 0.575781 0.431944 0.060937 0.113889
0 0.696094 0.436111 0.070312 0.138889
0 0.700781 0.509722 0.095312 0.158333
0 0.587500 0.948611 0.068750 0.097222
0 0.721875 0.687500 0.059375 0.113889