0 0.726250 0.773333 0.180625 0.398333
0 0.755625 0.367639 0.134063 0.393056
0 0.416484 0.793750 0.240781 0.315833
0 0.363594 0.869167 0.221250 0.261667
0 0.339766 0.944444 0.225781 0.111111
0 0.515547 0.339444 0.146719 0.285556
0 0.598359 0.319722 0.120781 0.292222
0 0.669687 0.273750 0.162500 0.266389
0 0.724453 0.269722 0.141094 0.268333
0 0.542812 0.195278 0.140313 0.142222
0 0.677031 0.150972 0.168437 0.149722
0 0.419219 0.246111 0.160000 0.192222
0 0.351562 0.242639 0.125312 0.123056
0 0.341328 0.198472 0.088594 0.070278
0 0.292031 0.558472 0.158125 0.213611
0 0.228359 0.866528 0.138281 0.266944
0 0.127891 0.827222 0.065469 0.153889
0 0.330781 0.320278 0.088750 0.130556
0 0.133906 0.636389 0.052812 0.063889
0 0.293984 0.708750 0.182344 0.206944
0 0.162188 0.709722 0.136563 0.215556
0 0.306172 0.458333 0.172969 0.232778
0 0.273125 0.358194 0.076563 0.188611
0 0.251094 0.354861 0.066875 0.178611
0 0.231641 0.273194 0.067656 0.110278
0 0.194844 0.375972 0.025000 0.061944
0 0.227734 0.346528 0.062656 0.131389
0 0.123672 0.579444 0.025469 0.042778
0 0.277734 0.256806 0.084844 0.085833
0 0.215547 0.439167 0.032344 0.085000
0 0.134063 0.626389 0.066562 0.118333