0 0.551875 0.202917 0.148438 0.083611
0 0.556406 0.248472 0.148438 0.106944
0 0.579922 0.333472 0.160156 0.198611
0 0.659922 0.256528 0.076406 0.206389
0 0.719453 0.302083 0.086719 0.255833
0 0.747969 0.259167 0.058750 0.211667
0 0.323516 0.895000 0.173281 0.146111
0 0.385234 0.270833 0.085156 0.146111
0 0.125937 0.556667 0.054375 0.138333
0 0.412422 0.324444 0.110156 0.175000
0 0.555547 0.507222 0.135156 0.342222
0 0.096562 0.631111 0.039688 0.120000
0 0.191250 0.567361 0.038125 0.065278
0 0.669453 0.853194 0.124844 0.229722
0 0.137656 0.739583 0.033750 0.080833
0 0.443906 0.595972 0.108750 0.352500
0 0.363203 0.542361 0.120469 0.281944
0 0.383047 0.623472 0.130781 0.318611
0 0.467422 0.372639 0.091094 0.229722
0 0.303672 0.408056 0.110156 0.253333
0 0.285312 0.350417 0.088125 0.133056
0 0.460078 0.944583 0.076406 0.046944
0 0.245547 0.401389 0.041094 0.115000
0 0.297813 0.589444 0.136563 0.208889
0 0.430000 0.210833 0.133750 0.088889
0 0.204531 0.736944 0.123438 0.237778
0 0.736328 0.500556 0.097031 0.365556
0 0.209687 0.286389 0.069062 0.093889
0 0.264766 0.250000 0.070469 0.078333
0 0.321328 0.257778 0.101406 0.130556
0 0.144297 0.554028 0.032344 0.117500