0 0.444531 0.183333 0.157812 0.088889
0 0.439844 0.231944 0.157812 0.113889
0 0.414844 0.330556 0.170313 0.227778
0 0.329688 0.240278 0.081250 0.219444
0 0.282031 0.277778 0.070312 0.250000
0 0.235937 0.243056 0.062500 0.225000
0 0.850000 0.594444 0.109375 0.094444
0 0.785156 0.686111 0.098437 0.250000
0 0.889844 0.738889 0.051562 0.127778
0 0.655469 0.452778 0.167187 0.227778
0 0.676562 0.301389 0.078125 0.147222
0 0.592969 0.627778 0.085938 0.333333
0 0.511719 0.366667 0.114062 0.233333
0 0.596094 0.254167 0.082812 0.091667
0 0.285156 0.823611 0.145313 0.347222
0 0.632031 0.233333 0.048438 0.061111
0 0.516406 0.597222 0.107813 0.366667
0 0.578906 0.197222 0.126562 0.083333
0 0.246094 0.505556 0.085938 0.388889
0 0.722656 0.393056 0.048438 0.163889
0 0.653125 0.375000 0.118750 0.188889
0 0.792969 0.287500 0.042188 0.080556
0 0.726562 0.587500 0.118750 0.191667
0 0.590625 0.813889 0.212500 0.327778
0 0.680469 0.219444 0.101562 0.105556
0 0.764062 0.287500 0.065625 0.158333
0 0.881250 0.518056 0.043750 0.075000
0 0.786719 0.337500 0.032813 0.063889
0 0.836719 0.754167 0.101562 0.252778