0 0.710156 0.811111 0.160938 0.372222
0 0.743750 0.412500 0.150000 0.375000
0 0.400781 0.763889 0.226562 0.250000
0 0.348438 0.861111 0.240625 0.205556
0 0.314844 0.937500 0.220312 0.119444
0 0.524219 0.343056 0.132812 0.263889
0 0.586719 0.355556 0.092188 0.266667
0 0.652344 0.294444 0.085938 0.294444
0 0.748437 0.279167 0.112500 0.230556
0 0.693750 0.198611 0.128125 0.219444
0 0.564844 0.197222 0.148438 0.105556
0 0.746875 0.158333 0.056250 0.072222
0 0.432812 0.226389 0.140625 0.169444
0 0.366406 0.202778 0.101562 0.094444
0 0.302344 0.455556 0.132812 0.211111
0 0.344531 0.476389 0.179688 0.241667
0 0.185156 0.837500 0.135937 0.186111
0 0.112500 0.755556 0.071875 0.133333
0 0.341406 0.275000 0.079687 0.116667
0 0.232813 0.722222 0.178125 0.172222
0 0.146875 0.625000 0.115625 0.155556
0 0.287500 0.611111 0.137500 0.150000
0 0.208594 0.631944 0.060937 0.130556
0 0.307031 0.354167 0.104688 0.213889
0 0.285156 0.279167 0.042188 0.102778
0 0.280469 0.222222 0.095312 0.111111
0 0.245312 0.333333 0.056250 0.161111
0 0.228125 0.236111 0.034375 0.077778
0 0.195312 0.280556 0.037500 0.072222
0 0.130469 0.538889 0.029687 0.066667
0 0.220312 0.333333 0.040625 0.100000