0 0.441875 0.682222 0.199375 0.242778
0 0.168672 0.715694 0.120781 0.449167
0 0.292734 0.886389 0.171094 0.227222
0 0.433906 0.484167 0.152188 0.237222
0 0.466797 0.369722 0.120781 0.142222
0 0.492812 0.849444 0.153750 0.287222
0 0.807500 0.757500 0.058125 0.108889
0 0.521797 0.463194 0.120781 0.200833
0 0.532031 0.337639 0.144375 0.189722
0 0.138125 0.399028 0.072188 0.323611
0 0.222109 0.294444 0.117656 0.248333
0 0.285625 0.301250 0.150625 0.217500
0 0.240859 0.199444 0.114531 0.114444
0 0.160781 0.312361 0.073750 0.184167
0 0.383594 0.293056 0.161562 0.106111
0 0.244766 0.564861 0.112969 0.298611
0 0.333516 0.479861 0.092656 0.301389
0 0.393047 0.234306 0.120781 0.094722
0 0.790156 0.662500 0.064375 0.153333
0 0.674063 0.686250 0.067500 0.094722
0 0.752500 0.576111 0.064375 0.136667
0 0.745469 0.655556 0.065938 0.111667
0 0.630938 0.364167 0.075313 0.142222
0 0.634844 0.380694 0.080000 0.064167
0 0.576719 0.433889 0.061250 0.114444
0 0.697500 0.438056 0.070625 0.139444
0 0.702266 0.511944 0.095781 0.158889
0 0.395469 0.348750 0.062813 0.072500
0 0.592422 0.965972 0.045469 0.068056
0 0.723437 0.690556 0.059688 0.136667