0 0.282813 0.811111 0.146875 0.372222
0 0.251563 0.437500 0.140625 0.319444
0 0.472656 0.343056 0.126562 0.263889
0 0.396094 0.341667 0.139063 0.266667
0 0.615625 0.884722 0.268750 0.169444
0 0.467969 0.952778 0.123438 0.088889
0 0.697656 0.486111 0.142187 0.255556
0 0.279687 0.231944 0.153125 0.136111
0 0.310937 0.183333 0.184375 0.111111
0 0.565625 0.248611 0.137500 0.163889
0 0.682031 0.252778 0.095312 0.116667
0 0.631250 0.193056 0.093750 0.058333
0 0.726562 0.634722 0.137500 0.202778
0 0.794531 0.806944 0.145313 0.175000
0 0.910937 0.597222 0.062500 0.161111
0 0.714063 0.284722 0.046875 0.158333
0 0.754687 0.234722 0.068750 0.069444
0 0.746094 0.311111 0.035937 0.144444
0 0.778906 0.288889 0.060937 0.088889
0 0.695312 0.405556 0.140625 0.244444
0 0.827344 0.665278 0.098437 0.208333
0 0.882031 0.761111 0.070312 0.161111
0 0.692969 0.815278 0.151562 0.152778
0 0.676562 0.927778 0.196875 0.138889
0 0.644531 0.766667 0.185938 0.127778
0 0.775000 0.343056 0.031250 0.119444
0 0.578906 0.688889 0.204687 0.250000
0 0.757812 0.430556 0.050000 0.088889
0 0.857812 0.600000 0.081250 0.138889
0 0.801562 0.333333 0.021875 0.061111
0 0.880469 0.575000 0.045312 0.122222
0 0.892188 0.505556 0.028125 0.038889