0 0.719609 0.814167 0.148281 0.371667
0 0.764609 0.439028 0.115156 0.322500
0 0.420547 0.749167 0.212969 0.342222
0 0.347266 0.802222 0.202031 0.173889
0 0.316406 0.934861 0.216250 0.130278
0 0.524687 0.343750 0.134063 0.266389
0 0.609141 0.342222 0.107344 0.269444
0 0.710859 0.311389 0.175156 0.162778
0 0.558672 0.203333 0.138906 0.120556
0 0.718906 0.214722 0.156250 0.115000
0 0.703750 0.166806 0.164062 0.092500
0 0.433203 0.242778 0.137344 0.160000
0 0.336953 0.244167 0.074219 0.123333
0 0.362969 0.186528 0.100937 0.086944
0 0.264453 0.655000 0.137344 0.171111
0 0.194922 0.767222 0.115156 0.339444
0 0.090000 0.585000 0.066250 0.182222
0 0.510469 0.350694 0.134063 0.308611
0 0.260469 0.304306 0.034687 0.143056
0 0.235156 0.242778 0.056875 0.103889
0 0.202031 0.328333 0.025312 0.061667
0 0.248594 0.318472 0.039375 0.148611
0 0.278594 0.199306 0.070938 0.089722
0 0.296797 0.436111 0.135781 0.288889
0 0.159453 0.660694 0.082031 0.210278
0 0.123906 0.773056 0.070938 0.160000
0 0.285703 0.258194 0.047344 0.185278
0 0.330547 0.880833 0.209844 0.173889
0 0.220156 0.338056 0.033125 0.126111
0 0.238359 0.433472 0.047344 0.092500