0 0.718359 0.815972 0.167031 0.368056
0 0.771875 0.411528 0.118438 0.389167
0 0.397266 0.790556 0.235156 0.288333
0 0.338047 0.862778 0.217344 0.242222
0 0.308125 0.947222 0.228750 0.105556
0 0.525313 0.339444 0.137813 0.273889
0 0.612187 0.333611 0.110312 0.285556
0 0.688281 0.309167 0.155625 0.271111
0 0.743516 0.304861 0.132969 0.262500
0 0.561953 0.195278 0.139531 0.123889
0 0.726484 0.180833 0.167031 0.135556
0 0.695703 0.151806 0.141094 0.071944
0 0.431328 0.218333 0.157344 0.164444
0 0.339766 0.215556 0.113594 0.089444
0 0.369688 0.176667 0.102188 0.057778
0 0.280391 0.538194 0.150781 0.175833
0 0.183203 0.872778 0.150781 0.210556
0 0.335625 0.286111 0.085938 0.121111
0 0.097188 0.761667 0.066562 0.121111
0 0.184766 0.718472 0.115156 0.201944
0 0.135313 0.644861 0.129688 0.193056
0 0.303125 0.437361 0.144375 0.187500
0 0.278828 0.284444 0.047031 0.123889
0 0.258516 0.254167 0.029219 0.063333
0 0.235859 0.219722 0.064844 0.103889
0 0.192891 0.319306 0.021094 0.066389
0 0.228672 0.293333 0.053594 0.123889
0 0.107031 0.516806 0.024375 0.040278
0 0.284609 0.206667 0.071406 0.060556
0 0.212344 0.392778 0.034063 0.092222
0 0.105391 0.565694 0.037344 0.080833
0 0.261016 0.359583 0.053594 0.175833