0 0.498516 0.849028 0.165156 0.301944
0 0.270937 0.274028 0.171875 0.218611
0 0.215391 0.164722 0.131406 0.113889
0 0.659297 0.713056 0.183594 0.107778
0 0.641719 0.357917 0.077500 0.086944
0 0.568359 0.419306 0.058906 0.065833
0 0.713359 0.449306 0.079219 0.185833
0 0.710781 0.492639 0.090938 0.134722
0 0.437734 0.703889 0.195469 0.245556
0 0.210312 0.593194 0.279687 0.293611
0 0.369531 0.263750 0.197188 0.149722
0 0.253203 0.385139 0.187031 0.254722
0 0.271016 0.940417 0.208906 0.119167
0 0.576797 0.949306 0.112969 0.101389
0 0.492578 0.470417 0.096094 0.293611
0 0.180078 0.814583 0.182031 0.370833
0 0.470625 0.362639 0.052187 0.101944
0 0.174063 0.275556 0.102813 0.305556
0 0.216172 0.263750 0.092656 0.179722
0 0.387344 0.404444 0.128125 0.221667
0 0.126953 0.313056 0.065781 0.206667
0 0.555703 0.504861 0.067344 0.134722
0 0.411719 0.220139 0.102813 0.110833
0 0.796641 0.623056 0.097656 0.161667
0 0.769687 0.706944 0.080937 0.113889
0 0.825313 0.786389 0.080937 0.092778
0 0.532109 0.333889 0.134844 0.176667