0 0.568438 0.192778 0.166250 0.113889
0 0.570781 0.241806 0.167500 0.138611
0 0.600625 0.337222 0.178437 0.236667
0 0.682422 0.267778 0.091719 0.231111
0 0.743203 0.324722 0.105156 0.282778
0 0.775703 0.285000 0.073281 0.233889
0 0.061875 0.573750 0.063750 0.163611
0 0.102422 0.482639 0.050156 0.139722
0 0.129609 0.743333 0.093594 0.173889
0 0.287969 0.887917 0.197500 0.184722
0 0.480078 0.949583 0.071406 0.100833
0 0.304688 0.515694 0.169687 0.183056
0 0.249922 0.624306 0.129844 0.220833
0 0.377891 0.256528 0.131094 0.182500
0 0.131562 0.608333 0.117500 0.158333
0 0.157187 0.533056 0.051250 0.068333
0 0.490781 0.336806 0.113437 0.231944
0 0.422031 0.380417 0.088750 0.263611
0 0.411719 0.288194 0.114062 0.182500
0 0.558047 0.515972 0.159531 0.384722
0 0.267813 0.343889 0.077812 0.198889
0 0.437812 0.583750 0.141562 0.365278
0 0.661484 0.741250 0.236719 0.319722
0 0.663281 0.892639 0.160625 0.214722
0 0.233203 0.342639 0.054844 0.110278
0 0.337578 0.198750 0.101406 0.114722
0 0.435234 0.190139 0.129531 0.121944
0 0.303750 0.391250 0.146562 0.248056
0 0.213438 0.220972 0.086250 0.150833
0 0.277422 0.226806 0.077344 0.157500
0 0.239609 0.340694 0.050156 0.076389
0 0.258672 0.194722 0.069531 0.126111
0 0.122422 0.490000 0.039844 0.118889