0 0.735625 0.765278 0.169687 0.399444
0 0.756094 0.385000 0.133750 0.340556
0 0.437188 0.758889 0.231250 0.379444
0 0.368437 0.826111 0.209687 0.211667
0 0.346719 0.938333 0.221250 0.123333
0 0.513984 0.339306 0.148906 0.289167
0 0.596953 0.320972 0.122656 0.286389
0 0.692109 0.259722 0.187656 0.201667
0 0.538516 0.194306 0.144219 0.146389
0 0.694609 0.176667 0.160781 0.117222
0 0.681250 0.127639 0.159062 0.114167
0 0.418984 0.242500 0.148281 0.210000
0 0.321484 0.269306 0.097969 0.142500
0 0.352656 0.214167 0.095000 0.095556
0 0.272813 0.709722 0.151562 0.213333
0 0.206953 0.900417 0.154531 0.199167
0 0.101641 0.663611 0.076719 0.192778
0 0.580469 0.651250 0.243125 0.398056
0 0.264609 0.361944 0.056719 0.166667
0 0.222812 0.297917 0.062500 0.113611
0 0.195625 0.388750 0.028750 0.065833
0 0.239063 0.368611 0.042188 0.155556
0 0.291328 0.495000 0.147031 0.307778
0 0.181172 0.726944 0.116719 0.241667
0 0.137344 0.826806 0.069375 0.125833
0 0.284297 0.289306 0.083906 0.185833
0 0.356328 0.895278 0.232656 0.209444
0 0.214062 0.394583 0.040938 0.136389
0 0.238125 0.488889 0.052187 0.097778
0 0.143359 0.639722 0.073906 0.123889