0 0.558594 0.171250 0.164062 0.092500
0 0.563438 0.221667 0.164062 0.118333
0 0.596797 0.315556 0.175469 0.219444
0 0.678047 0.230417 0.084531 0.228056
0 0.743828 0.279444 0.095781 0.280000
0 0.775469 0.233333 0.065000 0.233889
0 0.051094 0.647500 0.058437 0.161667
0 0.088516 0.546528 0.045469 0.138611
0 0.104688 0.761667 0.090938 0.187778
0 0.301250 0.927639 0.198125 0.144722
0 0.248438 0.682222 0.125000 0.236667
0 0.362109 0.267917 0.128281 0.170278
0 0.331250 0.354583 0.138125 0.135833
0 0.136406 0.622917 0.115312 0.112500
0 0.112734 0.540833 0.055156 0.086667
0 0.398672 0.295278 0.110469 0.173333
0 0.561875 0.507500 0.147812 0.378333
0 0.306016 0.575278 0.178594 0.248333
0 0.216797 0.378889 0.045469 0.190556
0 0.367031 0.204306 0.115312 0.181944
0 0.667422 0.724028 0.258281 0.297500
0 0.690937 0.890139 0.155938 0.219722
0 0.449766 0.368750 0.102344 0.256944
0 0.439297 0.605694 0.120156 0.389722
0 0.216797 0.380417 0.052031 0.106944
0 0.268672 0.338472 0.061719 0.196389
0 0.418125 0.189861 0.130000 0.106944
0 0.202109 0.235972 0.071406 0.112500
0 0.298750 0.231806 0.050313 0.069167
0 0.308594 0.438194 0.138125 0.170278
0 0.259844 0.212917 0.050313 0.112500