0 0.194531 0.738889 0.057813 0.138889
0 0.492188 0.852778 0.175000 0.272222
0 0.500781 0.493056 0.110937 0.208333
0 0.615625 0.287500 0.156250 0.113889
0 0.594531 0.437500 0.139063 0.219444
0 0.701562 0.738889 0.162500 0.477778
0 0.562500 0.677778 0.184375 0.227778
0 0.829688 0.713889 0.121875 0.472222
0 0.762500 0.433333 0.118750 0.283333
0 0.668750 0.925000 0.175000 0.144444
0 0.471875 0.348611 0.137500 0.180556
0 0.862500 0.419444 0.068750 0.322222
0 0.782031 0.252778 0.101562 0.172222
0 0.709375 0.305556 0.143750 0.211111
0 0.837500 0.309722 0.075000 0.191667
0 0.601562 0.231944 0.115625 0.086111
0 0.759375 0.195833 0.115625 0.119444
0 0.363281 0.698611 0.145313 0.130556
0 0.243750 0.593056 0.078125 0.208333
0 0.248438 0.708333 0.078125 0.100000
0 0.405469 0.341667 0.079687 0.088889
0 0.355469 0.368056 0.045312 0.080556
0 0.424219 0.431944 0.060937 0.113889
0 0.303906 0.436111 0.070312 0.138889
0 0.299219 0.509722 0.095312 0.158333
0 0.521094 0.361111 0.054688 0.083333
0 0.591406 0.347222 0.104688 0.094444
0 0.201563 0.616667 0.040625 0.100000
0 0.417969 0.941667 0.073438 0.111111
0 0.287500 0.640278 0.028125 0.063889