0 0.498437 0.836111 0.153125 0.305556
0 0.287500 0.290278 0.159375 0.202778
0 0.805469 0.737500 0.057813 0.141667
0 0.526563 0.530556 0.106250 0.183333
0 0.235937 0.188889 0.121875 0.105556
0 0.642969 0.697222 0.160938 0.100000
0 0.631250 0.368056 0.071875 0.080556
0 0.571094 0.400000 0.051562 0.066667
0 0.696094 0.436111 0.070312 0.138889
0 0.686719 0.477778 0.067187 0.094444
0 0.440625 0.701389 0.209375 0.247222
0 0.239063 0.594444 0.268750 0.277778
0 0.378906 0.280556 0.182812 0.138889
0 0.271094 0.397222 0.173437 0.211111
0 0.289844 0.916667 0.167187 0.161111
0 0.571094 0.933333 0.104688 0.127778
0 0.723437 0.580556 0.056250 0.155556
0 0.401562 0.523611 0.071875 0.291667
0 0.189844 0.800000 0.139063 0.394444
0 0.197656 0.291667 0.095312 0.283333
0 0.248438 0.312500 0.075000 0.169444
0 0.405469 0.355556 0.092188 0.094444
0 0.153906 0.338889 0.060937 0.216667
0 0.516406 0.459722 0.160938 0.191667
0 0.414062 0.248611 0.109375 0.113889
0 0.761719 0.600000 0.064062 0.166667
0 0.750000 0.691667 0.075000 0.105556
0 0.538281 0.311111 0.104688 0.083333
0 0.470313 0.386111 0.106250 0.150000