0 0.720391 0.816250 0.168594 0.367500
0 0.774453 0.409722 0.119531 0.392778
0 0.396328 0.777917 0.237344 0.261944
0 0.336484 0.865278 0.219219 0.244444
0 0.306328 0.948611 0.230781 0.102778
0 0.525625 0.337083 0.139063 0.276389
0 0.613125 0.331250 0.111250 0.288056
0 0.670391 0.313889 0.114531 0.317222
0 0.747422 0.302222 0.134219 0.258889
0 0.513281 0.187222 0.042500 0.098889
0 0.610625 0.161250 0.188125 0.151389
0 0.740078 0.156667 0.119531 0.107778
0 0.429922 0.233611 0.153906 0.174444
0 0.361094 0.194444 0.137500 0.113333
0 0.278438 0.521944 0.171875 0.221111
0 0.181875 0.869444 0.158750 0.206667
0 0.333281 0.287500 0.088438 0.125000
0 0.130312 0.660139 0.117813 0.212500
0 0.273672 0.681667 0.181719 0.186111
0 0.172891 0.707917 0.094844 0.279167
0 0.298906 0.418611 0.160312 0.218333
0 0.267891 0.310833 0.065469 0.183333
0 0.249844 0.305139 0.062187 0.189167
0 0.233516 0.216250 0.065469 0.104722
0 0.188437 0.318056 0.021250 0.063889
0 0.224531 0.287639 0.060625 0.119167
0 0.103359 0.515972 0.024531 0.040833
0 0.282578 0.207500 0.085156 0.075556
0 0.206484 0.373472 0.031094 0.081389
0 0.111563 0.566944 0.063750 0.113333