0 0.703281 0.816806 0.168750 0.366389
0 0.763359 0.430417 0.122031 0.382500
0 0.407656 0.760556 0.232813 0.315000
0 0.341406 0.826944 0.205313 0.266111
0 0.308828 0.918056 0.216719 0.147778
0 0.527656 0.344722 0.138437 0.272778
0 0.611172 0.344861 0.112031 0.281944
0 0.686328 0.308472 0.151094 0.284722
0 0.740391 0.332917 0.135156 0.269722
0 0.565625 0.208333 0.136875 0.128333
0 0.714453 0.194861 0.156094 0.154722
0 0.691406 0.172500 0.117188 0.088333
0 0.437734 0.231806 0.148281 0.154167
0 0.348594 0.235556 0.100625 0.109444
0 0.378828 0.173611 0.101094 0.059444
0 0.266328 0.603750 0.141094 0.181389
0 0.175625 0.822917 0.147500 0.193056
0 0.089453 0.537500 0.068906 0.162778
0 0.260625 0.362778 0.079375 0.213333
0 0.292734 0.249583 0.058281 0.103611
0 0.249531 0.221667 0.067812 0.110000
0 0.207187 0.303611 0.026250 0.060000
0 0.257031 0.276389 0.044375 0.105556
0 0.297578 0.200000 0.058906 0.059444
0 0.295469 0.415278 0.133750 0.277778
0 0.147578 0.635833 0.131719 0.250000
0 0.117266 0.485278 0.019844 0.051111
0 0.186094 0.266250 0.080312 0.108056
0 0.082734 0.638611 0.053906 0.186667
0 0.222266 0.325417 0.033594 0.113056
0 0.237578 0.414167 0.045781 0.100000