0 0.289844 0.811111 0.160938 0.372222
0 0.238281 0.412500 0.114062 0.375000
0 0.599219 0.763889 0.226562 0.250000
0 0.656250 0.847222 0.209375 0.233333
0 0.685156 0.937500 0.220312 0.119444
0 0.475781 0.343056 0.132812 0.263889
0 0.392188 0.337500 0.106250 0.275000
0 0.332031 0.320833 0.129688 0.247222
0 0.273438 0.286111 0.137500 0.216667
0 0.440625 0.200000 0.131250 0.105556
0 0.662500 0.448611 0.156250 0.180556
0 0.305469 0.176389 0.170313 0.091667
0 0.571875 0.247222 0.146875 0.177778
0 0.632812 0.206944 0.131250 0.108333
0 0.725000 0.519444 0.137500 0.211111
0 0.806250 0.859722 0.153125 0.197222
0 0.657813 0.290278 0.084375 0.113889
0 0.846094 0.652778 0.110937 0.211111
0 0.717969 0.666667 0.167187 0.166667
0 0.821875 0.698611 0.103125 0.275000
0 0.697656 0.419444 0.123438 0.233333
0 0.717969 0.313889 0.054688 0.177778
0 0.736719 0.302778 0.064062 0.177778
0 0.754687 0.215278 0.062500 0.108333
0 0.796875 0.327778 0.021875 0.066667
0 0.763281 0.295833 0.057813 0.113889
0 0.883594 0.513889 0.017188 0.044444
0 0.713281 0.219444 0.054688 0.055556
0 0.777344 0.375000 0.042188 0.116667
0 0.875781 0.562500 0.048438 0.102778