0 0.722266 0.814722 0.149844 0.370556
0 0.754219 0.437917 0.143437 0.325833
0 0.528594 0.341528 0.129062 0.269167
0 0.606719 0.340139 0.141875 0.271944
0 0.389922 0.898472 0.262969 0.181389
0 0.547813 0.959167 0.125937 0.081667
0 0.299063 0.487639 0.145000 0.260833
0 0.723906 0.227083 0.159375 0.147500
0 0.693672 0.174444 0.178594 0.116111
0 0.433750 0.245278 0.140313 0.167222
0 0.329453 0.240972 0.084531 0.124722
0 0.366875 0.188611 0.095625 0.059444
0 0.269687 0.639306 0.140313 0.206944
0 0.199375 0.819306 0.143437 0.153056
0 0.081406 0.601111 0.063750 0.164444
0 0.276719 0.286389 0.049375 0.164444
0 0.240859 0.231250 0.070156 0.070833
0 0.249766 0.309028 0.036719 0.147500
0 0.216250 0.286389 0.062187 0.090556
0 0.308594 0.399861 0.160938 0.238056
0 0.166797 0.670417 0.100469 0.212500
0 0.111016 0.768333 0.071719 0.164444
0 0.322969 0.843333 0.186563 0.116111
0 0.313359 0.933750 0.215156 0.132500
0 0.353281 0.773750 0.189688 0.130278
0 0.220156 0.341806 0.031875 0.121944
0 0.420234 0.694444 0.208906 0.255000
0 0.239297 0.432361 0.054219 0.093611
0 0.135703 0.603889 0.082969 0.141667
0 0.193047 0.331667 0.022344 0.062222
0 0.112656 0.578194 0.046250 0.124722
0 0.100625 0.507361 0.028750 0.039722