0 0.555078 0.183194 0.157969 0.089722
0 0.559766 0.231806 0.157969 0.114722
0 0.584844 0.321806 0.170625 0.211944
0 0.670000 0.239583 0.081563 0.219722
0 0.733359 0.287778 0.092656 0.272778
0 0.763750 0.241806 0.062813 0.225278
0 0.107109 0.557361 0.042344 0.144722
0 0.313047 0.920417 0.184531 0.156389
0 0.375391 0.275556 0.120469 0.150556
0 0.406719 0.313056 0.117500 0.186667
0 0.559297 0.506667 0.144219 0.364444
0 0.075234 0.643750 0.053281 0.144722
0 0.150078 0.577917 0.090781 0.108611
0 0.141797 0.773889 0.107969 0.122778
0 0.440703 0.601667 0.116094 0.375556
0 0.351562 0.514583 0.153438 0.239722
0 0.376016 0.631111 0.139531 0.339444
0 0.465469 0.364167 0.097188 0.245000
0 0.298281 0.428611 0.137813 0.228333
0 0.331719 0.286944 0.101875 0.178333
0 0.678438 0.743611 0.122500 0.417222
0 0.420703 0.191944 0.126719 0.095000
0 0.223750 0.702778 0.100312 0.253333
0 0.255312 0.387083 0.076875 0.194722
0 0.286094 0.620556 0.109688 0.206111
0 0.751484 0.487778 0.103594 0.367222
0 0.206641 0.276250 0.042344 0.105833
0 0.231641 0.228889 0.026719 0.055556
0 0.282422 0.244167 0.100156 0.153333