0 0.717187 0.811111 0.146875 0.372222
0 0.751563 0.437500 0.134375 0.319444
0 0.421094 0.744444 0.210938 0.338889
0 0.348438 0.797222 0.200000 0.172222
0 0.317969 0.930556 0.214062 0.133333
0 0.527344 0.343056 0.126562 0.263889
0 0.597656 0.341667 0.126562 0.266667
0 0.610156 0.416667 0.154688 0.288889
0 0.557031 0.195833 0.132812 0.108333
0 0.719531 0.225000 0.160938 0.111111
0 0.700781 0.161111 0.160938 0.077778
0 0.434375 0.247222 0.137500 0.161111
0 0.335938 0.226389 0.084375 0.147222
0 0.384375 0.190278 0.071875 0.058333
0 0.273438 0.634722 0.137500 0.202778
0 0.173437 0.777778 0.109375 0.300000
0 0.093750 0.581944 0.065625 0.180556
0 0.271875 0.302778 0.034375 0.144444
0 0.245312 0.226389 0.075000 0.069444
0 0.250000 0.316667 0.040625 0.144444
0 0.212500 0.294444 0.053125 0.094444
0 0.300000 0.422222 0.146875 0.277778
0 0.172656 0.613889 0.070312 0.111111
0 0.116406 0.756944 0.054688 0.163889
0 0.303906 0.277778 0.048438 0.150000
0 0.332031 0.879167 0.210938 0.180556
0 0.223438 0.337500 0.034375 0.119444
0 0.242969 0.440278 0.048438 0.097222