0 0.725937 0.790694 0.157500 0.385278
0 0.749375 0.414306 0.143437 0.331389
0 0.427969 0.743056 0.220938 0.374444
0 0.357344 0.810694 0.204687 0.190278
0 0.330703 0.935139 0.217656 0.129722
0 0.522656 0.340694 0.134063 0.275278
0 0.599922 0.332083 0.148281 0.279167
0 0.610313 0.418750 0.167500 0.300278
0 0.548047 0.191111 0.135781 0.120556
0 0.711641 0.219028 0.163906 0.125833
0 0.690703 0.143194 0.162969 0.092500
0 0.427656 0.249306 0.137187 0.170278
0 0.328203 0.241806 0.088594 0.154722
0 0.370234 0.206111 0.081406 0.068333
0 0.277734 0.655417 0.143281 0.215278
0 0.184219 0.804583 0.128125 0.283056
0 0.094687 0.634583 0.058437 0.138056
0 0.266484 0.324028 0.038594 0.147500
0 0.237812 0.254167 0.070625 0.072778
0 0.246641 0.341111 0.041719 0.150556
0 0.207734 0.324028 0.054531 0.110278
0 0.299453 0.462917 0.153594 0.301944
0 0.177734 0.660556 0.078906 0.145556
0 0.127812 0.802778 0.068750 0.169444
0 0.298594 0.302917 0.057813 0.168611
0 0.344062 0.892778 0.217188 0.191667
0 0.219062 0.363333 0.040938 0.122778
0 0.238984 0.457361 0.049219 0.087500
0 0.150391 0.583750 0.074219 0.092500
0 0.110000 0.565139 0.039062 0.111389