0 0.717187 0.811111 0.146875 0.372222
0 0.754687 0.431944 0.128125 0.308333
0 0.527344 0.343056 0.126562 0.263889
0 0.603906 0.336111 0.139063 0.255556
0 0.362500 0.869444 0.243750 0.155556
0 0.517969 0.962500 0.123438 0.069444
0 0.720313 0.251389 0.153125 0.147222
0 0.301563 0.386111 0.118750 0.238889
0 0.436719 0.247222 0.142187 0.172222
0 0.322656 0.262500 0.098437 0.108333
0 0.274219 0.518056 0.117188 0.169444
0 0.189844 0.841667 0.110937 0.183333
0 0.089063 0.588889 0.065625 0.161111
0 0.284375 0.283333 0.031250 0.111111
0 0.244531 0.236111 0.070312 0.077778
0 0.260156 0.302778 0.039062 0.144444
0 0.219531 0.300000 0.051562 0.100000
0 0.359375 0.186111 0.125000 0.100000
0 0.117969 0.761111 0.070312 0.161111
0 0.318750 0.620833 0.181250 0.163889
0 0.313281 0.927778 0.195312 0.138889
0 0.343750 0.776389 0.209375 0.191667
0 0.199219 0.705556 0.135937 0.194444
0 0.232813 0.341667 0.040625 0.133333
0 0.245312 0.438889 0.056250 0.122222
0 0.201563 0.336111 0.021875 0.061111
0 0.111719 0.505556 0.029687 0.038889
0 0.146094 0.591667 0.045312 0.088889
0 0.118750 0.573611 0.040625 0.108333