0 0.717187 0.811111 0.146875 0.372222
0 0.752344 0.437500 0.132812 0.319444
0 0.421094 0.736111 0.210938 0.355556
0 0.353906 0.797222 0.189062 0.172222
0 0.317969 0.930556 0.214062 0.133333
0 0.527344 0.343056 0.126562 0.263889
0 0.597656 0.341667 0.126562 0.266667
0 0.666406 0.345833 0.104688 0.213889
0 0.532031 0.958333 0.157812 0.077778
0 0.557031 0.195833 0.132812 0.108333
0 0.719531 0.231944 0.160938 0.119444
0 0.698438 0.166667 0.156250 0.088889
0 0.435156 0.248611 0.135937 0.158333
0 0.328906 0.248611 0.089063 0.119444
0 0.375000 0.193056 0.096875 0.052778
0 0.273438 0.634722 0.137500 0.202778
0 0.178125 0.805556 0.159375 0.144444
0 0.089063 0.586111 0.065625 0.183333
0 0.280469 0.295833 0.048438 0.175000
0 0.245312 0.234722 0.068750 0.069444
0 0.204687 0.334722 0.021875 0.047222
0 0.257031 0.309722 0.039062 0.141667
0 0.302344 0.437500 0.145313 0.297222
0 0.219531 0.283333 0.067187 0.077778
0 0.169531 0.652778 0.082812 0.188889
0 0.115625 0.752778 0.065625 0.150000
0 0.334375 0.868056 0.209375 0.169444
0 0.225000 0.337500 0.031250 0.113889
0 0.244531 0.430556 0.054688 0.094444
0 0.142187 0.600000 0.081250 0.138889
0 0.120313 0.550000 0.037500 0.083333
0 0.115625 0.506944 0.028125 0.041667