0 0.720313 0.814583 0.148438 0.370833
0 0.758203 0.433889 0.129531 0.311667
0 0.528359 0.343889 0.127969 0.266667
0 0.605781 0.336944 0.140625 0.258333
0 0.371172 0.887361 0.221094 0.174167
0 0.518984 0.967500 0.124844 0.065000
0 0.150938 0.605139 0.080625 0.137500
0 0.723516 0.251389 0.154844 0.148889
0 0.691953 0.182500 0.186406 0.112222
0 0.434375 0.248611 0.139063 0.165556
0 0.324688 0.244444 0.080625 0.106667
0 0.370469 0.193611 0.093125 0.061667
0 0.292187 0.437917 0.145313 0.291944
0 0.187188 0.841111 0.112187 0.199444
0 0.084531 0.596806 0.061562 0.176944
0 0.295469 0.279306 0.053750 0.137500
0 0.239297 0.228889 0.067969 0.047778
0 0.259922 0.301944 0.036406 0.148889
0 0.220391 0.283611 0.071094 0.146111
0 0.114609 0.766667 0.071094 0.162778
0 0.453281 0.613472 0.176875 0.238611
0 0.303359 0.929583 0.186406 0.140833
0 0.346016 0.775000 0.217969 0.207778
0 0.236172 0.665556 0.105781 0.218889
0 0.231484 0.351111 0.042656 0.095556
0 0.239297 0.432500 0.048906 0.095556
0 0.197500 0.332917 0.025312 0.064722
0 0.108281 0.508333 0.030000 0.039444
0 0.127109 0.624722 0.020469 0.053333
0 0.115391 0.576944 0.041094 0.109444