0 0.710156 0.811111 0.160938 0.372222
0 0.761719 0.412500 0.114062 0.375000
0 0.400781 0.777778 0.226562 0.277778
0 0.343750 0.847222 0.209375 0.233333
0 0.314844 0.937500 0.220312 0.119444
0 0.524219 0.343056 0.132812 0.263889
0 0.607812 0.337500 0.106250 0.275000
0 0.681250 0.313889 0.150000 0.261111
0 0.735938 0.309722 0.121875 0.252778
0 0.559375 0.204167 0.134375 0.119444
0 0.712500 0.195833 0.162500 0.119444
0 0.703906 0.163889 0.160938 0.066667
0 0.430469 0.237500 0.145313 0.152778
0 0.366406 0.186111 0.104688 0.055556
0 0.340625 0.241667 0.103125 0.111111
0 0.282031 0.579167 0.164062 0.191667
0 0.199219 0.868056 0.148438 0.191667
0 0.246875 0.319444 0.090625 0.111111
0 0.153125 0.688889 0.087500 0.250000
0 0.163281 0.580556 0.085938 0.144444
0 0.314063 0.434722 0.175000 0.197222
0 0.289844 0.283333 0.042188 0.111111
0 0.260156 0.265278 0.048438 0.075000
0 0.245312 0.227778 0.062500 0.100000
0 0.200000 0.319444 0.018750 0.055556
0 0.224219 0.293056 0.035937 0.052778
0 0.117188 0.509722 0.015625 0.025000
0 0.292187 0.215278 0.068750 0.058333
0 0.211719 0.366667 0.010937 0.033333
0 0.118750 0.552778 0.040625 0.088889
0 0.239063 0.405556 0.043750 0.150000
0 0.110937 0.766667 0.040625 0.077778