0 0.717187 0.811111 0.146875 0.372222
0 0.752344 0.437500 0.132812 0.319444
0 0.421094 0.744444 0.210938 0.338889
0 0.348438 0.797222 0.200000 0.172222
0 0.317969 0.930556 0.214062 0.133333
0 0.527344 0.343056 0.126562 0.263889
0 0.607812 0.341667 0.106250 0.266667
0 0.625781 0.394444 0.120313 0.250000
0 0.557031 0.195833 0.132812 0.108333
0 0.719531 0.225000 0.160938 0.111111
0 0.700781 0.161111 0.160938 0.077778
0 0.434375 0.247222 0.131250 0.161111
0 0.329688 0.200000 0.065625 0.083333
0 0.384375 0.190278 0.071875 0.058333
0 0.273438 0.641667 0.137500 0.188889
0 0.187500 0.730556 0.143750 0.255556
0 0.093750 0.581944 0.065625 0.180556
0 0.314844 0.311111 0.145313 0.183333
0 0.275781 0.277778 0.048438 0.138889
0 0.250781 0.220833 0.051562 0.041667
0 0.203125 0.333333 0.018750 0.061111
0 0.248438 0.315278 0.037500 0.147222
0 0.209375 0.272222 0.056250 0.083333
0 0.303125 0.427778 0.140625 0.283333
0 0.166406 0.650000 0.082812 0.172222
0 0.114062 0.754167 0.050000 0.136111
0 0.302344 0.238889 0.029687 0.055556
0 0.332031 0.879167 0.210938 0.180556
0 0.223438 0.337500 0.034375 0.119444
0 0.242188 0.436111 0.050000 0.088889