0 0.550078 0.197361 0.141094 0.069722
0 0.553594 0.249444 0.151250 0.106111
0 0.590000 0.333333 0.151250 0.196667
0 0.658438 0.257083 0.075625 0.204167
0 0.717266 0.300972 0.085781 0.250833
0 0.745625 0.259722 0.058125 0.209444
0 0.096953 0.630694 0.052344 0.144722
0 0.130391 0.540139 0.040781 0.124167
0 0.167500 0.778056 0.080000 0.150000
0 0.320937 0.889306 0.177500 0.144722
0 0.502031 0.919028 0.062500 0.085278
0 0.319531 0.505278 0.151250 0.225000
0 0.318828 0.319167 0.091719 0.173333
0 0.273672 0.650278 0.112031 0.188889
0 0.375391 0.290694 0.114844 0.152500
0 0.198672 0.576389 0.034844 0.067222
0 0.483750 0.348889 0.095937 0.201667
0 0.424219 0.398056 0.066875 0.232778
0 0.543438 0.484722 0.122188 0.271667
0 0.427031 0.285556 0.095937 0.111111
0 0.446016 0.575139 0.098906 0.302500
0 0.652578 0.699306 0.192031 0.266389
0 0.670000 0.855694 0.139688 0.211944
0 0.251094 0.368194 0.064062 0.100833
0 0.264141 0.255833 0.069844 0.067222
0 0.304141 0.277639 0.085781 0.080278
0 0.338438 0.220972 0.084375 0.049167
0 0.431406 0.217083 0.104688 0.088056
0 0.320234 0.436806 0.141094 0.191389
0 0.359531 0.338611 0.135313 0.113889
0 0.146328 0.544167 0.034844 0.121667