0 0.552031 0.198889 0.149688 0.084444
0 0.556406 0.245139 0.149688 0.108056
0 0.580156 0.330694 0.161562 0.200278
0 0.660859 0.252917 0.077031 0.208056
0 0.720938 0.299167 0.087500 0.258333
0 0.749766 0.255556 0.059219 0.213333
0 0.321484 0.897361 0.174844 0.147500
0 0.383750 0.270000 0.085938 0.142222
0 0.110234 0.513750 0.048906 0.118611
0 0.411250 0.321389 0.111250 0.176667
0 0.555703 0.505972 0.136406 0.345278
0 0.096172 0.630972 0.050469 0.147500
0 0.171016 0.591667 0.102344 0.073889
0 0.670469 0.855139 0.125937 0.231944
0 0.137656 0.745694 0.035625 0.097500
0 0.442969 0.595694 0.109688 0.355833
0 0.351797 0.501944 0.146719 0.184444
0 0.381406 0.623194 0.131875 0.321389
0 0.466719 0.370139 0.091875 0.231944
0 0.301563 0.405833 0.111250 0.255556
0 0.319297 0.218611 0.078594 0.113333
0 0.568359 0.830139 0.176406 0.281944
0 0.256250 0.383472 0.068125 0.105278
0 0.264375 0.643056 0.125937 0.176667
0 0.428984 0.206806 0.134844 0.089722
0 0.302969 0.320139 0.040000 0.058056
0 0.193281 0.730000 0.099375 0.245000
0 0.737969 0.499444 0.097812 0.368889
0 0.221406 0.285972 0.040000 0.100278
0 0.262109 0.246528 0.071094 0.079167
0 0.287344 0.267500 0.068125 0.110556
0 0.144375 0.552222 0.040000 0.073889
0 0.153906 0.653611 0.103750 0.113333