0 0.558672 0.167500 0.165781 0.093333
0 0.563672 0.218750 0.165781 0.119722
0 0.589922 0.313750 0.178906 0.221944
0 0.679375 0.227500 0.085312 0.230556
0 0.745937 0.278611 0.096875 0.286111
0 0.777969 0.230417 0.065625 0.236389
0 0.087500 0.558889 0.044375 0.151667
0 0.303437 0.929722 0.193750 0.140556
0 0.363359 0.255417 0.113281 0.175278
0 0.402656 0.303333 0.123125 0.195556
0 0.562891 0.507917 0.151094 0.382500
0 0.053828 0.649167 0.055781 0.151667
0 0.132656 0.580833 0.095312 0.113889
0 0.123516 0.786389 0.113281 0.128333
0 0.438125 0.607083 0.121562 0.394167
0 0.344531 0.515000 0.160938 0.251111
0 0.369922 0.637500 0.146094 0.356111
0 0.464375 0.357361 0.101875 0.256944
0 0.288672 0.424722 0.144531 0.239444
0 0.323984 0.275694 0.106719 0.186944
0 0.718047 0.794028 0.146094 0.411944
0 0.417578 0.176250 0.132969 0.099167
0 0.209766 0.711944 0.105156 0.265556
0 0.243516 0.380833 0.080469 0.204444
0 0.275469 0.626111 0.115000 0.216111
0 0.764844 0.488750 0.108438 0.385278
0 0.192656 0.264028 0.044375 0.110833
0 0.211406 0.224722 0.026250 0.055556
0 0.272266 0.230556 0.105156 0.160556