0 0.555469 0.183333 0.157812 0.088889
0 0.560156 0.231944 0.157812 0.113889
0 0.585156 0.330556 0.170313 0.227778
0 0.670312 0.240278 0.081250 0.219444
0 0.717969 0.277778 0.070312 0.250000
0 0.764062 0.243056 0.062500 0.225000
0 0.114062 0.766667 0.050000 0.100000
0 0.300000 0.770833 0.100000 0.330556
0 0.307812 0.443056 0.150000 0.208333
0 0.237500 0.311111 0.046875 0.088889
0 0.407031 0.634722 0.085938 0.363889
0 0.485156 0.361111 0.126562 0.238889
0 0.387500 0.277778 0.137500 0.155556
0 0.714844 0.823611 0.145313 0.347222
0 0.355469 0.238889 0.089063 0.127778
0 0.414062 0.320833 0.134375 0.175000
0 0.475000 0.606944 0.090625 0.352778
0 0.753906 0.505556 0.085938 0.388889
0 0.250781 0.383333 0.070312 0.177778
0 0.301563 0.498611 0.131250 0.197222
0 0.207031 0.287500 0.042188 0.080556
0 0.432031 0.198611 0.132812 0.113889
0 0.246094 0.663889 0.095312 0.200000
0 0.521875 0.768056 0.193750 0.402778
0 0.117969 0.511111 0.057813 0.094444
0 0.333594 0.202778 0.132812 0.188889
0 0.167187 0.608333 0.065625 0.138889
0 0.175781 0.758333 0.104688 0.266667
0 0.081250 0.623611 0.100000 0.202778
0 0.137500 0.666667 0.087500 0.105556