0 0.444531 0.183333 0.157812 0.088889
0 0.439844 0.231944 0.157812 0.113889
0 0.414844 0.330556 0.170313 0.227778
0 0.329688 0.240278 0.081250 0.219444
0 0.282031 0.277778 0.070312 0.250000
0 0.235937 0.243056 0.062500 0.225000
0 0.867188 0.776389 0.078125 0.147222
0 0.770312 0.891667 0.153125 0.183333
0 0.691406 0.423611 0.157812 0.186111
0 0.766406 0.319444 0.060937 0.111111
0 0.592969 0.634722 0.085938 0.363889
0 0.514844 0.361111 0.126562 0.238889
0 0.626563 0.284722 0.121875 0.147222
0 0.285156 0.823611 0.145313 0.347222
0 0.647656 0.240278 0.067187 0.113889
0 0.589063 0.315278 0.128125 0.163889
0 0.525000 0.606944 0.090625 0.352778
0 0.246094 0.505556 0.085938 0.388889
0 0.744531 0.237500 0.045312 0.125000
0 0.710938 0.611111 0.150000 0.183333
0 0.781250 0.270833 0.065625 0.108333
0 0.567969 0.198611 0.132812 0.113889
0 0.778906 0.706944 0.120313 0.308333
0 0.480469 0.752778 0.198437 0.411111
0 0.882031 0.515278 0.057813 0.125000
0 0.692187 0.225000 0.081250 0.100000
0 0.603125 0.170833 0.106250 0.141667
0 0.739062 0.343056 0.121875 0.125000
0 0.775000 0.416667 0.043750 0.133333
0 0.836719 0.580556 0.060937 0.116667
0 0.940625 0.681944 0.062500 0.180556