0 0.563047 0.187917 0.159844 0.100833
0 0.566641 0.236806 0.160469 0.125833
0 0.589375 0.328889 0.175313 0.223889
0 0.676562 0.253611 0.086563 0.225556
0 0.738594 0.307083 0.098750 0.279167
0 0.770078 0.263750 0.067969 0.229722
0 0.081953 0.488611 0.064219 0.140556
0 0.302422 0.904722 0.187969 0.169444
0 0.384141 0.249306 0.094219 0.156944
0 0.411719 0.305556 0.121562 0.195000
0 0.559219 0.511528 0.152500 0.374722
0 0.071719 0.614444 0.056250 0.137222
0 0.144375 0.589306 0.101875 0.090833
0 0.134688 0.762361 0.111250 0.155278
0 0.438281 0.596806 0.124687 0.383611
0 0.348125 0.503611 0.190000 0.255556
0 0.372656 0.620972 0.147187 0.349167
0 0.468984 0.361389 0.102656 0.251667
0 0.300391 0.412361 0.142969 0.238056
0 0.337422 0.273472 0.105781 0.185278
0 0.676484 0.830556 0.229844 0.338889
0 0.234219 0.365694 0.049062 0.098056
0 0.217344 0.673056 0.087188 0.256111
0 0.428594 0.185972 0.128750 0.104167
0 0.254922 0.351806 0.082344 0.180833
0 0.281953 0.622361 0.112656 0.213611
0 0.751406 0.519306 0.112500 0.396389
0 0.212813 0.252639 0.044688 0.108611
0 0.234609 0.220833 0.032656 0.063333
0 0.270234 0.239028 0.065469 0.129722
0 0.125078 0.517083 0.051094 0.111944
0 0.073281 0.648056 0.081875 0.100556