0 0.563047 0.187917 0.159844 0.100833
0 0.566641 0.236806 0.160469 0.125833
0 0.589219 0.337222 0.175625 0.240556
0 0.676328 0.253611 0.086406 0.225556
0 0.723125 0.294444 0.076250 0.255000
0 0.770000 0.263333 0.067812 0.229444
0 0.143750 0.581250 0.110000 0.102500
0 0.170469 0.673611 0.103438 0.282222
0 0.088438 0.702222 0.033125 0.080000
0 0.313203 0.466250 0.165156 0.256389
0 0.250547 0.237639 0.089531 0.159167
0 0.403984 0.620556 0.093906 0.339444
0 0.485156 0.365417 0.135000 0.237500
0 0.389609 0.280417 0.147969 0.194167
0 0.706797 0.830417 0.153594 0.339167
0 0.343516 0.244722 0.115469 0.138889
0 0.411406 0.314028 0.155625 0.186389
0 0.481250 0.595833 0.116562 0.374444
0 0.428437 0.191389 0.128438 0.092778
0 0.753594 0.524722 0.095312 0.395000
0 0.251484 0.335000 0.120781 0.161667
0 0.261797 0.359444 0.084844 0.095000
0 0.212344 0.265417 0.044062 0.083611
0 0.254297 0.632917 0.122344 0.294722
0 0.401719 0.778750 0.157500 0.394167
0 0.326562 0.206111 0.104062 0.113333
0 0.120000 0.498750 0.070625 0.088611
0 0.145078 0.656389 0.109844 0.224444