0 0.713125 0.815417 0.151562 0.369167
0 0.749219 0.447500 0.144687 0.325000
0 0.529297 0.344167 0.129844 0.268889
0 0.605859 0.345833 0.142344 0.272222
0 0.340391 0.881111 0.252031 0.179444
0 0.512109 0.962917 0.124219 0.074167
0 0.294844 0.469444 0.142500 0.277778
0 0.723594 0.247778 0.154688 0.128333
0 0.693047 0.190972 0.185781 0.118611
0 0.437578 0.246111 0.139531 0.169444
0 0.327422 0.241667 0.087344 0.117222
0 0.375078 0.189306 0.092969 0.064722
0 0.268750 0.619861 0.149063 0.186389
0 0.204687 0.797778 0.144375 0.180556
0 0.085625 0.582083 0.062813 0.155278
0 0.288672 0.276250 0.048906 0.160278
0 0.248750 0.224722 0.069687 0.072222
0 0.259453 0.302917 0.037656 0.143056
0 0.223828 0.277917 0.062031 0.091389
0 0.310156 0.380000 0.126250 0.224444
0 0.166016 0.646250 0.094844 0.217500
0 0.114766 0.745833 0.072344 0.163889
0 0.320547 0.793056 0.165469 0.117778
0 0.310859 0.930139 0.199844 0.127500
0 0.351484 0.752500 0.198594 0.152222
0 0.415078 0.717500 0.202656 0.349444
0 0.227109 0.326528 0.039219 0.131944
0 0.240859 0.418611 0.046406 0.087778
0 0.202812 0.326806 0.024063 0.056389
0 0.121094 0.555694 0.051562 0.121389
0 0.111797 0.490000 0.030156 0.040000
0 0.131797 0.575417 0.051406 0.110278