0 0.720781 0.786944 0.173750 0.389444
0 0.758125 0.383194 0.127188 0.386944
0 0.410313 0.774444 0.235000 0.275000
0 0.356406 0.864028 0.217188 0.256389
0 0.330781 0.942778 0.224062 0.114444
0 0.518594 0.340556 0.141875 0.278333
0 0.601797 0.325694 0.115781 0.286389
0 0.655859 0.302917 0.117344 0.330833
0 0.728750 0.283611 0.136563 0.261111
0 0.557344 0.195833 0.175313 0.168889
0 0.681094 0.155417 0.176563 0.116389
0 0.423906 0.252500 0.152500 0.182778
0 0.357109 0.222500 0.134844 0.122778
0 0.288594 0.543333 0.169687 0.228889
0 0.209141 0.884722 0.158281 0.213889
0 0.333750 0.314028 0.088438 0.128611
0 0.153047 0.690556 0.119531 0.215000
0 0.290156 0.696250 0.179375 0.196944
0 0.195078 0.731806 0.099844 0.276389
0 0.311719 0.441944 0.153438 0.207778
0 0.272969 0.345972 0.067187 0.186944
0 0.260000 0.330833 0.073125 0.176667
0 0.236094 0.256806 0.065938 0.106944
0 0.199844 0.359722 0.022500 0.066111
0 0.229922 0.325694 0.061719 0.120278
0 0.122422 0.556250 0.024844 0.041389
0 0.282578 0.243333 0.083594 0.081111
0 0.216641 0.413611 0.033906 0.078333
0 0.131875 0.603889 0.064687 0.115000