0 0.550938 0.206250 0.146250 0.082500
0 0.555156 0.251111 0.146250 0.105556
0 0.578516 0.342500 0.157969 0.211111
0 0.657344 0.258889 0.075313 0.203333
0 0.701484 0.293611 0.065156 0.231667
0 0.744297 0.261528 0.057969 0.208611
0 0.193047 0.686389 0.085469 0.255000
0 0.316875 0.476528 0.130312 0.236944
0 0.253281 0.316806 0.052187 0.066944
0 0.413281 0.618194 0.079687 0.309167
0 0.482734 0.376111 0.120156 0.211111
0 0.392266 0.301389 0.133281 0.170000
0 0.698594 0.799583 0.134688 0.321944
0 0.413203 0.333611 0.140469 0.162222
0 0.476406 0.598750 0.084062 0.326944
0 0.426328 0.218889 0.117344 0.077222
0 0.734844 0.504722 0.079687 0.360556
0 0.269844 0.385139 0.091250 0.115833
0 0.335859 0.263889 0.121719 0.090000
0 0.271328 0.646528 0.108594 0.298611
0 0.516172 0.736667 0.183906 0.376111
0 0.332266 0.239444 0.094219 0.097778
0 0.248828 0.265417 0.089844 0.139167
0 0.169141 0.564028 0.069531 0.082500
0 0.164141 0.678611 0.108594 0.239444