0 0.440547 0.750000 0.185469 0.281667
0 0.172500 0.668750 0.147187 0.453611
0 0.247969 0.861806 0.273750 0.254722
0 0.493203 0.876111 0.158281 0.246667
0 0.799453 0.783611 0.059844 0.095556
0 0.455469 0.501111 0.160938 0.296667
0 0.524219 0.468194 0.108125 0.234722
0 0.536328 0.340000 0.147656 0.190556
0 0.140781 0.374722 0.080000 0.305000
0 0.229063 0.273889 0.128438 0.238889
0 0.292891 0.282500 0.159219 0.221667
0 0.251328 0.182222 0.116406 0.118889
0 0.378516 0.228750 0.166094 0.108611
0 0.446797 0.358611 0.181094 0.153889
0 0.167812 0.286389 0.077500 0.191111
0 0.391953 0.290972 0.158594 0.124722
0 0.247656 0.526806 0.110000 0.318056
0 0.338281 0.494306 0.101875 0.306389
0 0.791406 0.721944 0.066875 0.135000
0 0.672422 0.692917 0.077031 0.099722
0 0.757344 0.601250 0.080937 0.138611
0 0.740391 0.657222 0.068281 0.129444
0 0.632656 0.371667 0.078125 0.146667
0 0.632578 0.377361 0.076719 0.085833
0 0.577188 0.437361 0.063438 0.118056
0 0.697266 0.449861 0.073281 0.143611
0 0.700469 0.523889 0.098750 0.165000
0 0.571328 0.947222 0.074219 0.105556
0 0.719922 0.701667 0.041406 0.108333