0 0.734844 0.817778 0.158438 0.364444
0 0.775391 0.427222 0.138281 0.332778
0 0.530000 0.331250 0.136563 0.284722
0 0.612656 0.323750 0.150000 0.275833
0 0.342891 0.887500 0.224219 0.167778
0 0.519922 0.981250 0.133281 0.037500
0 0.181016 0.748056 0.112969 0.212778
0 0.738281 0.232500 0.165313 0.158889
0 0.704609 0.158889 0.198906 0.120000
0 0.429688 0.229583 0.148438 0.176944
0 0.310937 0.229444 0.092812 0.122778
0 0.361484 0.172500 0.099531 0.068889
0 0.293906 0.418194 0.170313 0.290833
0 0.168359 0.872500 0.117969 0.203889
0 0.060469 0.596667 0.067500 0.173889
0 0.272969 0.272778 0.050625 0.167778
0 0.225703 0.214444 0.074219 0.075000
0 0.240078 0.266806 0.035469 0.095833
0 0.202031 0.271528 0.064062 0.093056
0 0.207891 0.341806 0.079219 0.101944
0 0.126953 0.658194 0.112969 0.206944
0 0.088281 0.782500 0.075938 0.173889
0 0.481172 0.849306 0.210781 0.301389
0 0.287188 0.943750 0.187188 0.112500
0 0.331016 0.800417 0.241094 0.191944
0 0.216328 0.675972 0.109531 0.230833
0 0.203828 0.340278 0.040469 0.158889
0 0.221484 0.430278 0.052344 0.105000
0 0.177656 0.326944 0.025312 0.060000
0 0.089063 0.578611 0.047188 0.120000
0 0.081484 0.506806 0.032031 0.041944
0 0.121094 0.583194 0.047188 0.063056