0 0.451562 0.763889 0.203125 0.250000
0 0.165625 0.702778 0.115625 0.466667
0 0.380469 0.304167 0.167187 0.108333
0 0.260937 0.586111 0.109375 0.383333
0 0.255469 0.877778 0.148438 0.238889
0 0.364063 0.525000 0.121875 0.244444
0 0.461719 0.498611 0.135937 0.330556
0 0.422656 0.900000 0.214062 0.194444
0 0.446875 0.344444 0.137500 0.166667
0 0.543750 0.352778 0.112500 0.194444
0 0.522656 0.468056 0.104688 0.225000
0 0.139844 0.406944 0.082812 0.263889
0 0.223438 0.304167 0.118750 0.269444
0 0.290625 0.312500 0.153125 0.230556
0 0.164844 0.315278 0.073438 0.186111
0 0.246094 0.202778 0.110937 0.105556
0 0.376563 0.240278 0.171875 0.113889
0 0.757031 0.576389 0.064062 0.130556
0 0.675781 0.681944 0.076563 0.097222
0 0.817969 0.759722 0.092188 0.091667
0 0.782031 0.700000 0.089063 0.133333
0 0.628906 0.379167 0.085938 0.108333
0 0.629687 0.368056 0.075000 0.080556
0 0.575781 0.431944 0.060937 0.113889
0 0.696094 0.436111 0.070312 0.138889
0 0.702344 0.536111 0.098437 0.211111
0 0.560156 0.881944 0.104688 0.230556
0 0.371094 0.398611 0.073438 0.147222
0 0.748437 0.712500 0.043750 0.091667