0 0.719141 0.814028 0.147656 0.371944
0 0.753594 0.439722 0.135000 0.321111
0 0.421563 0.748056 0.211875 0.340556
0 0.348594 0.800972 0.200937 0.173056
0 0.317891 0.934028 0.215156 0.131944
0 0.528281 0.344861 0.127188 0.265278
0 0.601406 0.343472 0.122500 0.268056
0 0.611484 0.418750 0.155469 0.290278
0 0.558125 0.196667 0.133438 0.108889
0 0.721484 0.240000 0.161719 0.111667
0 0.702578 0.161806 0.161719 0.078056
0 0.434844 0.248472 0.138125 0.161944
0 0.336016 0.227639 0.084844 0.148056
0 0.384687 0.191250 0.072188 0.058611
0 0.273125 0.637778 0.138125 0.203889
0 0.200938 0.710417 0.128750 0.309722
0 0.092656 0.584583 0.065938 0.181389
0 0.271641 0.304167 0.034531 0.145000
0 0.244844 0.231528 0.069062 0.066944
0 0.249609 0.318056 0.040781 0.145000
0 0.212812 0.298611 0.051875 0.106111
0 0.297500 0.442361 0.136563 0.270833
0 0.160156 0.667083 0.078438 0.184167
0 0.113906 0.759167 0.061250 0.139444
0 0.303828 0.279306 0.048594 0.150833
0 0.332031 0.883472 0.211875 0.181389
0 0.222891 0.339167 0.037656 0.120000
0 0.242578 0.442500 0.048594 0.097778
0 0.151562 0.551250 0.073750 0.080833