0 0.731875 0.817222 0.156250 0.365556
0 0.772656 0.435000 0.134688 0.340000
0 0.530000 0.334583 0.134688 0.280833
0 0.611328 0.333056 0.147969 0.283889
0 0.362031 0.914028 0.254375 0.168611
0 0.519922 0.978333 0.131406 0.043333
0 0.282109 0.477917 0.147969 0.289722
0 0.735234 0.223611 0.162969 0.130000
0 0.702031 0.164722 0.196250 0.118333
0 0.430938 0.233889 0.146250 0.174444
0 0.313672 0.233889 0.091406 0.121111
0 0.363594 0.176389 0.098125 0.065000
0 0.256406 0.638889 0.156250 0.192222
0 0.190625 0.831111 0.151250 0.186111
0 0.061016 0.606528 0.064844 0.162500
0 0.273047 0.272361 0.049844 0.168611
0 0.229844 0.219167 0.073125 0.073889
0 0.242266 0.302083 0.038281 0.150833
0 0.203984 0.276806 0.064844 0.094722
0 0.297109 0.395000 0.147969 0.260000
0 0.150000 0.677361 0.093125 0.215833
0 0.094297 0.779306 0.074844 0.171389
0 0.371172 0.757222 0.256094 0.203889
0 0.307891 0.940000 0.216094 0.120000
0 0.345313 0.786806 0.207813 0.162500
0 0.413516 0.736528 0.211094 0.363611
0 0.208203 0.328611 0.039844 0.138889
0 0.224062 0.424583 0.051562 0.106389
0 0.182500 0.330139 0.025000 0.059167
0 0.095078 0.569583 0.043281 0.106389
0 0.087656 0.507361 0.031563 0.041389
0 0.110078 0.597639 0.053281 0.115278