0 0.289844 0.811111 0.160938 0.372222
0 0.238281 0.412500 0.114062 0.375000
0 0.586719 0.766667 0.226562 0.300000
0 0.651563 0.837500 0.200000 0.252778
0 0.682031 0.930556 0.214062 0.133333
0 0.475781 0.343056 0.132812 0.263889
0 0.392188 0.337500 0.106250 0.275000
0 0.317969 0.306944 0.148438 0.225000
0 0.263281 0.316667 0.129688 0.261111
0 0.440625 0.204167 0.134375 0.119444
0 0.289062 0.209722 0.168750 0.125000
0 0.296875 0.162500 0.162500 0.063889
0 0.567969 0.236111 0.145313 0.144444
0 0.657031 0.245833 0.098437 0.102778
0 0.628125 0.181944 0.100000 0.052778
0 0.731250 0.619444 0.137500 0.172222
0 0.817187 0.844444 0.143750 0.183333
0 0.903906 0.558333 0.057813 0.150000
0 0.744531 0.383333 0.076563 0.211111
0 0.714063 0.262500 0.046875 0.097222
0 0.756250 0.238889 0.065625 0.105556
0 0.794531 0.326389 0.023438 0.063889
0 0.748437 0.297222 0.040625 0.111111
0 0.708594 0.213889 0.057813 0.055556
0 0.704688 0.429167 0.121875 0.291667
0 0.849219 0.659722 0.126562 0.241667
0 0.882031 0.513889 0.023438 0.044444
0 0.815625 0.287500 0.046875 0.047222
0 0.914844 0.648611 0.051562 0.163889
0 0.781250 0.344444 0.031250 0.111111
0 0.764062 0.431944 0.043750 0.097222