0 0.562656 0.187639 0.159688 0.100278
0 0.566250 0.236528 0.160312 0.125278
0 0.588906 0.336944 0.175313 0.240000
0 0.676094 0.252778 0.086250 0.225000
0 0.722813 0.293611 0.075938 0.255000
0 0.769766 0.262222 0.067656 0.229444
0 0.120078 0.596250 0.112656 0.088611
0 0.165313 0.677361 0.098437 0.281389
0 0.313047 0.467083 0.164844 0.255833
0 0.230391 0.252639 0.103906 0.179167
0 0.404219 0.620972 0.093437 0.339167
0 0.485078 0.365417 0.134844 0.236944
0 0.389375 0.277917 0.147812 0.193611
0 0.707344 0.830000 0.153125 0.340000
0 0.343125 0.245417 0.115312 0.138611
0 0.411172 0.314306 0.155469 0.185833
0 0.472578 0.605000 0.098594 0.358889
0 0.428047 0.191806 0.128281 0.092500
0 0.753594 0.523750 0.094688 0.394722
0 0.272656 0.354444 0.084687 0.225000
0 0.212188 0.266528 0.044062 0.083611
0 0.254609 0.633750 0.122031 0.294167
0 0.509766 0.760694 0.202344 0.394167
0 0.326016 0.206667 0.103906 0.112778
0 0.127266 0.521667 0.064531 0.096111
0 0.174922 0.555694 0.051719 0.084167
0 0.123359 0.690972 0.104219 0.198611
0 0.219688 0.375694 0.036875 0.116389