0 0.720000 0.813611 0.148750 0.372778
0 0.754766 0.437639 0.136094 0.323611
0 0.420234 0.739722 0.213594 0.360000
0 0.352109 0.801667 0.191406 0.174444
0 0.315703 0.934583 0.216719 0.130833
0 0.527813 0.341944 0.128125 0.267222
0 0.606016 0.340278 0.142344 0.270000
0 0.708906 0.343333 0.123438 0.219444
0 0.511172 0.972639 0.139219 0.054722
0 0.557891 0.192639 0.134531 0.109722
0 0.722422 0.236250 0.162969 0.112500
0 0.701016 0.163333 0.158281 0.090000
0 0.433672 0.242083 0.136094 0.157500
0 0.340234 0.240694 0.085469 0.104167
0 0.372734 0.188472 0.090156 0.056389
0 0.270703 0.637083 0.139219 0.205278
0 0.164531 0.820000 0.129688 0.143333
0 0.080781 0.597639 0.050625 0.120833
0 0.277812 0.293889 0.049062 0.177222
0 0.242188 0.226528 0.069687 0.059167
0 0.250859 0.312361 0.042656 0.151944
0 0.216016 0.286944 0.064844 0.084444
0 0.300000 0.437500 0.147187 0.301111
0 0.163828 0.660972 0.090156 0.208056
0 0.104531 0.533194 0.044375 0.104167
0 0.330703 0.883333 0.215156 0.174444
0 0.219219 0.336250 0.030000 0.120833
0 0.239844 0.438889 0.052187 0.095556
0 0.136172 0.569583 0.063281 0.120833