0 0.715938 0.815000 0.164375 0.370000
0 0.768750 0.412917 0.116562 0.383056
0 0.399922 0.771806 0.231406 0.255278
0 0.341797 0.856944 0.213906 0.238333
0 0.312188 0.944167 0.225000 0.111667
0 0.526094 0.341944 0.135625 0.269444
0 0.611484 0.336250 0.108594 0.280833
0 0.675312 0.315139 0.134063 0.249722
0 0.750312 0.286806 0.121250 0.249722
0 0.538906 0.986667 0.266562 0.026667
0 0.561250 0.197222 0.132500 0.110556
0 0.700078 0.171806 0.173906 0.093611
0 0.432812 0.245694 0.146875 0.173056
0 0.363203 0.207361 0.129219 0.096389
0 0.303359 0.405972 0.127656 0.249722
0 0.190234 0.856944 0.153281 0.187222
0 0.104688 0.772083 0.062187 0.113611
0 0.336875 0.281111 0.076563 0.102222
0 0.115937 0.512500 0.027187 0.048333
0 0.146172 0.641528 0.126094 0.198611
0 0.285859 0.618889 0.140469 0.232778
0 0.202109 0.699444 0.081406 0.269444
0 0.330547 0.509583 0.169219 0.201389
0 0.289922 0.298194 0.039844 0.141944
0 0.259609 0.313611 0.052656 0.212778
0 0.230000 0.359167 0.031875 0.127778
0 0.244297 0.218750 0.070156 0.113611
0 0.200547 0.315278 0.023906 0.073889
0 0.123047 0.542083 0.025469 0.045278
0 0.286719 0.211528 0.062187 0.065278
0 0.221250 0.327917 0.043125 0.121944