0 0.721406 0.814306 0.149688 0.371389
0 0.766875 0.437500 0.116250 0.325556
0 0.419688 0.741667 0.215000 0.362222
0 0.351328 0.804167 0.192656 0.175556
0 0.314687 0.935972 0.218125 0.128056
0 0.528047 0.341111 0.128906 0.268889
0 0.606797 0.339722 0.143281 0.271667
0 0.707109 0.366667 0.105156 0.263333
0 0.511328 0.974167 0.140156 0.051667
0 0.558281 0.191250 0.135313 0.110278
0 0.723906 0.235278 0.164062 0.113333
0 0.702422 0.161389 0.159219 0.090556
0 0.434141 0.245139 0.138594 0.161389
0 0.339375 0.239306 0.085938 0.104722
0 0.372812 0.188333 0.098750 0.053889
0 0.269297 0.638611 0.140156 0.206667
0 0.168203 0.849306 0.125781 0.192500
0 0.080547 0.604583 0.042969 0.166944
0 0.276406 0.293056 0.049375 0.178333
0 0.240625 0.230972 0.070000 0.070833
0 0.200078 0.332917 0.023906 0.042500
0 0.251016 0.310000 0.039844 0.150000
0 0.298750 0.437500 0.148125 0.302778
0 0.211875 0.281944 0.066875 0.082222
0 0.165859 0.663889 0.089219 0.206667
0 0.108438 0.758611 0.066875 0.152778
0 0.329766 0.873333 0.210156 0.183889
0 0.217500 0.335556 0.030312 0.121667
0 0.238125 0.438889 0.052500 0.096111
0 0.131562 0.608889 0.084375 0.141667
0 0.110078 0.552083 0.038281 0.073611
0 0.106016 0.509861 0.027031 0.039722