0 0.539141 0.175556 0.161719 0.113889
0 0.546172 0.223333 0.162969 0.138889
0 0.567656 0.303472 0.192188 0.225833
0 0.656328 0.213889 0.092031 0.231667
0 0.721797 0.250694 0.105469 0.283056
0 0.749844 0.201528 0.073750 0.234167
0 0.334687 0.927778 0.191562 0.144444
0 0.363047 0.305833 0.132031 0.166667
0 0.108516 0.620556 0.055469 0.148889
0 0.397813 0.328194 0.126250 0.204167
0 0.553203 0.498472 0.149219 0.383611
0 0.073828 0.709861 0.043281 0.152500
0 0.159141 0.677778 0.114844 0.133889
0 0.698750 0.844306 0.144687 0.264722
0 0.121016 0.820694 0.085469 0.161944
0 0.446016 0.610556 0.134219 0.392222
0 0.363281 0.555694 0.138125 0.285833
0 0.373125 0.655694 0.142500 0.371389
0 0.447109 0.371806 0.116719 0.260278
0 0.406797 0.209583 0.129219 0.111389
0 0.287266 0.435278 0.130469 0.287222
0 0.295234 0.300139 0.111094 0.179722
0 0.709375 0.482778 0.114062 0.479444
0 0.223047 0.437361 0.042969 0.086389
0 0.273125 0.267500 0.046875 0.070556
0 0.277422 0.611389 0.152344 0.172778
0 0.231797 0.808472 0.160469 0.300278
0 0.205859 0.362083 0.060469 0.094722
0 0.230781 0.251944 0.065312 0.101111
0 0.131484 0.594583 0.032656 0.095833
0 0.200078 0.311389 0.076406 0.105556
0 0.162734 0.346944 0.027656 0.056667