0 0.554609 0.176667 0.151719 0.076111
0 0.562344 0.232500 0.155000 0.115000
0 0.597266 0.322778 0.162969 0.212222
0 0.670859 0.241389 0.081719 0.220000
0 0.734063 0.289167 0.092812 0.270000
0 0.764609 0.245000 0.062969 0.225556
0 0.066875 0.638472 0.056563 0.155833
0 0.102969 0.541528 0.044062 0.133611
0 0.144219 0.633750 0.105000 0.161944
0 0.142344 0.797500 0.086250 0.161667
0 0.306875 0.918194 0.190938 0.156944
0 0.501328 0.951389 0.067344 0.092222
0 0.299141 0.531944 0.148906 0.234444
0 0.305859 0.305694 0.098906 0.186944
0 0.258984 0.660694 0.112969 0.203611
0 0.366875 0.275417 0.123750 0.164722
0 0.483203 0.338750 0.103594 0.217500
0 0.418984 0.381389 0.072344 0.231111
0 0.402031 0.288194 0.106563 0.139722
0 0.519531 0.506944 0.174063 0.248333
0 0.434219 0.595417 0.122500 0.292500
0 0.681953 0.884722 0.150469 0.228889
0 0.700313 0.736250 0.190000 0.426389
0 0.212109 0.327222 0.076719 0.070000
0 0.247422 0.237222 0.075156 0.072778
0 0.290391 0.252500 0.092344 0.070000
0 0.327266 0.200000 0.090781 0.053333
0 0.422578 0.196806 0.103281 0.095278
0 0.304141 0.416667 0.142656 0.187222
0 0.254922 0.394167 0.078281 0.097778
0 0.200391 0.307639 0.037656 0.053056
0 0.136641 0.540417 0.026719 0.041944