0 0.538125 0.169306 0.154688 0.098056
0 0.547031 0.223750 0.162812 0.137500
0 0.587969 0.308194 0.172187 0.235278
0 0.657031 0.215278 0.091563 0.231111
0 0.722422 0.252361 0.104844 0.282500
0 0.750625 0.203472 0.073125 0.233611
0 0.075703 0.707361 0.063594 0.163611
0 0.106719 0.605000 0.050000 0.139444
0 0.152422 0.690000 0.112031 0.176667
0 0.158906 0.853472 0.093437 0.173611
0 0.328906 0.927639 0.197500 0.144722
0 0.524141 0.949306 0.071406 0.101389
0 0.302656 0.587361 0.156875 0.208056
0 0.297109 0.344444 0.106406 0.186667
0 0.268125 0.698750 0.121875 0.219167
0 0.356094 0.297778 0.130937 0.182222
0 0.383437 0.312917 0.119063 0.191389
0 0.487500 0.340278 0.138125 0.235556
0 0.413906 0.407361 0.080000 0.182500
0 0.519766 0.503889 0.184844 0.272778
0 0.433750 0.588333 0.141562 0.367778
0 0.720781 0.701667 0.190312 0.449444
0 0.700703 0.853889 0.160469 0.250000
0 0.388125 0.327500 0.142187 0.192222
0 0.235234 0.278611 0.078281 0.083333
0 0.278672 0.287222 0.095156 0.083333
0 0.312656 0.229028 0.092812 0.066389
0 0.407578 0.210278 0.107344 0.110000
0 0.298906 0.477917 0.150313 0.264722
0 0.235547 0.415139 0.081406 0.149722
0 0.186016 0.347500 0.051719 0.079444