0 0.555469 0.183333 0.157812 0.088889
0 0.560156 0.231944 0.157812 0.113889
0 0.577344 0.322222 0.182812 0.211111
0 0.670312 0.240278 0.081250 0.219444
0 0.733594 0.270833 0.092188 0.236111
0 0.764062 0.243056 0.062500 0.225000
0 0.312500 0.919444 0.184375 0.155556
0 0.373437 0.284722 0.125000 0.147222
0 0.107813 0.523611 0.040625 0.075000
0 0.407031 0.312500 0.117188 0.186111
0 0.553125 0.506944 0.131250 0.363889
0 0.064844 0.640278 0.035937 0.147222
0 0.142187 0.625000 0.100000 0.144444
0 0.680469 0.875000 0.132812 0.244444
0 0.082812 0.638889 0.065625 0.150000
0 0.440625 0.601389 0.115625 0.375000
0 0.310156 0.505556 0.176563 0.283333
0 0.356250 0.634722 0.140625 0.352778
0 0.453906 0.363889 0.104688 0.244444
0 0.422656 0.188889 0.120313 0.077778
0 0.239063 0.381944 0.081250 0.180556
0 0.314844 0.268056 0.120313 0.202778
0 0.712500 0.465278 0.156250 0.386111
0 0.290625 0.426389 0.106250 0.208333
0 0.209375 0.694444 0.115625 0.311111
0 0.228125 0.287500 0.081250 0.130556
0 0.239844 0.223611 0.070312 0.091667
0 0.193750 0.266667 0.043750 0.088889
0 0.126562 0.537500 0.034375 0.097222