0 0.558203 0.153611 0.162969 0.080556
0 0.566641 0.213472 0.166406 0.122500
0 0.604453 0.310417 0.174844 0.226944
0 0.683516 0.222500 0.087344 0.236111
0 0.751641 0.273194 0.099219 0.289722
0 0.784375 0.225417 0.067187 0.241944
0 0.034766 0.653889 0.060469 0.167222
0 0.073359 0.549444 0.047031 0.143333
0 0.118047 0.648056 0.112656 0.173333
0 0.116250 0.824444 0.092500 0.173333
0 0.293594 0.934583 0.205000 0.130833
0 0.502891 0.968889 0.072344 0.062222
0 0.284375 0.537500 0.159688 0.251111
0 0.291094 0.294028 0.105937 0.200278
0 0.241406 0.676528 0.120938 0.218056
0 0.356563 0.261250 0.132812 0.176389
0 0.481875 0.328472 0.110937 0.233056
0 0.412891 0.374861 0.077344 0.248056
0 0.394453 0.274722 0.114219 0.149444
0 0.521250 0.509028 0.186563 0.265833
0 0.429766 0.604583 0.131094 0.313611
0 0.696953 0.895694 0.161406 0.208611
0 0.719531 0.754167 0.196563 0.457222
0 0.179297 0.285000 0.090781 0.062778
0 0.227969 0.220833 0.080625 0.077778
0 0.274297 0.237361 0.099219 0.074722
0 0.313750 0.180556 0.097500 0.056667
0 0.416250 0.176111 0.110937 0.101667
0 0.286953 0.409028 0.161406 0.203056
0 0.238984 0.403194 0.099219 0.137500
0 0.108672 0.545000 0.033594 0.062778