0 0.282813 0.811111 0.146875 0.372222
0 0.245312 0.431944 0.128125 0.308333
0 0.472656 0.343056 0.126562 0.263889
0 0.396094 0.336111 0.139063 0.255556
0 0.628125 0.880556 0.218750 0.172222
0 0.482031 0.962500 0.123438 0.069444
0 0.846875 0.601389 0.084375 0.136111
0 0.279687 0.251389 0.153125 0.147222
0 0.310937 0.183333 0.184375 0.111111
0 0.565625 0.248611 0.137500 0.163889
0 0.674219 0.244444 0.079687 0.105556
0 0.628906 0.194444 0.092188 0.061111
0 0.706250 0.436111 0.143750 0.288889
0 0.810156 0.834722 0.110937 0.197222
0 0.911719 0.593056 0.060937 0.175000
0 0.703125 0.279167 0.053125 0.136111
0 0.737500 0.300000 0.040625 0.127778
0 0.764062 0.262500 0.081250 0.163889
0 0.882031 0.761111 0.070312 0.161111
0 0.586719 0.637500 0.214062 0.197222
0 0.695312 0.925000 0.184375 0.144444
0 0.653125 0.769444 0.215625 0.205556
0 0.761719 0.661111 0.104688 0.216667
0 0.770312 0.344444 0.037500 0.122222
0 0.758594 0.430556 0.048438 0.094444
0 0.800000 0.331944 0.025000 0.063889
0 0.888281 0.505556 0.029687 0.038889
0 0.867969 0.627778 0.026562 0.061111
0 0.881250 0.573611 0.040625 0.108333