0 0.554688 0.163889 0.150000 0.050000
0 0.560156 0.231944 0.157812 0.113889
0 0.596875 0.291667 0.162500 0.150000
0 0.670312 0.240278 0.081250 0.219444
0 0.733594 0.291667 0.092188 0.277778
0 0.764062 0.243056 0.062500 0.225000
0 0.067187 0.641667 0.056250 0.155556
0 0.103125 0.544444 0.043750 0.133333
0 0.144531 0.636111 0.104688 0.161111
0 0.142969 0.800000 0.085938 0.161111
0 0.307812 0.919444 0.190625 0.155556
0 0.502344 0.951389 0.067187 0.091667
0 0.290625 0.619444 0.131250 0.261111
0 0.305469 0.313889 0.098437 0.172222
0 0.250781 0.680556 0.095312 0.238889
0 0.366406 0.276389 0.123438 0.163889
0 0.392969 0.295833 0.110937 0.175000
0 0.495312 0.338889 0.128125 0.216667
0 0.418750 0.345833 0.071875 0.180556
0 0.519531 0.506944 0.173437 0.247222
0 0.411719 0.495833 0.135937 0.347222
0 0.697656 0.886111 0.157812 0.222222
0 0.664844 0.713889 0.276562 0.211111
0 0.571094 0.352778 0.207813 0.244444
0 0.226562 0.244444 0.050000 0.127778
0 0.325781 0.206944 0.092188 0.163889
0 0.283594 0.252778 0.035937 0.088889
0 0.432031 0.190278 0.114062 0.102778
0 0.300781 0.447222 0.139063 0.244444
0 0.236719 0.373611 0.067187 0.102778
0 0.194531 0.300000 0.048438 0.072222