0 0.711641 0.808056 0.162656 0.374444
0 0.761328 0.408889 0.115781 0.376667
0 0.402031 0.779167 0.227813 0.281111
0 0.345391 0.849583 0.210469 0.236389
0 0.316797 0.939444 0.220781 0.121111
0 0.523594 0.342639 0.134063 0.265833
0 0.607031 0.335972 0.107500 0.276389
0 0.680469 0.311389 0.151250 0.263333
0 0.733516 0.306528 0.129219 0.254722
0 0.558047 0.203194 0.134844 0.121389
0 0.716562 0.191389 0.161562 0.124444
0 0.692187 0.155417 0.144063 0.068611
0 0.432422 0.227500 0.152344 0.160556
0 0.339375 0.221667 0.109688 0.062778
0 0.365000 0.187917 0.105000 0.056944
0 0.286953 0.550278 0.155469 0.185556
0 0.196250 0.861250 0.146250 0.204722
0 0.112891 0.755417 0.064531 0.117500
0 0.312188 0.274861 0.102188 0.134722
0 0.155625 0.707639 0.100937 0.195833
0 0.153594 0.606389 0.113125 0.126667
0 0.309922 0.450139 0.167969 0.180278
0 0.255234 0.281250 0.056719 0.100833
0 0.244141 0.231528 0.062969 0.100833
0 0.205469 0.329306 0.025312 0.066944
0 0.233359 0.302361 0.059844 0.120278
0 0.121172 0.519306 0.023594 0.039167
0 0.290937 0.218333 0.069062 0.059444
0 0.222891 0.385833 0.034844 0.092222
0 0.120625 0.565278 0.037812 0.075556
0 0.268828 0.363056 0.077344 0.181667