0 0.535547 0.174306 0.162344 0.119167
0 0.543203 0.221806 0.163906 0.144167
0 0.574219 0.314861 0.183438 0.259722
0 0.653281 0.208611 0.094375 0.233889
0 0.702813 0.236389 0.085312 0.262222
0 0.746641 0.192917 0.076094 0.235833
0 0.129141 0.716944 0.075469 0.153889
0 0.395781 0.327639 0.127500 0.199722
0 0.086328 0.723889 0.061719 0.153889
0 0.164141 0.623333 0.088281 0.112778
0 0.160469 0.840694 0.114688 0.142500
0 0.381172 0.484167 0.127656 0.177778
0 0.349844 0.917639 0.209687 0.164722
0 0.399375 0.663611 0.135937 0.383889
0 0.470625 0.368889 0.137813 0.267222
0 0.368828 0.312083 0.139531 0.171944
0 0.303984 0.482639 0.151406 0.215278
0 0.332422 0.333194 0.123281 0.206944
0 0.491875 0.610556 0.184688 0.380000
0 0.402813 0.214583 0.130937 0.107500
0 0.747344 0.457083 0.135937 0.408611
0 0.251406 0.420278 0.076250 0.189444
0 0.285234 0.686250 0.163281 0.258611
0 0.194844 0.333472 0.048438 0.113056
0 0.370859 0.866806 0.213906 0.266389
0 0.350000 0.590972 0.162812 0.250278
0 0.303281 0.256528 0.107500 0.124722
0 0.219687 0.289583 0.060000 0.126389
0 0.203437 0.394722 0.039375 0.065000