0 0.557109 0.174583 0.162344 0.091389
0 0.561953 0.224722 0.162344 0.117222
0 0.587734 0.317500 0.175156 0.217222
0 0.675234 0.233056 0.083594 0.225556
0 0.740391 0.283333 0.094844 0.280000
0 0.771641 0.235972 0.064219 0.231389
0 0.307266 0.925833 0.189531 0.148333
0 0.374688 0.251806 0.093125 0.154167
0 0.078359 0.515972 0.052969 0.128611
0 0.404453 0.307361 0.120469 0.191389
0 0.561094 0.507361 0.147812 0.374167
0 0.063125 0.643056 0.054688 0.160000
0 0.137734 0.595972 0.097969 0.071389
0 0.685625 0.880139 0.136563 0.239722
0 0.108047 0.767222 0.038594 0.105556
0 0.438984 0.604444 0.118906 0.385556
0 0.340234 0.497361 0.242656 0.251389
0 0.372422 0.634583 0.142969 0.348611
0 0.464844 0.360417 0.099687 0.251389
0 0.285547 0.398750 0.120469 0.276944
0 0.312969 0.190417 0.088438 0.134167
0 0.573203 0.865833 0.178281 0.268333
0 0.236641 0.374583 0.073906 0.114167
0 0.250234 0.653194 0.130156 0.191389
0 0.423750 0.183333 0.146250 0.097222
0 0.285625 0.300278 0.033750 0.062778
0 0.177891 0.755972 0.107656 0.254167
0 0.758828 0.500278 0.106094 0.400000
0 0.198906 0.269028 0.043438 0.108611
0 0.243125 0.226250 0.077187 0.085833
0 0.262344 0.258750 0.102813 0.134167
0 0.113594 0.561806 0.046562 0.088611
0 0.125703 0.675833 0.109219 0.105556