0 0.532109 0.173333 0.162969 0.124444
0 0.540156 0.220417 0.164688 0.149167
0 0.571484 0.304167 0.184219 0.248333
0 0.650156 0.203333 0.096562 0.236111
0 0.716328 0.237222 0.111094 0.291111
0 0.743203 0.184583 0.078281 0.237500
0 0.108828 0.646250 0.041406 0.150278
0 0.344531 0.930278 0.194062 0.139444
0 0.353750 0.298611 0.119063 0.190000
0 0.394219 0.335417 0.129688 0.211389
0 0.559297 0.493333 0.168906 0.393889
0 0.089297 0.743333 0.062344 0.144444
0 0.158359 0.656111 0.097656 0.128333
0 0.164141 0.852083 0.115781 0.145833
0 0.448437 0.614167 0.141875 0.398333
0 0.353828 0.547917 0.169219 0.271944
0 0.386250 0.657917 0.162500 0.368056
0 0.455937 0.372917 0.113750 0.264722
0 0.294844 0.474583 0.152812 0.257500
0 0.317891 0.326389 0.113594 0.199444
0 0.711172 0.770556 0.232969 0.373333
0 0.399453 0.212500 0.132344 0.122778
0 0.240313 0.763194 0.117500 0.273611
0 0.249219 0.443194 0.090000 0.210278
0 0.296406 0.667500 0.123438 0.228889
0 0.749453 0.442361 0.130469 0.409167
0 0.193203 0.344167 0.049531 0.114444
0 0.211641 0.306111 0.035469 0.067778
0 0.266094 0.295000 0.110312 0.174444