0 0.689297 0.780278 0.144844 0.335000
0 0.735859 0.421250 0.102656 0.337500
0 0.410938 0.737778 0.204062 0.225000
0 0.363828 0.820278 0.216719 0.195000
0 0.333437 0.894028 0.198437 0.107500
0 0.521953 0.358750 0.119531 0.237500
0 0.597188 0.353750 0.095625 0.247500
0 0.653438 0.335000 0.118125 0.220000
0 0.719687 0.301250 0.106875 0.202500
0 0.550078 0.832778 0.108281 0.230000
0 0.550781 0.231250 0.120938 0.097500
0 0.675234 0.208750 0.153281 0.082500
0 0.439687 0.256250 0.129375 0.157500
0 0.372188 0.226250 0.104062 0.127500
0 0.325078 0.412500 0.111094 0.205000
0 0.221563 0.820278 0.135000 0.175000
0 0.154062 0.726528 0.061875 0.087500
0 0.357422 0.297500 0.071719 0.105000
0 0.113281 0.647778 0.064687 0.095000
0 0.184297 0.615278 0.102656 0.165000
0 0.310312 0.602778 0.123750 0.205000
0 0.236328 0.674028 0.071719 0.237500
0 0.356016 0.499028 0.156094 0.167500
0 0.311719 0.317500 0.045000 0.125000
0 0.280078 0.265000 0.040781 0.110000
0 0.273750 0.371250 0.047813 0.142500
0 0.228594 0.283750 0.070312 0.112500
0 0.237031 0.335000 0.025312 0.070000
0 0.165313 0.532778 0.022500 0.055000
0 0.253203 0.346250 0.037969 0.107500
0 0.304688 0.242500 0.036562 0.045000