0 0.703203 0.802083 0.155781 0.360278
0 0.753203 0.415972 0.110469 0.363056
0 0.415781 0.759167 0.219375 0.290556
0 0.348359 0.837083 0.202656 0.225833
0 0.320391 0.924444 0.213281 0.115556
0 0.523203 0.348889 0.128594 0.255556
0 0.604062 0.343472 0.102813 0.266389
0 0.675312 0.320556 0.145313 0.252778
0 0.728984 0.321806 0.119531 0.244722
0 0.557266 0.214444 0.130156 0.115556
0 0.707812 0.212917 0.161875 0.129167
0 0.695625 0.175278 0.152812 0.064444
0 0.433984 0.242778 0.137656 0.140000
0 0.368906 0.196944 0.104375 0.053889
0 0.345391 0.250694 0.099844 0.107500
0 0.293906 0.590833 0.151250 0.169444
0 0.208516 0.835694 0.128594 0.174722
0 0.103359 0.574583 0.063594 0.174722
0 0.166875 0.585417 0.102813 0.126389
0 0.385547 0.422917 0.186094 0.177500
0 0.295469 0.289722 0.048438 0.115556
0 0.272031 0.296528 0.050000 0.129167
0 0.253203 0.237361 0.060469 0.096944
0 0.211563 0.328611 0.019688 0.048333
0 0.240313 0.308333 0.046875 0.083333
0 0.289453 0.227639 0.063594 0.056389
0 0.238828 0.399861 0.043906 0.094167
0 0.289453 0.417361 0.069531 0.177500
0 0.138281 0.756250 0.078750 0.145278
0 0.128984 0.511528 0.012031 0.026944
0 0.126094 0.549167 0.027187 0.053889
0 0.247109 0.463056 0.042344 0.086111