0 0.693750 0.788333 0.148750 0.343889
0 0.741328 0.419861 0.105469 0.346389
0 0.411406 0.716389 0.216562 0.174444
0 0.355156 0.821667 0.193437 0.215556
0 0.328516 0.905139 0.203594 0.110278
0 0.521797 0.355833 0.122656 0.243889
0 0.599062 0.350694 0.098125 0.254167
0 0.658984 0.331528 0.122656 0.220833
0 0.724062 0.309583 0.114062 0.233611
0 0.494531 0.806250 0.171875 0.308056
0 0.554375 0.223750 0.121250 0.097500
0 0.679297 0.201806 0.157344 0.084722
0 0.437500 0.268611 0.132812 0.156667
0 0.374531 0.233889 0.116875 0.087222
0 0.313203 0.424028 0.103906 0.220833
0 0.218047 0.821667 0.138594 0.169444
0 0.135703 0.734583 0.054844 0.097500
0 0.350781 0.300694 0.069375 0.092500
0 0.178281 0.626806 0.114062 0.179722
0 0.306094 0.610000 0.132812 0.202778
0 0.233828 0.674167 0.077969 0.243889
0 0.347891 0.513750 0.152969 0.159167
0 0.303203 0.313472 0.040469 0.133611
0 0.284453 0.318750 0.054844 0.164167
0 0.267109 0.244167 0.063594 0.102778
0 0.226641 0.331389 0.017344 0.066667
0 0.254141 0.300694 0.054844 0.097500
0 0.158828 0.535556 0.028906 0.053889
0 0.305312 0.237917 0.056250 0.059167
0 0.242500 0.377778 0.034687 0.087222