0 0.550547 0.181806 0.163281 0.093056
0 0.555625 0.230417 0.163437 0.118056
0 0.590703 0.319722 0.170469 0.215556
0 0.668125 0.235833 0.083125 0.221667
0 0.731719 0.281528 0.094375 0.271944
0 0.761875 0.236111 0.064375 0.226667
0 0.068437 0.652917 0.057500 0.156944
0 0.103516 0.555000 0.044844 0.134444
0 0.145547 0.809444 0.087344 0.163333
0 0.311250 0.922083 0.191875 0.155833
0 0.487422 0.951667 0.108594 0.094444
0 0.306563 0.550972 0.163750 0.162500
0 0.258359 0.668750 0.122031 0.205833
0 0.364609 0.280000 0.124844 0.167222
0 0.150781 0.602222 0.085000 0.077222
0 0.481563 0.339444 0.105000 0.219444
0 0.145937 0.673472 0.111875 0.108611
0 0.415547 0.395139 0.078594 0.254722
0 0.399922 0.305278 0.107656 0.169444
0 0.558672 0.505417 0.145156 0.367500
0 0.260000 0.386944 0.070312 0.190556
0 0.425859 0.597778 0.131094 0.361667
0 0.674453 0.710694 0.225781 0.291944
0 0.685937 0.878333 0.151875 0.231667
0 0.225547 0.392083 0.050781 0.104167
0 0.321172 0.229583 0.097656 0.102500
0 0.417734 0.203611 0.125781 0.106111
0 0.298594 0.427639 0.137813 0.231389
0 0.201172 0.275972 0.053594 0.059722
0 0.242109 0.301250 0.097656 0.091389
0 0.122891 0.533472 0.033281 0.064722
0 0.259219 0.215972 0.077500 0.121389