0 0.711250 0.800556 0.142500 0.361111
0 0.741484 0.438194 0.136406 0.309722
0 0.527188 0.346528 0.122812 0.255833
0 0.601328 0.345139 0.134844 0.258611
0 0.357344 0.855694 0.244062 0.148056
0 0.531562 0.938056 0.119687 0.086111
0 0.308828 0.485278 0.137969 0.247778
0 0.714297 0.238750 0.148594 0.131944
0 0.683984 0.191667 0.178906 0.107778
0 0.437031 0.255000 0.133438 0.158889
0 0.324063 0.259028 0.092500 0.113056
0 0.373281 0.205139 0.090938 0.064722
0 0.273281 0.636389 0.133438 0.161667
0 0.214844 0.796528 0.140937 0.169722
0 0.099687 0.594306 0.059062 0.148056
0 0.292891 0.290139 0.045469 0.153611
0 0.253516 0.241389 0.066719 0.067222
0 0.264141 0.315556 0.033281 0.140000
0 0.230000 0.294167 0.059062 0.086111
0 0.308906 0.399167 0.140937 0.215556
0 0.181562 0.652500 0.092500 0.199444
0 0.130000 0.752083 0.068125 0.156389
0 0.332422 0.792639 0.148594 0.096944
0 0.324766 0.915139 0.197031 0.131944
0 0.357344 0.757500 0.183438 0.129444
0 0.233906 0.346528 0.030312 0.115833
0 0.424141 0.706389 0.198594 0.291111
0 0.250469 0.431389 0.048438 0.086111
0 0.153438 0.595972 0.078750 0.134722
0 0.208125 0.337083 0.021250 0.059167
0 0.131484 0.571528 0.043906 0.118611
0 0.120234 0.504167 0.027344 0.037778