0 0.574062 0.195417 0.162187 0.118056
0 0.575781 0.244861 0.163750 0.143056
0 0.594766 0.347639 0.182969 0.258611
0 0.684766 0.273750 0.093906 0.233611
0 0.729922 0.320139 0.084844 0.261944
0 0.777891 0.294167 0.075469 0.235556
0 0.155859 0.645833 0.106094 0.257778
0 0.127266 0.467083 0.060469 0.112500
0 0.432266 0.294444 0.153594 0.203889
0 0.109609 0.708333 0.058906 0.136667
0 0.315938 0.385556 0.163750 0.246667
0 0.246250 0.695000 0.123125 0.312778
0 0.400000 0.609583 0.105313 0.347500
0 0.487109 0.360694 0.137344 0.266389
0 0.393047 0.266111 0.142344 0.171667
0 0.673828 0.812639 0.220469 0.374722
0 0.360469 0.245833 0.105313 0.142778
0 0.477969 0.593611 0.129062 0.385000
0 0.439609 0.184167 0.130781 0.106667
0 0.752109 0.553333 0.108594 0.402778
0 0.286406 0.340694 0.077500 0.164722
0 0.278750 0.508472 0.161562 0.210833
0 0.221328 0.233472 0.046719 0.088056
0 0.178516 0.699028 0.091094 0.290278
0 0.391172 0.795139 0.230781 0.365833
0 0.337266 0.187083 0.107344 0.124167
0 0.251094 0.221250 0.076875 0.205833
0 0.083203 0.493611 0.083281 0.185000
0 0.228047 0.279583 0.036406 0.069722
0 0.145313 0.571250 0.141250 0.204167