0 0.716172 0.814444 0.165469 0.371111
0 0.769297 0.410278 0.117344 0.385556
0 0.398828 0.730139 0.234531 0.174167
0 0.339375 0.857500 0.215313 0.240000
0 0.309688 0.944444 0.226562 0.111111
0 0.525000 0.339028 0.136563 0.271389
0 0.611016 0.333056 0.109219 0.282778
0 0.677656 0.311667 0.136563 0.245556
0 0.750781 0.286111 0.122188 0.257222
0 0.475312 0.867222 0.155938 0.265556
0 0.561250 0.191806 0.135000 0.108611
0 0.700234 0.167361 0.175156 0.094167
0 0.431094 0.241806 0.147812 0.174167
0 0.361172 0.203333 0.130156 0.097222
0 0.300859 0.403194 0.128594 0.251389
0 0.186797 0.857361 0.154219 0.188611
0 0.100859 0.771528 0.062656 0.114167
0 0.334687 0.277500 0.077187 0.102778
0 0.115312 0.510278 0.024063 0.037222
0 0.142500 0.640278 0.126875 0.200000
0 0.284844 0.621667 0.147812 0.225556
0 0.204453 0.693194 0.086719 0.271389
0 0.324141 0.515833 0.162344 0.185556
0 0.285625 0.291806 0.046562 0.154167
0 0.259922 0.294722 0.062656 0.177222
0 0.241406 0.214583 0.070625 0.114167
0 0.195703 0.310278 0.014531 0.060000
0 0.226953 0.277639 0.061094 0.108611
0 0.116953 0.541806 0.027344 0.048611
0 0.283984 0.207639 0.062656 0.065833
0 0.216484 0.361667 0.037031 0.082778