0 0.289844 0.811111 0.160938 0.372222
0 0.238281 0.412500 0.114062 0.375000
0 0.599219 0.777778 0.226562 0.277778
0 0.656250 0.847222 0.209375 0.233333
0 0.685156 0.937500 0.220312 0.119444
0 0.475781 0.343056 0.132812 0.263889
0 0.392188 0.337500 0.106250 0.275000
0 0.318750 0.313889 0.150000 0.261111
0 0.265625 0.309722 0.128125 0.252778
0 0.440625 0.204167 0.134375 0.119444
0 0.289844 0.206944 0.160938 0.113889
0 0.303125 0.165278 0.140625 0.080556
0 0.569531 0.237500 0.145313 0.152778
0 0.633594 0.186111 0.104688 0.055556
0 0.648438 0.240278 0.050000 0.097222
0 0.717187 0.575000 0.165625 0.216667
0 0.800781 0.868056 0.148438 0.191667
0 0.886719 0.752778 0.042188 0.105556
0 0.696875 0.284722 0.121875 0.158333
0 0.846875 0.687500 0.084375 0.230556
0 0.838281 0.572222 0.079687 0.111111
0 0.687500 0.437500 0.162500 0.197222
0 0.743750 0.268056 0.056250 0.086111
0 0.754687 0.227778 0.062500 0.100000
0 0.795312 0.323611 0.018750 0.058333
0 0.761719 0.298611 0.051562 0.119444
0 0.878906 0.513889 0.023438 0.038889
0 0.707812 0.215278 0.068750 0.058333
0 0.785156 0.369444 0.020313 0.044444
0 0.879687 0.559722 0.037500 0.075000
0 0.761719 0.395833 0.039062 0.147222