0 0.717187 0.811111 0.146875 0.372222
0 0.754687 0.431944 0.128125 0.308333
0 0.527344 0.343056 0.126562 0.263889
0 0.603906 0.336111 0.139063 0.255556
0 0.371875 0.880556 0.218750 0.172222
0 0.517969 0.962500 0.123438 0.069444
0 0.152344 0.611111 0.089063 0.144444
0 0.720313 0.251389 0.153125 0.147222
0 0.703125 0.165278 0.171875 0.152778
0 0.434375 0.248611 0.137500 0.163889
0 0.325781 0.244444 0.079687 0.105556
0 0.371094 0.194444 0.092188 0.061111
0 0.305469 0.420833 0.148438 0.258333
0 0.189844 0.834722 0.110937 0.197222
0 0.088281 0.593056 0.060937 0.175000
0 0.296875 0.279167 0.053125 0.136111
0 0.228125 0.248611 0.034375 0.041667
0 0.265625 0.297222 0.050000 0.155556
0 0.219531 0.300000 0.051562 0.100000
0 0.271875 0.202778 0.100000 0.094444
0 0.117969 0.761111 0.070312 0.161111
0 0.314063 0.600000 0.178125 0.166667
0 0.313281 0.927778 0.195312 0.138889
0 0.343750 0.776389 0.209375 0.191667
0 0.226562 0.668056 0.109375 0.230556
0 0.232813 0.341667 0.040625 0.133333
0 0.245312 0.438889 0.056250 0.122222
0 0.200000 0.331944 0.025000 0.063889
0 0.111719 0.505556 0.029687 0.038889
0 0.118750 0.573611 0.040625 0.108333