0 0.704922 0.815833 0.167031 0.368333
0 0.763047 0.426250 0.120156 0.380833
0 0.408984 0.761944 0.231406 0.311667
0 0.338125 0.839028 0.213125 0.244167
0 0.307656 0.927639 0.222187 0.130833
0 0.526875 0.344583 0.137187 0.270833
0 0.610391 0.343333 0.110781 0.280556
0 0.684297 0.323333 0.154219 0.268889
0 0.736563 0.323333 0.124375 0.256111
0 0.564219 0.207361 0.136250 0.126389
0 0.717109 0.220833 0.173906 0.139444
0 0.710156 0.171806 0.157500 0.091389
0 0.435703 0.234028 0.146094 0.149167
0 0.344922 0.233472 0.104844 0.116389
0 0.377031 0.180972 0.100937 0.069167
0 0.300156 0.532639 0.170625 0.222500
0 0.193672 0.830139 0.135781 0.187500
0 0.103594 0.512639 0.040313 0.074167
0 0.225703 0.356389 0.044844 0.066111
0 0.298984 0.271389 0.054844 0.111111
0 0.269766 0.286528 0.060469 0.166944
0 0.248203 0.225556 0.067344 0.108889
0 0.206094 0.309583 0.019688 0.061944
0 0.248750 0.284167 0.055313 0.136111
0 0.294766 0.197361 0.061719 0.053056
0 0.292031 0.411389 0.104062 0.249444
0 0.203203 0.679028 0.118906 0.211389
0 0.120000 0.744167 0.079063 0.153889
0 0.117891 0.499583 0.014531 0.028611
0 0.104453 0.598750 0.083281 0.131944
0 0.125234 0.526389 0.052656 0.072222
0 0.223359 0.307639 0.026406 0.084722
0 0.237188 0.415417 0.042188 0.099167