0 0.558516 0.169444 0.164844 0.092778
0 0.563516 0.220000 0.164844 0.118889
0 0.589609 0.323194 0.177969 0.238056
0 0.678516 0.228889 0.084844 0.229444
0 0.728437 0.268194 0.073438 0.261389
0 0.776563 0.231667 0.065312 0.235000
0 0.162578 0.697639 0.091406 0.226389
0 0.417266 0.300139 0.150156 0.185833
0 0.063047 0.636806 0.068594 0.174167
0 0.133281 0.571528 0.094688 0.095833
0 0.124219 0.808056 0.080000 0.116111
0 0.295000 0.397083 0.143750 0.188611
0 0.306250 0.922917 0.189375 0.154167
0 0.403516 0.644028 0.089844 0.368611
0 0.478594 0.358056 0.129062 0.255556
0 0.374922 0.278333 0.140469 0.153889
0 0.272109 0.713750 0.163281 0.211944
0 0.338203 0.257778 0.106094 0.142222
0 0.483516 0.601806 0.112656 0.383056
0 0.418125 0.183889 0.132187 0.087222
0 0.758594 0.505972 0.101250 0.406389
0 0.246719 0.365139 0.080000 0.188611
0 0.316172 0.565694 0.127344 0.200278
0 0.194531 0.278194 0.044062 0.084167
0 0.342344 0.863056 0.209063 0.255556
0 0.268750 0.577361 0.114375 0.171389
0 0.224766 0.282639 0.068594 0.162500
0 0.311953 0.207083 0.106094 0.110278
0 0.204297 0.324722 0.034219 0.066667
0 0.105547 0.513333 0.016406 0.049444