0 0.559609 0.166250 0.167031 0.094167
0 0.564609 0.217778 0.167031 0.120556
0 0.591016 0.313056 0.180156 0.223333
0 0.681094 0.226389 0.085938 0.232222
0 0.747969 0.277917 0.097500 0.288056
0 0.780234 0.229306 0.066094 0.238056
0 0.302500 0.931389 0.195000 0.137222
0 0.372031 0.245417 0.095937 0.158611
0 0.066172 0.520417 0.059531 0.138056
0 0.402422 0.302917 0.123906 0.196944
0 0.563672 0.508611 0.152031 0.385000
0 0.051250 0.648056 0.056250 0.164444
0 0.133047 0.599583 0.094219 0.096944
0 0.090859 0.775972 0.052969 0.108611
0 0.438047 0.608333 0.122344 0.396667
0 0.344688 0.520417 0.186875 0.238056
0 0.369531 0.639306 0.147187 0.358611
0 0.464531 0.357083 0.102500 0.258611
0 0.287578 0.405833 0.145469 0.302778
0 0.301719 0.172222 0.120625 0.129444
0 0.650391 0.740833 0.289219 0.314444
0 0.229766 0.371806 0.076094 0.117500
0 0.714141 0.896111 0.128906 0.207778
0 0.417422 0.175000 0.133906 0.100000
0 0.252031 0.680556 0.130625 0.252778
0 0.277734 0.288194 0.042969 0.067500
0 0.175937 0.770000 0.143750 0.243889
0 0.767031 0.501250 0.109062 0.411389
0 0.190938 0.263056 0.044688 0.111667
0 0.236406 0.219028 0.079375 0.088056
0 0.268672 0.248472 0.087656 0.146944
0 0.102578 0.567222 0.052969 0.143889
0 0.133828 0.673333 0.128906 0.150000