0 0.737891 0.758889 0.172656 0.402778
0 0.747656 0.374167 0.149375 0.335000
0 0.515781 0.338056 0.144687 0.290556
0 0.591172 0.313750 0.156406 0.285278
0 0.400469 0.898194 0.229375 0.203611
0 0.551406 0.952917 0.127500 0.094167
0 0.163984 0.699583 0.108281 0.168611
0 0.700469 0.203056 0.162500 0.181111
0 0.661172 0.151944 0.196719 0.170000
0 0.416797 0.265556 0.148281 0.193889
0 0.308672 0.286528 0.086719 0.123056
0 0.349922 0.226389 0.095781 0.081667
0 0.297813 0.482083 0.177500 0.322500
0 0.216719 0.896250 0.124375 0.207500
0 0.098437 0.686528 0.073125 0.187500
0 0.282500 0.327500 0.062500 0.147222
0 0.211875 0.308750 0.036875 0.046389
0 0.249687 0.353472 0.047188 0.146389
0 0.205547 0.363611 0.057969 0.105556
0 0.253672 0.255833 0.110156 0.131111
0 0.140078 0.846528 0.081406 0.175833
0 0.322500 0.636250 0.185625 0.205278
0 0.337109 0.936667 0.193281 0.126667
0 0.365156 0.809861 0.221563 0.238056
0 0.250703 0.732778 0.119844 0.263333
0 0.223594 0.404167 0.050000 0.141667
0 0.242969 0.497917 0.064687 0.134167
0 0.190313 0.402083 0.029375 0.069167
0 0.115312 0.594306 0.032188 0.045278
0 0.127188 0.660278 0.048125 0.116667