0 0.560312 0.187500 0.164375 0.100556
0 0.563906 0.236389 0.165000 0.125556
0 0.596094 0.329028 0.173437 0.223056
0 0.676094 0.252778 0.086250 0.225000
0 0.738203 0.304583 0.098281 0.275833
0 0.769688 0.262222 0.067500 0.229444
0 0.064219 0.610278 0.059688 0.159444
0 0.102422 0.515972 0.046719 0.136389
0 0.136484 0.774167 0.089531 0.167222
0 0.298438 0.905139 0.194062 0.169167
0 0.492109 0.951250 0.069219 0.096389
0 0.305312 0.531944 0.165938 0.170000
0 0.253516 0.644861 0.124844 0.211389
0 0.371641 0.266944 0.127031 0.172778
0 0.134844 0.639167 0.114062 0.149444
0 0.155234 0.566944 0.062344 0.071111
0 0.486484 0.337778 0.107969 0.223889
0 0.418906 0.387083 0.082187 0.258056
0 0.406094 0.295972 0.110000 0.174167
0 0.558438 0.511111 0.150313 0.373889
0 0.263828 0.363472 0.072969 0.193611
0 0.440156 0.588750 0.132812 0.355833
0 0.667578 0.727639 0.229844 0.301944
0 0.673906 0.888472 0.155000 0.223056
0 0.229453 0.365139 0.052344 0.106389
0 0.329844 0.212639 0.099062 0.106944
0 0.427187 0.195833 0.127188 0.111667
0 0.301094 0.407917 0.140937 0.237500
0 0.206406 0.245278 0.082812 0.144444
0 0.283750 0.213333 0.057500 0.128889
0 0.235781 0.362778 0.048438 0.072778
0 0.242891 0.218750 0.070156 0.135278
0 0.122656 0.521528 0.036875 0.116389