0 0.289844 0.811111 0.160938 0.372222
0 0.256250 0.412500 0.150000 0.375000
0 0.599219 0.763889 0.226562 0.250000
0 0.651563 0.861111 0.240625 0.205556
0 0.685156 0.937500 0.220312 0.119444
0 0.475781 0.343056 0.132812 0.263889
0 0.413281 0.355556 0.092188 0.266667
0 0.347656 0.313889 0.085938 0.255556
0 0.251563 0.279167 0.112500 0.230556
0 0.312500 0.188889 0.159375 0.172222
0 0.443750 0.201389 0.134375 0.108333
0 0.241406 0.155556 0.029687 0.044444
0 0.567187 0.226389 0.140625 0.169444
0 0.633594 0.202778 0.101562 0.094444
0 0.678125 0.434722 0.156250 0.169444
0 0.685937 0.543056 0.125000 0.163889
0 0.814844 0.837500 0.135937 0.186111
0 0.887500 0.755556 0.071875 0.133333
0 0.658594 0.275000 0.079687 0.116667
0 0.753906 0.737500 0.179688 0.230556
0 0.842969 0.625000 0.095312 0.161111
0 0.708594 0.598611 0.145313 0.158333
0 0.795312 0.670833 0.068750 0.213889
0 0.702344 0.362500 0.142187 0.219444
0 0.713281 0.272222 0.045312 0.094444
0 0.745313 0.222222 0.096875 0.061111
0 0.717969 0.212500 0.064062 0.036111
0 0.754687 0.333333 0.056250 0.161111
0 0.792188 0.258333 0.043750 0.088889
0 0.792188 0.308333 0.021875 0.050000
0 0.871094 0.538889 0.029687 0.066667
0 0.779687 0.333333 0.040625 0.100000