0 0.555469 0.183333 0.157812 0.088889
0 0.560156 0.231944 0.157812 0.113889
0 0.585156 0.330556 0.170313 0.227778
0 0.670312 0.240278 0.081250 0.219444
0 0.717969 0.277778 0.070312 0.250000
0 0.764062 0.243056 0.062500 0.225000
0 0.117969 0.622222 0.067187 0.133333
0 0.407031 0.308333 0.117188 0.177778
0 0.075000 0.641667 0.053125 0.144444
0 0.158594 0.556944 0.082812 0.097222
0 0.141406 0.772222 0.107813 0.122222
0 0.304688 0.470833 0.156250 0.169444
0 0.314063 0.913889 0.181250 0.166667
0 0.389844 0.643056 0.114062 0.363889
0 0.478906 0.363889 0.123438 0.244444
0 0.379688 0.287500 0.134375 0.147222
0 0.312500 0.419444 0.153125 0.238889
0 0.342187 0.294444 0.109375 0.166667
0 0.485156 0.608333 0.164062 0.350000
0 0.421094 0.197222 0.126562 0.083333
0 0.748437 0.505556 0.112500 0.388889
0 0.251563 0.369444 0.056250 0.144444
0 0.275000 0.663889 0.153125 0.183333
0 0.207031 0.275000 0.042188 0.105556
0 0.348438 0.847222 0.200000 0.244444
0 0.337500 0.594444 0.165625 0.155556
0 0.246875 0.236111 0.065625 0.116667
0 0.319531 0.219444 0.101562 0.105556
0 0.218750 0.334722 0.037500 0.058333