0 0.559375 0.170278 0.165625 0.093333
0 0.564219 0.221111 0.165625 0.119444
0 0.590469 0.315694 0.178750 0.221389
0 0.679844 0.229861 0.085312 0.230278
0 0.746172 0.280833 0.096719 0.285556
0 0.778125 0.232778 0.065625 0.236111
0 0.304375 0.930417 0.193437 0.139167
0 0.373281 0.248750 0.095000 0.157500
0 0.065859 0.518333 0.063906 0.131111
0 0.403672 0.305694 0.122969 0.195278
0 0.563359 0.509444 0.150781 0.381667
0 0.055234 0.648056 0.055781 0.163333
0 0.133125 0.611528 0.100000 0.090278
0 0.094687 0.774722 0.052500 0.107778
0 0.438750 0.608611 0.121250 0.393333
0 0.343750 0.500833 0.186875 0.282778
0 0.370781 0.639444 0.145937 0.355556
0 0.465000 0.359583 0.101562 0.256389
0 0.289609 0.407639 0.144219 0.300278
0 0.329844 0.190694 0.086875 0.157500
0 0.662656 0.725417 0.267188 0.265278
0 0.232266 0.374167 0.075469 0.116667
0 0.699453 0.892500 0.144219 0.215000
0 0.418438 0.179028 0.132812 0.099167
0 0.249531 0.674167 0.139375 0.273889
0 0.279922 0.290972 0.042656 0.066944
0 0.209297 0.830139 0.203281 0.183611
0 0.765000 0.502361 0.108125 0.408056
0 0.193672 0.266250 0.044219 0.110833
0 0.238906 0.222639 0.078750 0.087500
0 0.271641 0.255972 0.082031 0.125278
0 0.106875 0.551944 0.047500 0.116667
0 0.128984 0.718056 0.150781 0.163333