0 0.724375 0.794444 0.155625 0.382778
0 0.746719 0.419028 0.148125 0.329722
0 0.523516 0.340972 0.132656 0.273056
0 0.600156 0.334028 0.145313 0.276944
0 0.354687 0.898750 0.253750 0.188056
0 0.528906 0.960694 0.125000 0.078611
0 0.292656 0.497500 0.142187 0.279444
0 0.713906 0.222639 0.155938 0.133611
0 0.681406 0.169306 0.186875 0.124722
0 0.428437 0.253750 0.141250 0.174167
0 0.318359 0.262083 0.088594 0.120278
0 0.363984 0.204306 0.093594 0.068056
0 0.273672 0.646250 0.151094 0.191389
0 0.216250 0.831389 0.146250 0.185556
0 0.089453 0.629444 0.064531 0.157222
0 0.281094 0.300833 0.050625 0.161667
0 0.239219 0.253889 0.070312 0.074444
0 0.252734 0.330972 0.039219 0.144167
0 0.216328 0.310000 0.062969 0.093333
0 0.300234 0.419028 0.144844 0.257500
0 0.172031 0.684444 0.097188 0.220556
0 0.124531 0.789444 0.074063 0.166111
0 0.331562 0.813056 0.166563 0.123333
0 0.334063 0.945556 0.211875 0.108889
0 0.361016 0.769028 0.200156 0.159167
0 0.423359 0.726667 0.206406 0.356111
0 0.221406 0.358333 0.040625 0.133333
0 0.238359 0.448611 0.047344 0.089444
0 0.197188 0.361389 0.024688 0.057222
0 0.123906 0.599028 0.052812 0.123056
0 0.112187 0.534722 0.030625 0.041111
0 0.135313 0.617639 0.052500 0.111944