0 0.730859 0.816806 0.155469 0.366389
0 0.767188 0.435139 0.142187 0.338056
0 0.417578 0.751250 0.223281 0.376389
0 0.340703 0.815833 0.211719 0.182222
0 0.308438 0.943194 0.226562 0.113611
0 0.529922 0.335139 0.133906 0.279167
0 0.611719 0.333889 0.148750 0.282222
0 0.620078 0.426389 0.168594 0.302778
0 0.561406 0.179583 0.140625 0.114722
0 0.733281 0.224861 0.170313 0.117500
0 0.710938 0.148750 0.165313 0.094167
0 0.432500 0.229306 0.140625 0.167500
0 0.327422 0.211806 0.089219 0.155833
0 0.372812 0.177917 0.084375 0.064722
0 0.261172 0.644028 0.145469 0.214722
0 0.186016 0.740972 0.104219 0.349722
0 0.062031 0.624861 0.044688 0.105833
0 0.259609 0.292500 0.036406 0.152778
0 0.231563 0.216111 0.072813 0.070556
0 0.238125 0.308750 0.039688 0.155833
0 0.199219 0.285417 0.061250 0.114722
0 0.291016 0.432222 0.145469 0.302778
0 0.138047 0.674722 0.077656 0.211667
0 0.098437 0.785000 0.067812 0.173333
0 0.294375 0.273611 0.056250 0.173333
0 0.324141 0.901111 0.224844 0.182222
0 0.208281 0.329306 0.039688 0.126389
0 0.226484 0.430694 0.049531 0.088056
0 0.125703 0.564444 0.082656 0.102778
0 0.076094 0.526528 0.062813 0.144167