0 0.720781 0.815694 0.169063 0.368611
0 0.774922 0.408333 0.119844 0.393889
0 0.408984 0.780000 0.237969 0.315000
0 0.340938 0.854722 0.210000 0.265556
0 0.308984 0.941111 0.224844 0.117778
0 0.525547 0.335278 0.139531 0.277222
0 0.613281 0.329444 0.111563 0.288889
0 0.691328 0.285833 0.152656 0.288889
0 0.748750 0.307639 0.136250 0.274167
0 0.562422 0.189444 0.141094 0.125556
0 0.720781 0.171944 0.169063 0.148889
0 0.698672 0.144167 0.134531 0.070000
0 0.429453 0.223056 0.147656 0.151667
0 0.332734 0.233194 0.108281 0.108056
0 0.365469 0.166111 0.105000 0.055556
0 0.257188 0.625417 0.144375 0.180833
0 0.167031 0.861806 0.150938 0.192500
0 0.074297 0.587500 0.080469 0.210000
0 0.238359 0.380556 0.080469 0.210000
0 0.275313 0.252222 0.059062 0.105000
0 0.239219 0.211389 0.052500 0.081667
0 0.190000 0.320694 0.026250 0.061389
0 0.240000 0.282778 0.044375 0.113889
0 0.281016 0.199722 0.060781 0.058333
0 0.286797 0.424306 0.127969 0.297500
0 0.135781 0.635694 0.124687 0.189722
0 0.099687 0.758472 0.059062 0.108056
0 0.188281 0.255139 0.085312 0.087500
0 0.206406 0.327917 0.032813 0.110833