0 0.569766 0.192222 0.161406 0.111111
0 0.572187 0.241389 0.162500 0.136111
0 0.592578 0.343194 0.180156 0.251389
0 0.681563 0.265417 0.090938 0.230278
0 0.727266 0.309861 0.081406 0.259167
0 0.774844 0.281944 0.072500 0.233333
0 0.152109 0.688194 0.100781 0.275833
0 0.429297 0.297500 0.151406 0.197778
0 0.116719 0.465694 0.032813 0.073611
0 0.112656 0.725694 0.057188 0.134722
0 0.307422 0.392778 0.147031 0.238333
0 0.297187 0.856806 0.190938 0.250278
0 0.401875 0.605694 0.100000 0.328056
0 0.485156 0.361250 0.134063 0.261389
0 0.389688 0.270833 0.140625 0.166111
0 0.597344 0.857778 0.320937 0.284444
0 0.356875 0.252083 0.103750 0.138611
0 0.479219 0.594583 0.124063 0.380833
0 0.435156 0.186944 0.130000 0.101111
0 0.745859 0.540972 0.114219 0.401389
0 0.278281 0.342500 0.086250 0.193889
0 0.267422 0.545833 0.148906 0.211111
0 0.217734 0.246250 0.045781 0.086389
0 0.214531 0.693056 0.123438 0.298333
0 0.396641 0.755417 0.143594 0.334167
0 0.332891 0.194306 0.106094 0.119722
0 0.247187 0.233611 0.074063 0.200556
0 0.081641 0.581806 0.090156 0.111944
0 0.225000 0.291667 0.035625 0.068333
0 0.150547 0.531806 0.100781 0.105278