0 0.717187 0.811111 0.146875 0.372222
0 0.752344 0.437500 0.132812 0.319444
0 0.399219 0.659722 0.167187 0.202778
0 0.357812 0.780556 0.181250 0.138889
0 0.317969 0.930556 0.214062 0.133333
0 0.527344 0.343056 0.126562 0.263889
0 0.609375 0.341667 0.150000 0.266667
0 0.528906 0.726389 0.204687 0.425000
0 0.532031 0.958333 0.157812 0.077778
0 0.557031 0.195833 0.132812 0.108333
0 0.719531 0.237500 0.160938 0.113889
0 0.698438 0.166667 0.156250 0.088889
0 0.435156 0.245833 0.139063 0.158333
0 0.328906 0.248611 0.089063 0.119444
0 0.368750 0.190278 0.093750 0.052778
0 0.273438 0.634722 0.137500 0.202778
0 0.201563 0.808333 0.156250 0.166667
0 0.089063 0.586111 0.065625 0.183333
0 0.280469 0.295833 0.048438 0.175000
0 0.245312 0.234722 0.068750 0.069444
0 0.257031 0.309722 0.039062 0.141667
0 0.302344 0.437500 0.145313 0.297222
0 0.224219 0.283333 0.051562 0.072222
0 0.169531 0.652778 0.082812 0.188889
0 0.115625 0.752778 0.065625 0.150000
0 0.334375 0.868056 0.209375 0.169444
0 0.225000 0.354167 0.031250 0.125000
0 0.244531 0.430556 0.054688 0.094444
0 0.142187 0.600000 0.081250 0.138889
0 0.117188 0.543056 0.040625 0.097222
0 0.115625 0.506944 0.028125 0.041667