0 0.717187 0.811111 0.146875 0.372222
0 0.748437 0.437500 0.140625 0.319444
0 0.527344 0.343056 0.126562 0.263889
0 0.603906 0.341667 0.139063 0.266667
0 0.397656 0.883333 0.273438 0.161111
0 0.546094 0.952778 0.123438 0.088889
0 0.553125 0.181944 0.137500 0.097222
0 0.718750 0.236111 0.156250 0.105556
0 0.698438 0.166667 0.156250 0.088889
0 0.434375 0.248611 0.137500 0.163889
0 0.332031 0.244444 0.082812 0.122222
0 0.368750 0.193056 0.093750 0.058333
0 0.273438 0.634722 0.137500 0.202778
0 0.204687 0.811111 0.140625 0.150000
0 0.089063 0.586111 0.065625 0.183333
0 0.280469 0.295833 0.048438 0.175000
0 0.245312 0.234722 0.068750 0.069444
0 0.254688 0.309722 0.037500 0.141667
0 0.221094 0.288889 0.060937 0.088889
0 0.303906 0.437500 0.139063 0.297222
0 0.172656 0.665278 0.098437 0.208333
0 0.117969 0.761111 0.070312 0.161111
0 0.327344 0.819444 0.173437 0.100000
0 0.314844 0.930556 0.214062 0.133333
0 0.358594 0.763889 0.176563 0.116667
0 0.225781 0.341667 0.032813 0.122222
0 0.425000 0.681944 0.196875 0.252778
0 0.243750 0.431944 0.053125 0.091667
0 0.139063 0.591667 0.068750 0.138889
0 0.199219 0.336111 0.020313 0.066667
0 0.117969 0.568056 0.048438 0.119444
0 0.107813 0.498611 0.028125 0.047222