0 0.289844 0.811111 0.160938 0.372222
0 0.238281 0.412500 0.114062 0.375000
0 0.599219 0.777778 0.226562 0.277778
0 0.656250 0.847222 0.209375 0.233333
0 0.685156 0.937500 0.220312 0.119444
0 0.475781 0.343056 0.132812 0.263889
0 0.392188 0.337500 0.106250 0.275000
0 0.318750 0.313889 0.150000 0.261111
0 0.264062 0.309722 0.121875 0.252778
0 0.440625 0.204167 0.134375 0.119444
0 0.285156 0.202778 0.167187 0.133333
0 0.297656 0.163889 0.157812 0.066667
0 0.569531 0.237500 0.145313 0.152778
0 0.633594 0.186111 0.104688 0.055556
0 0.659375 0.241667 0.103125 0.111111
0 0.712500 0.593056 0.156250 0.175000
0 0.800781 0.868056 0.148438 0.191667
0 0.902344 0.598611 0.104688 0.225000
0 0.848437 0.712500 0.096875 0.208333
0 0.827344 0.580556 0.095312 0.144444
0 0.690625 0.430556 0.162500 0.194444
0 0.717969 0.301389 0.064062 0.158333
0 0.736719 0.270833 0.054688 0.097222
0 0.754687 0.227778 0.062500 0.100000
0 0.799219 0.320833 0.020313 0.052778
0 0.768750 0.302778 0.043750 0.088889
0 0.882812 0.504167 0.012500 0.013889
0 0.717187 0.218056 0.065625 0.058333
0 0.785937 0.370833 0.015625 0.041667
0 0.756250 0.397222 0.046875 0.166667