0 0.289844 0.811111 0.160938 0.372222
0 0.238281 0.412500 0.114062 0.375000
0 0.586719 0.766667 0.226562 0.300000
0 0.656250 0.847222 0.209375 0.233333
0 0.685156 0.937500 0.220312 0.119444
0 0.475781 0.343056 0.132812 0.263889
0 0.392188 0.337500 0.106250 0.275000
0 0.318750 0.313889 0.150000 0.261111
0 0.266406 0.311111 0.120313 0.250000
0 0.440625 0.204167 0.134375 0.119444
0 0.287500 0.209722 0.171875 0.130556
0 0.295312 0.161111 0.156250 0.083333
0 0.568750 0.237500 0.143750 0.141667
0 0.659375 0.241667 0.103125 0.111111
0 0.628906 0.184722 0.101562 0.058333
0 0.682031 0.540278 0.170313 0.152778
0 0.800781 0.845833 0.132812 0.180556
0 0.905469 0.579167 0.073438 0.175000
0 0.735156 0.347222 0.123438 0.155556
0 0.703906 0.256944 0.042188 0.058333
0 0.725000 0.251389 0.037500 0.075000
0 0.754687 0.227778 0.062500 0.100000
0 0.796094 0.322222 0.020313 0.061111
0 0.754687 0.297222 0.053125 0.133333
0 0.710156 0.208333 0.060937 0.050000
0 0.723437 0.427778 0.081250 0.250000
0 0.785156 0.687500 0.132812 0.169444
0 0.875781 0.763889 0.076563 0.150000
0 0.882031 0.522222 0.014063 0.027778
0 0.889844 0.609722 0.067187 0.119444
0 0.879687 0.552778 0.034375 0.038889
0 0.782031 0.347222 0.029687 0.133333
0 0.763281 0.431944 0.032813 0.075000