0 0.736641 0.743611 0.193906 0.415000
0 0.749609 0.335278 0.147969 0.403889
0 0.427266 0.790000 0.247031 0.314444
0 0.378906 0.871389 0.228437 0.257222
0 0.358906 0.947361 0.228437 0.105278
0 0.509062 0.338056 0.155938 0.300000
0 0.590859 0.307500 0.130781 0.302778
0 0.650469 0.268194 0.152500 0.280278
0 0.719375 0.209306 0.138437 0.257500
0 0.492188 0.987639 0.063750 0.024722
0 0.529375 0.188056 0.138125 0.145556
0 0.661094 0.122639 0.176563 0.141389
0 0.410000 0.272222 0.157812 0.210000
0 0.339375 0.255833 0.133750 0.131111
0 0.300078 0.465000 0.146406 0.278333
0 0.228750 0.912500 0.166250 0.175000
0 0.142344 0.876389 0.070625 0.127778
0 0.320781 0.334722 0.083437 0.121111
0 0.128203 0.622917 0.026094 0.053056
0 0.170234 0.738472 0.140156 0.228611
0 0.302969 0.675417 0.157187 0.265833
0 0.229609 0.778056 0.103594 0.283889
0 0.334297 0.557361 0.178906 0.243056
0 0.277656 0.363333 0.054062 0.157222
0 0.248516 0.381944 0.064219 0.216111
0 0.227266 0.441944 0.047031 0.131111
0 0.225703 0.301667 0.078281 0.130000
0 0.192578 0.410139 0.030469 0.083611
0 0.137891 0.649444 0.030469 0.051667
0 0.265859 0.282222 0.066094 0.081111
0 0.213516 0.413750 0.052969 0.130278