0 0.570937 0.193333 0.161562 0.113333
0 0.573125 0.242361 0.162812 0.138056
0 0.593281 0.344583 0.180938 0.253611
0 0.682500 0.267917 0.091875 0.231389
0 0.728047 0.312778 0.082344 0.260000
0 0.775781 0.285278 0.073438 0.233889
0 0.168672 0.616528 0.131406 0.188056
0 0.430078 0.296667 0.152031 0.199444
0 0.076328 0.564583 0.073594 0.176389
0 0.144922 0.512500 0.097969 0.106111
0 0.124063 0.726667 0.069375 0.123333
0 0.308750 0.370972 0.145937 0.201389
0 0.294219 0.883333 0.188750 0.194444
0 0.400625 0.622361 0.103125 0.364722
0 0.485625 0.361111 0.135000 0.262778
0 0.390703 0.269444 0.141094 0.167778
0 0.272031 0.669028 0.165625 0.226389
0 0.356641 0.244583 0.107969 0.151389
0 0.478203 0.606667 0.124531 0.362778
0 0.436328 0.186111 0.130156 0.102778
0 0.745703 0.544028 0.115781 0.402500
0 0.272891 0.335972 0.071406 0.192500
0 0.337422 0.535972 0.137969 0.197500
0 0.218594 0.242639 0.045937 0.086944
0 0.331719 0.822083 0.211250 0.274722
0 0.278438 0.540556 0.138750 0.181111
0 0.247344 0.251250 0.073125 0.165278
0 0.334141 0.192222 0.106406 0.121111
0 0.225859 0.288333 0.035781 0.068889