0 0.718906 0.816250 0.167187 0.367500
0 0.772500 0.411667 0.118438 0.389444
0 0.397500 0.791250 0.235312 0.288611
0 0.338281 0.863472 0.217500 0.242500
0 0.308359 0.947500 0.228906 0.105000
0 0.525703 0.339583 0.137969 0.274167
0 0.612500 0.333889 0.110312 0.285556
0 0.688828 0.299444 0.155781 0.251111
0 0.744063 0.305139 0.133125 0.262500
0 0.562266 0.195417 0.139531 0.124167
0 0.702578 0.169444 0.163906 0.135556
0 0.431719 0.218611 0.157500 0.164444
0 0.338281 0.204167 0.110312 0.089444
0 0.378125 0.170972 0.076250 0.063611
0 0.282266 0.525833 0.154219 0.196111
0 0.183281 0.873333 0.150938 0.210556
0 0.335859 0.286389 0.086094 0.121111
0 0.097266 0.766667 0.063281 0.147222
0 0.284687 0.678750 0.175313 0.173056
0 0.132187 0.659861 0.126562 0.204722
0 0.302656 0.424861 0.168750 0.213611
0 0.274297 0.315139 0.069844 0.184722
0 0.251406 0.308056 0.060000 0.176111
0 0.236016 0.220000 0.064844 0.103889
0 0.192969 0.319444 0.017813 0.060556
0 0.227969 0.294861 0.058437 0.126944
0 0.107031 0.517083 0.024375 0.040278
0 0.275078 0.212778 0.061719 0.060556
0 0.209297 0.385833 0.027656 0.077778
0 0.101328 0.571806 0.055156 0.098056