0 0.710156 0.811111 0.160938 0.372222
0 0.761719 0.412500 0.114062 0.375000
0 0.400781 0.763889 0.226562 0.250000
0 0.343750 0.847222 0.209375 0.233333
0 0.314844 0.937500 0.220312 0.119444
0 0.524219 0.343056 0.132812 0.263889
0 0.607812 0.337500 0.106250 0.275000
0 0.667969 0.320833 0.129688 0.247222
0 0.726562 0.286111 0.137500 0.216667
0 0.396875 0.523611 0.187500 0.191667
0 0.559375 0.200000 0.131250 0.105556
0 0.694531 0.176389 0.170313 0.091667
0 0.428125 0.247222 0.146875 0.177778
0 0.368750 0.209722 0.134375 0.102778
0 0.264062 0.526389 0.128125 0.230556
0 0.193750 0.859722 0.153125 0.197222
0 0.106250 0.752778 0.059375 0.105556
0 0.340625 0.283333 0.087500 0.116667
0 0.153906 0.652778 0.110937 0.211111
0 0.275781 0.683333 0.173437 0.211111
0 0.203906 0.694444 0.076563 0.266667
0 0.314063 0.397222 0.137500 0.194444
0 0.282813 0.311111 0.059375 0.166667
0 0.259375 0.301389 0.065625 0.180556
0 0.245312 0.223611 0.062500 0.108333
0 0.204687 0.326389 0.015625 0.069444
0 0.236719 0.295833 0.057813 0.113889
0 0.286719 0.219444 0.054688 0.055556
0 0.222656 0.379167 0.042188 0.108333
0 0.122656 0.537500 0.042188 0.108333