0 0.692812 0.785833 0.148125 0.342778
0 0.740313 0.418750 0.105000 0.345278
0 0.419609 0.744722 0.208594 0.276111
0 0.355625 0.818750 0.192812 0.214722
0 0.328906 0.901944 0.202813 0.110000
0 0.521797 0.354861 0.122344 0.243056
0 0.598750 0.349722 0.097812 0.253333
0 0.666250 0.327917 0.138125 0.240278
0 0.717266 0.329167 0.113594 0.232778
0 0.554063 0.226944 0.123750 0.110000
0 0.694297 0.230833 0.153906 0.122778
0 0.682813 0.190972 0.145313 0.074167
0 0.436875 0.253750 0.130937 0.133056
0 0.376484 0.210278 0.096406 0.051111
0 0.352656 0.261389 0.095000 0.102222
0 0.302422 0.572222 0.143906 0.161111
0 0.222578 0.817500 0.122344 0.166111
0 0.122578 0.569444 0.060469 0.166111
0 0.325391 0.485278 0.143906 0.186667
0 0.308750 0.280556 0.035937 0.063889
0 0.281406 0.303611 0.047500 0.130556
0 0.264844 0.248472 0.057500 0.091944
0 0.228281 0.335694 0.021563 0.061389
0 0.261328 0.306250 0.058906 0.094722
0 0.303125 0.237222 0.061875 0.058889
0 0.258516 0.386667 0.053281 0.071667
0 0.301641 0.381528 0.082031 0.184167
0 0.155547 0.742083 0.074844 0.138056
0 0.147734 0.510694 0.012969 0.028056
0 0.187969 0.573472 0.073438 0.112500
0 0.146953 0.549167 0.031719 0.063889
0 0.249844 0.440417 0.033125 0.061389