0 0.555469 0.183333 0.157812 0.088889
0 0.560156 0.231944 0.157812 0.113889
0 0.585156 0.330556 0.170313 0.227778
0 0.670312 0.240278 0.081250 0.219444
0 0.717969 0.277778 0.070312 0.250000
0 0.764062 0.243056 0.062500 0.225000
0 0.145313 0.598611 0.093750 0.108333
0 0.175000 0.698611 0.093750 0.280556
0 0.095312 0.730556 0.034375 0.077778
0 0.312500 0.480556 0.159375 0.244444
0 0.256250 0.227778 0.093750 0.144444
0 0.407031 0.627778 0.085938 0.333333
0 0.482031 0.366667 0.129688 0.227778
0 0.385937 0.281944 0.143750 0.175000
0 0.714844 0.823611 0.145313 0.347222
0 0.337500 0.256944 0.112500 0.130556
0 0.407031 0.320833 0.151562 0.175000
0 0.475000 0.606944 0.090625 0.352778
0 0.421094 0.197222 0.126562 0.083333
0 0.753906 0.505556 0.085938 0.388889
0 0.267969 0.351389 0.104688 0.136111
0 0.235156 0.362500 0.060937 0.125000
0 0.207031 0.287500 0.042188 0.080556
0 0.257812 0.651389 0.115625 0.286111
0 0.417969 0.786111 0.120313 0.383333
0 0.319531 0.219444 0.101562 0.105556
0 0.120313 0.520833 0.056250 0.080556
0 0.148438 0.684722 0.106250 0.252778