0 0.717187 0.811111 0.146875 0.372222
0 0.754687 0.431944 0.128125 0.308333
0 0.527344 0.343056 0.126562 0.263889
0 0.603906 0.336111 0.139063 0.255556
0 0.371875 0.880556 0.218750 0.172222
0 0.517969 0.962500 0.123438 0.069444
0 0.162500 0.613889 0.096875 0.150000
0 0.720313 0.251389 0.153125 0.147222
0 0.293750 0.347222 0.121875 0.233333
0 0.436719 0.247222 0.142187 0.172222
0 0.326562 0.247222 0.090625 0.094444
0 0.368750 0.194444 0.090625 0.066667
0 0.313281 0.437500 0.164062 0.213889
0 0.189844 0.834722 0.110937 0.197222
0 0.088281 0.593056 0.060937 0.175000
0 0.281250 0.252778 0.025000 0.072222
0 0.238281 0.244444 0.054688 0.055556
0 0.259375 0.286111 0.031250 0.116667
0 0.219531 0.300000 0.051562 0.100000
0 0.286719 0.181944 0.085938 0.097222
0 0.117969 0.761111 0.070312 0.161111
0 0.318750 0.580556 0.168750 0.183333
0 0.313281 0.927778 0.195312 0.138889
0 0.343750 0.776389 0.209375 0.191667
0 0.243750 0.645833 0.093750 0.258333
0 0.232813 0.341667 0.040625 0.133333
0 0.245312 0.438889 0.056250 0.122222
0 0.200000 0.331944 0.025000 0.063889
0 0.111719 0.505556 0.029687 0.038889
0 0.132031 0.627778 0.029687 0.044444
0 0.118750 0.573611 0.040625 0.108333