0 0.577656 0.196250 0.154375 0.116389
0 0.587187 0.246944 0.140313 0.138333
0 0.602187 0.340417 0.180313 0.241389
0 0.684688 0.273333 0.093750 0.233333
0 0.744844 0.332222 0.107500 0.285000
0 0.777734 0.293472 0.075469 0.235278
0 0.061172 0.560417 0.065156 0.165278
0 0.102734 0.470417 0.051406 0.140833
0 0.127344 0.731667 0.095000 0.176111
0 0.284219 0.881250 0.198750 0.190278
0 0.304688 0.509444 0.170938 0.187778
0 0.247578 0.635833 0.133906 0.262778
0 0.380234 0.252778 0.132344 0.186111
0 0.362734 0.548194 0.118281 0.363611
0 0.143828 0.557500 0.112969 0.116667
0 0.423203 0.378056 0.091094 0.265556
0 0.119297 0.469306 0.060156 0.106944
0 0.423750 0.287500 0.135625 0.189444
0 0.557813 0.517778 0.162812 0.388333
0 0.254453 0.336667 0.080781 0.195556
0 0.481484 0.228194 0.120156 0.213611
0 0.659062 0.746111 0.239063 0.326111
0 0.659297 0.894028 0.162656 0.211944
0 0.434922 0.589722 0.137031 0.394444
0 0.234922 0.334306 0.055781 0.111389
0 0.331953 0.233889 0.086094 0.207222
0 0.438281 0.188333 0.130312 0.125556
0 0.244688 0.207778 0.046250 0.131667
0 0.304922 0.385417 0.148594 0.251944
0 0.286406 0.193194 0.075625 0.109722