0 0.289844 0.811111 0.160938 0.372222
0 0.238281 0.412500 0.114062 0.375000
0 0.586719 0.766667 0.226562 0.300000
0 0.656250 0.847222 0.209375 0.233333
0 0.685156 0.937500 0.220312 0.119444
0 0.475781 0.343056 0.132812 0.263889
0 0.392188 0.337500 0.106250 0.275000
0 0.318750 0.313889 0.150000 0.261111
0 0.263281 0.315278 0.123438 0.252778
0 0.440625 0.204167 0.134375 0.119444
0 0.285156 0.202778 0.167187 0.133333
0 0.297656 0.163889 0.157812 0.066667
0 0.567969 0.233333 0.142187 0.144444
0 0.635156 0.186111 0.107813 0.055556
0 0.659375 0.241667 0.103125 0.111111
0 0.712500 0.593056 0.156250 0.175000
0 0.800781 0.845833 0.132812 0.180556
0 0.909375 0.576389 0.065625 0.180556
0 0.843750 0.587500 0.106250 0.130556
0 0.617969 0.419444 0.192188 0.183333
0 0.710938 0.281944 0.050000 0.119444
0 0.735156 0.288889 0.051562 0.133333
0 0.754687 0.227778 0.062500 0.100000
0 0.797656 0.322222 0.020313 0.050000
0 0.767969 0.301389 0.048438 0.086111
0 0.717187 0.218056 0.065625 0.058333
0 0.769531 0.395833 0.045312 0.097222
0 0.717187 0.413889 0.071875 0.183333
0 0.873437 0.763889 0.081250 0.150000
0 0.882812 0.511111 0.012500 0.027778
0 0.885938 0.550000 0.028125 0.055556
0 0.760938 0.461111 0.043750 0.088889