0 0.450000 0.766667 0.181250 0.255556
0 0.796875 0.702778 0.059375 0.066667
0 0.461719 0.502778 0.145313 0.316667
0 0.522656 0.466667 0.104688 0.233333
0 0.540625 0.348611 0.125000 0.180556
0 0.138281 0.405556 0.070312 0.305556
0 0.224219 0.297222 0.126562 0.244444
0 0.289062 0.306944 0.153125 0.225000
0 0.244531 0.202778 0.107813 0.111111
0 0.375000 0.238889 0.165625 0.111111
0 0.443750 0.348611 0.156250 0.152778
0 0.163281 0.312500 0.073438 0.186111
0 0.164844 0.693056 0.114062 0.469444
0 0.381250 0.302778 0.159375 0.111111
0 0.258594 0.570833 0.110937 0.352778
0 0.246094 0.855556 0.123438 0.283333
0 0.352344 0.522222 0.092188 0.283333
0 0.811719 0.754167 0.098437 0.086111
0 0.675000 0.683333 0.075000 0.094444
0 0.760938 0.580556 0.078125 0.127778
0 0.754687 0.648611 0.059375 0.102778
0 0.628906 0.379167 0.085938 0.108333
0 0.629687 0.368056 0.075000 0.080556
0 0.575781 0.431944 0.060937 0.113889
0 0.696094 0.436111 0.070312 0.138889
0 0.700781 0.509722 0.095312 0.158333
0 0.566406 0.930556 0.107813 0.133333
0 0.462500 0.876389 0.190625 0.225000
0 0.730469 0.686111 0.051562 0.122222