0 0.549609 0.203611 0.139219 0.068889
0 0.556719 0.254861 0.142187 0.104722
0 0.589063 0.337778 0.149375 0.193889
0 0.656562 0.262500 0.074687 0.201667
0 0.714688 0.305694 0.084687 0.247500
0 0.742656 0.265000 0.057500 0.206667
0 0.102422 0.631250 0.051719 0.143056
0 0.135391 0.541806 0.040156 0.122500
0 0.182109 0.577778 0.090469 0.102222
0 0.171953 0.776806 0.078906 0.148056
0 0.323516 0.886528 0.175156 0.143056
0 0.502266 0.915972 0.061719 0.084167
0 0.322031 0.531667 0.149375 0.214444
0 0.321328 0.323889 0.090469 0.171111
0 0.279062 0.650417 0.103438 0.186389
0 0.377344 0.295556 0.113437 0.150556
0 0.484219 0.353194 0.094688 0.199167
0 0.425391 0.392639 0.066094 0.211944
0 0.409609 0.307083 0.097656 0.127500
0 0.517969 0.507500 0.159375 0.227222
0 0.439766 0.589306 0.112031 0.268056
0 0.650859 0.698889 0.189531 0.262778
0 0.667969 0.853194 0.137813 0.209167
0 0.221562 0.324861 0.045937 0.096944
0 0.267422 0.261250 0.068906 0.066389
0 0.306875 0.282917 0.084687 0.079167
0 0.340703 0.226806 0.083281 0.048611
0 0.432656 0.222778 0.103438 0.086667
0 0.322734 0.439722 0.139219 0.188889
0 0.268828 0.402778 0.071719 0.099444
0 0.146094 0.526667 0.024375 0.086667