0 0.710156 0.811111 0.160938 0.372222
0 0.761719 0.412500 0.114062 0.375000
0 0.404687 0.729167 0.234375 0.180556
0 0.343750 0.847222 0.209375 0.233333
0 0.314844 0.937500 0.220312 0.119444
0 0.524219 0.343056 0.132812 0.263889
0 0.607812 0.337500 0.106250 0.275000
0 0.672656 0.316667 0.132812 0.238889
0 0.742969 0.293056 0.123438 0.252778
0 0.494531 0.852778 0.185938 0.288889
0 0.559375 0.200000 0.131250 0.105556
0 0.694531 0.176389 0.170313 0.091667
0 0.432812 0.248611 0.143750 0.169444
0 0.364844 0.211111 0.126562 0.094444
0 0.306250 0.405556 0.125000 0.244444
0 0.195312 0.847222 0.150000 0.183333
0 0.111719 0.763889 0.060937 0.111111
0 0.339062 0.283333 0.075000 0.100000
0 0.124219 0.512500 0.026562 0.047222
0 0.152344 0.636111 0.123438 0.194444
0 0.290625 0.618056 0.143750 0.219444
0 0.212500 0.687500 0.084375 0.263889
0 0.336719 0.515278 0.154688 0.169444
0 0.290625 0.294444 0.043750 0.150000
0 0.265625 0.302778 0.056250 0.172222
0 0.248438 0.222222 0.068750 0.111111
0 0.203906 0.315278 0.017188 0.063889
0 0.234375 0.283333 0.059375 0.105556
0 0.128125 0.540278 0.028125 0.047222
0 0.289844 0.215278 0.060937 0.063889
0 0.223438 0.368056 0.037500 0.080556