0 0.721797 0.784306 0.175156 0.391389
0 0.757578 0.380278 0.128594 0.388333
0 0.424062 0.776806 0.237812 0.327500
0 0.357812 0.865833 0.218125 0.258889
0 0.332578 0.943056 0.224531 0.113889
0 0.517969 0.340417 0.142813 0.279722
0 0.601094 0.324306 0.116875 0.287500
0 0.673906 0.284861 0.156875 0.243056
0 0.728906 0.287778 0.139688 0.276667
0 0.547500 0.197361 0.138750 0.135833
0 0.698984 0.184306 0.173281 0.145833
0 0.685156 0.132778 0.148125 0.098333
0 0.421719 0.245278 0.150625 0.162222
0 0.333281 0.265972 0.102188 0.114722
0 0.359687 0.198611 0.101875 0.065000
0 0.273984 0.648056 0.143906 0.188889
0 0.197188 0.883194 0.150625 0.200833
0 0.088516 0.629444 0.072031 0.174444
0 0.248906 0.408750 0.076875 0.219167
0 0.276250 0.289861 0.051875 0.097500
0 0.234063 0.271389 0.069687 0.113333
0 0.199375 0.362222 0.025625 0.058333
0 0.243281 0.327500 0.046562 0.118889
0 0.280703 0.240417 0.059844 0.062500
0 0.293594 0.449167 0.140625 0.301667
0 0.157891 0.702917 0.135781 0.256944
0 0.119531 0.561250 0.028750 0.058611
0 0.170000 0.335139 0.030937 0.036944
0 0.213281 0.379861 0.035625 0.114722
0 0.233906 0.465139 0.047500 0.102500