0 0.282813 0.811111 0.146875 0.372222
0 0.248438 0.437500 0.134375 0.319444
0 0.578906 0.736111 0.210938 0.355556
0 0.651563 0.797222 0.200000 0.172222
0 0.682031 0.930556 0.214062 0.133333
0 0.472656 0.343056 0.126562 0.263889
0 0.395313 0.341667 0.140625 0.266667
0 0.387500 0.429167 0.159375 0.286111
0 0.442969 0.195833 0.132812 0.108333
0 0.280469 0.238889 0.160938 0.111111
0 0.299219 0.161111 0.160938 0.077778
0 0.564844 0.243056 0.132812 0.158333
0 0.664062 0.226389 0.084375 0.147222
0 0.621094 0.194444 0.079687 0.061111
0 0.726562 0.634722 0.137500 0.202778
0 0.812500 0.697222 0.118750 0.288889
0 0.906250 0.581944 0.065625 0.180556
0 0.728125 0.302778 0.034375 0.144444
0 0.754687 0.230556 0.068750 0.066667
0 0.750000 0.316667 0.040625 0.144444
0 0.786719 0.297222 0.051562 0.105556
0 0.702344 0.434722 0.135937 0.280556
0 0.842187 0.651389 0.071875 0.175000
0 0.880469 0.768056 0.064062 0.163889
0 0.696094 0.277778 0.048438 0.150000
0 0.667188 0.877778 0.212500 0.172222
0 0.776563 0.337500 0.037500 0.119444
0 0.757031 0.440278 0.048438 0.097222
0 0.843750 0.548611 0.065625 0.080556
0 0.888281 0.531944 0.035937 0.102778