0 0.702266 0.817500 0.170156 0.365000
0 0.763672 0.433194 0.123281 0.383611
0 0.393984 0.769583 0.233281 0.295278
0 0.335156 0.834583 0.215000 0.249722
0 0.304063 0.922500 0.223125 0.136667
0 0.528047 0.345139 0.139219 0.274167
0 0.611797 0.346250 0.112969 0.283056
0 0.685703 0.328333 0.156406 0.272778
0 0.740469 0.328611 0.128125 0.262222
0 0.566719 0.209167 0.137187 0.130000
0 0.715859 0.218056 0.173281 0.138333
0 0.711250 0.184306 0.161250 0.093056
0 0.437188 0.232361 0.149063 0.164167
0 0.374375 0.175833 0.105937 0.063889
0 0.347266 0.229306 0.105781 0.119167
0 0.282500 0.567500 0.154375 0.192222
0 0.190312 0.843889 0.153125 0.203333
0 0.235156 0.331806 0.089688 0.095833
0 0.147187 0.662639 0.103125 0.260278
0 0.162266 0.555417 0.084531 0.142500
0 0.318125 0.423194 0.178125 0.210833
0 0.284219 0.280000 0.067812 0.155000
0 0.261094 0.262917 0.057188 0.106944
0 0.252344 0.207917 0.065000 0.104722
0 0.203984 0.294444 0.021406 0.048889
0 0.235078 0.274722 0.045156 0.061667
0 0.115781 0.476389 0.016250 0.026111
0 0.299453 0.199028 0.070156 0.063611
0 0.216172 0.344028 0.013281 0.034167
0 0.114531 0.529167 0.039688 0.088889
0 0.248047 0.378611 0.053906 0.162222
0 0.101484 0.703472 0.034531 0.071944