0 0.560937 0.159583 0.170938 0.096389
0 0.565937 0.212222 0.170938 0.123333
0 0.592969 0.319167 0.184375 0.246667
0 0.685234 0.221250 0.087969 0.237500
0 0.736797 0.262083 0.076094 0.270833
0 0.786797 0.224306 0.067656 0.243611
0 0.135313 0.756667 0.074375 0.267778
0 0.089609 0.535694 0.050781 0.084167
0 0.414531 0.294861 0.155625 0.192500
0 0.093828 0.806389 0.055781 0.138333
0 0.287578 0.416806 0.148906 0.237500
0 0.299531 0.898611 0.196250 0.202778
0 0.400156 0.631944 0.093125 0.342778
0 0.477891 0.355139 0.133594 0.264722
0 0.370547 0.272500 0.145469 0.159444
0 0.606563 0.832500 0.346875 0.335000
0 0.334062 0.257361 0.106563 0.135278
0 0.483047 0.607917 0.116719 0.396944
0 0.415391 0.174583 0.137031 0.090278
0 0.768203 0.508611 0.104844 0.421111
0 0.250313 0.382361 0.074375 0.198611
0 0.258047 0.582361 0.174219 0.249722
0 0.183594 0.272500 0.045625 0.087222
0 0.182734 0.771806 0.111719 0.273611
0 0.391719 0.833472 0.191250 0.306944
0 0.305469 0.198750 0.110000 0.114167
0 0.214922 0.255833 0.071094 0.204444
0 0.042344 0.606250 0.057500 0.171389
0 0.193672 0.320694 0.035469 0.069167
0 0.123516 0.616667 0.125156 0.132222