0 0.558359 0.176667 0.161719 0.091111
0 0.563203 0.226667 0.161719 0.116667
0 0.588828 0.319028 0.174531 0.216389
0 0.676016 0.235278 0.083281 0.225000
0 0.740859 0.285000 0.094531 0.278889
0 0.772188 0.238056 0.064062 0.230556
0 0.080391 0.498333 0.057656 0.142222
0 0.309297 0.925694 0.188906 0.148611
0 0.376563 0.253472 0.092812 0.153611
0 0.406172 0.309306 0.120156 0.190833
0 0.562422 0.508472 0.147344 0.373056
0 0.065938 0.643611 0.054375 0.159444
0 0.137187 0.610833 0.116875 0.093889
0 0.104375 0.767361 0.051250 0.105278
0 0.440625 0.605278 0.118438 0.384444
0 0.346172 0.514167 0.211406 0.230556
0 0.374219 0.635000 0.142500 0.347222
0 0.466172 0.361944 0.099219 0.250556
0 0.295000 0.414583 0.140937 0.281944
0 0.338984 0.223611 0.084844 0.185000
0 0.582422 0.853194 0.097656 0.293611
0 0.238828 0.376111 0.073594 0.113889
0 0.695312 0.888750 0.140937 0.222500
0 0.420625 0.185278 0.129688 0.096667
0 0.226016 0.646389 0.073594 0.233333
0 0.282891 0.263750 0.043281 0.122500
0 0.299687 0.673611 0.118438 0.293333
0 0.759219 0.501250 0.105625 0.398611
0 0.201328 0.270694 0.043281 0.108056
0 0.242109 0.223750 0.070469 0.076944
0 0.245234 0.293333 0.057656 0.142222
0 0.117969 0.548333 0.049688 0.111111
0 0.129922 0.677917 0.121719 0.170833