0 0.578516 0.199306 0.162969 0.125278
0 0.579609 0.248333 0.164844 0.150000
0 0.596953 0.352083 0.185781 0.265833
0 0.688125 0.282778 0.096875 0.236667
0 0.732578 0.331111 0.088281 0.264444
0 0.780938 0.307500 0.078750 0.237778
0 0.100547 0.665694 0.056719 0.126944
0 0.214453 0.817361 0.217656 0.265278
0 0.249375 0.258333 0.068750 0.124444
0 0.429531 0.609444 0.175625 0.415000
0 0.495391 0.372917 0.168281 0.256389
0 0.408906 0.243056 0.128438 0.171111
0 0.688828 0.841111 0.169844 0.317778
0 0.379531 0.205139 0.075313 0.131389
0 0.429063 0.291111 0.146250 0.205000
0 0.265469 0.580139 0.140313 0.246944
0 0.751328 0.565417 0.114219 0.405833
0 0.294219 0.239444 0.068437 0.100000
0 0.615781 0.753194 0.222500 0.390833
0 0.238281 0.206667 0.073125 0.122778
0 0.459531 0.178056 0.133750 0.121111
0 0.198828 0.626111 0.125156 0.330000
0 0.501406 0.744167 0.225625 0.432222
0 0.118438 0.416389 0.074375 0.139444
0 0.338203 0.178472 0.084531 0.111944
0 0.318672 0.395278 0.155781 0.291111
0 0.313281 0.300139 0.125937 0.259722
0 0.237891 0.349306 0.056719 0.167500
0 0.122422 0.532083 0.079531 0.248611
0 0.089375 0.521528 0.108750 0.212500
0 0.166250 0.503472 0.067812 0.154167