0 0.530938 0.828889 0.180313 0.342222
0 0.270469 0.358056 0.176563 0.248333
0 0.823906 0.640833 0.070625 0.157222
0 0.538750 0.514861 0.101562 0.198611
0 0.209844 0.273889 0.130312 0.141111
0 0.659844 0.650694 0.168125 0.147500
0 0.616641 0.330139 0.078594 0.101389
0 0.551953 0.382500 0.074219 0.086667
0 0.686953 0.377222 0.082656 0.158333
0 0.681875 0.421250 0.075313 0.113611
0 0.455078 0.722500 0.217344 0.268889
0 0.252031 0.672500 0.291563 0.355556
0 0.359531 0.320694 0.193437 0.192500
0 0.255156 0.470139 0.172500 0.252500
0 0.320625 0.927500 0.159375 0.145000
0 0.611797 0.905278 0.115469 0.157778
0 0.734844 0.524583 0.062500 0.165278
0 0.383203 0.539028 0.156094 0.313611
0 0.223281 0.837361 0.175000 0.325278
0 0.473672 0.360000 0.060156 0.095556
0 0.182031 0.386944 0.121250 0.308333
0 0.234063 0.391806 0.090312 0.189722
0 0.395859 0.391111 0.096406 0.130556
0 0.142266 0.434583 0.078594 0.207500
0 0.472734 0.497083 0.126094 0.251389
0 0.391094 0.278611 0.118750 0.145556
0 0.767578 0.518750 0.079219 0.183611
0 0.764844 0.612639 0.084062 0.126944
0 0.519531 0.302222 0.111250 0.113889
0 0.442344 0.429167 0.103438 0.172778