0 0.540156 0.177222 0.165625 0.109444
0 0.546797 0.225278 0.166719 0.134444
0 0.584688 0.310833 0.176875 0.232222
0 0.659375 0.219028 0.090000 0.229167
0 0.724375 0.258056 0.102813 0.280556
0 0.752891 0.209861 0.071406 0.232500
0 0.073984 0.696667 0.062344 0.162222
0 0.105937 0.595139 0.049062 0.138611
0 0.156094 0.845000 0.092188 0.171667
0 0.325234 0.926528 0.196406 0.146944
0 0.501875 0.949861 0.111250 0.100278
0 0.308594 0.570417 0.168437 0.178611
0 0.264297 0.693333 0.128281 0.217778
0 0.357656 0.294028 0.129688 0.179167
0 0.149766 0.710694 0.124219 0.156389
0 0.149688 0.630000 0.078125 0.090000
0 0.476250 0.341528 0.111563 0.229167
0 0.412344 0.404028 0.086563 0.261944
0 0.393828 0.315694 0.112656 0.179722
0 0.558750 0.499444 0.156562 0.381111
0 0.256719 0.411389 0.076250 0.197222
0 0.439375 0.587083 0.145625 0.379722
0 0.680937 0.692500 0.234375 0.313889
0 0.697891 0.859028 0.158906 0.246389
0 0.222656 0.420000 0.054062 0.108889
0 0.312812 0.248333 0.100625 0.112222
0 0.408516 0.212361 0.128906 0.118611
0 0.296641 0.448194 0.144844 0.244722
0 0.198828 0.314444 0.070781 0.100000
0 0.255547 0.323889 0.095469 0.097778
0 0.125078 0.566250 0.036406 0.056944
0 0.248984 0.241250 0.077344 0.111944