0 0.282813 0.811111 0.146875 0.372222
0 0.251563 0.437500 0.140625 0.319444
0 0.472656 0.343056 0.126562 0.263889
0 0.396094 0.341667 0.139063 0.266667
0 0.656250 0.887500 0.246875 0.169444
0 0.482031 0.962500 0.123438 0.069444
0 0.690625 0.476389 0.168750 0.275000
0 0.279687 0.238889 0.153125 0.122222
0 0.310937 0.183333 0.184375 0.111111
0 0.565625 0.248611 0.137500 0.163889
0 0.675781 0.248611 0.085938 0.113889
0 0.627344 0.195833 0.092188 0.063889
0 0.726562 0.609722 0.128125 0.186111
0 0.797656 0.798611 0.135937 0.175000
0 0.913281 0.598611 0.060937 0.152778
0 0.714063 0.284722 0.046875 0.158333
0 0.754687 0.234722 0.068750 0.069444
0 0.742969 0.312500 0.039062 0.141667
0 0.778906 0.288889 0.060937 0.088889
0 0.697656 0.383333 0.110937 0.222222
0 0.832031 0.659722 0.092188 0.213889
0 0.882031 0.761111 0.070312 0.161111
0 0.675781 0.800000 0.164062 0.111111
0 0.676562 0.941667 0.209375 0.111111
0 0.645312 0.758333 0.196875 0.144444
0 0.582031 0.705556 0.198437 0.311111
0 0.772656 0.340278 0.032813 0.119444
0 0.760156 0.429167 0.045312 0.086111
0 0.799219 0.338889 0.023438 0.055556
0 0.892188 0.505556 0.028125 0.038889
0 0.878125 0.570833 0.050000 0.119444
0 0.865625 0.587500 0.056250 0.097222