0 0.705781 0.795972 0.139063 0.352500
0 0.741953 0.442083 0.119844 0.302500
0 0.526016 0.352778 0.119844 0.250000
0 0.598516 0.351250 0.131719 0.252500
0 0.376484 0.868333 0.226406 0.150000
0 0.517031 0.939306 0.116875 0.065833
0 0.305547 0.480278 0.131719 0.257778
0 0.708750 0.254028 0.145000 0.115833
0 0.679219 0.201528 0.174687 0.105278
0 0.437891 0.263194 0.130156 0.155278
0 0.333672 0.263056 0.081406 0.107778
0 0.378047 0.211944 0.087344 0.057778
0 0.287031 0.625000 0.133125 0.168333
0 0.224062 0.794583 0.134688 0.165833
0 0.108672 0.594583 0.057656 0.144722
0 0.297344 0.297500 0.044375 0.150000
0 0.258984 0.250139 0.065156 0.065833
0 0.270000 0.323750 0.034063 0.134167
0 0.235859 0.301250 0.057656 0.084167
0 0.317969 0.397500 0.127188 0.207778
0 0.187812 0.657917 0.082812 0.191944
0 0.138281 0.748472 0.066562 0.152500
0 0.417187 0.753750 0.227813 0.141944
0 0.327656 0.899861 0.196875 0.144722
0 0.361719 0.755139 0.185000 0.144722
0 0.422422 0.710417 0.187969 0.323611
0 0.239609 0.347361 0.035469 0.123611
0 0.253750 0.432917 0.045937 0.094722
0 0.216719 0.348750 0.022187 0.052500
0 0.139063 0.561806 0.038437 0.094722
0 0.132344 0.506528 0.028125 0.036944
0 0.156875 0.588056 0.062187 0.089444