0 0.742422 0.745139 0.178594 0.409167
0 0.742578 0.366528 0.161406 0.353611
0 0.443438 0.755556 0.240313 0.411111
0 0.382656 0.835000 0.202188 0.223889
0 0.359141 0.940278 0.223281 0.119444
0 0.512813 0.337222 0.148750 0.296667
0 0.589063 0.313889 0.162812 0.303333
0 0.686250 0.304028 0.135313 0.298056
0 0.552969 0.955278 0.140937 0.089444
0 0.528906 0.183472 0.140937 0.144722
0 0.693203 0.179722 0.168906 0.155556
0 0.665781 0.114444 0.162187 0.132222
0 0.412109 0.266528 0.146719 0.191944
0 0.320937 0.291389 0.092500 0.125556
0 0.348047 0.231528 0.092969 0.080278
0 0.288594 0.697778 0.154062 0.239444
0 0.206406 0.846528 0.167187 0.203056
0 0.104531 0.694444 0.059062 0.121111
0 0.264922 0.361111 0.063594 0.186667
0 0.224219 0.305278 0.073125 0.077222
0 0.240234 0.386389 0.055156 0.160000
0 0.204766 0.370000 0.068906 0.097222
0 0.299219 0.494583 0.170313 0.334722
0 0.187266 0.732500 0.095469 0.190556
0 0.119141 0.636667 0.045781 0.090556
0 0.369062 0.902639 0.225312 0.194722
0 0.211641 0.418750 0.040156 0.126389
0 0.240781 0.513194 0.059375 0.108056
0 0.150469 0.675694 0.079687 0.148611