0 0.717187 0.811111 0.146875 0.372222
0 0.748437 0.437500 0.140625 0.319444
0 0.527344 0.343056 0.126562 0.263889
0 0.603906 0.334722 0.139063 0.252778
0 0.358594 0.891667 0.239063 0.155556
0 0.517969 0.962500 0.123438 0.069444
0 0.294531 0.477778 0.139063 0.272222
0 0.720313 0.238889 0.153125 0.122222
0 0.689063 0.183333 0.184375 0.111111
0 0.434375 0.248611 0.137500 0.163889
0 0.324219 0.248611 0.085938 0.113889
0 0.371094 0.194444 0.092188 0.061111
0 0.270313 0.629167 0.146875 0.180556
0 0.208594 0.809722 0.142187 0.175000
0 0.086719 0.598611 0.060937 0.152778
0 0.285938 0.284722 0.046875 0.158333
0 0.245312 0.234722 0.068750 0.069444
0 0.257031 0.312500 0.035937 0.141667
0 0.221094 0.288889 0.060937 0.088889
0 0.301563 0.391667 0.137500 0.244444
0 0.170313 0.670833 0.087500 0.197222
0 0.117969 0.761111 0.070312 0.161111
0 0.326562 0.791667 0.168750 0.122222
0 0.314063 0.925000 0.206250 0.144444
0 0.353906 0.768056 0.195312 0.152778
0 0.417969 0.720833 0.198437 0.341667
0 0.225000 0.337500 0.037500 0.130556
0 0.239844 0.429167 0.045312 0.086111
0 0.200781 0.338889 0.023438 0.055556
0 0.118750 0.563889 0.040625 0.100000
0 0.111719 0.505556 0.029687 0.038889
0 0.132812 0.590278 0.050000 0.108333