0 0.440625 0.183333 0.150000 0.088889
0 0.428125 0.231944 0.134375 0.113889
0 0.407813 0.322222 0.168750 0.211111
0 0.329688 0.240278 0.081250 0.219444
0 0.266406 0.287500 0.092188 0.269444
0 0.235937 0.243056 0.062500 0.225000
0 0.929688 0.641667 0.050000 0.155556
0 0.896875 0.544444 0.043750 0.133333
0 0.857031 0.800000 0.085938 0.161111
0 0.692187 0.919444 0.190625 0.155556
0 0.742969 0.683333 0.120313 0.244444
0 0.633594 0.276389 0.123438 0.163889
0 0.624219 0.461111 0.092188 0.311111
0 0.853125 0.626389 0.103125 0.125000
0 0.583594 0.393056 0.076563 0.252778
0 0.882031 0.536111 0.045312 0.088889
0 0.584375 0.302778 0.134375 0.166667
0 0.441406 0.506944 0.142187 0.363889
0 0.692969 0.556944 0.164062 0.219444
0 0.758594 0.383333 0.045312 0.183333
0 0.538281 0.209722 0.114062 0.180556
0 0.327344 0.715278 0.223438 0.286111
0 0.317188 0.883333 0.150000 0.227778
0 0.559375 0.601389 0.115625 0.375000
0 0.773438 0.384722 0.050000 0.102778
0 0.715625 0.318056 0.065625 0.147222
0 0.579688 0.201389 0.125000 0.102778
0 0.767188 0.261111 0.040625 0.122222
0 0.700781 0.422222 0.135937 0.227778
0 0.684375 0.240278 0.062500 0.075000
0 0.727344 0.222222 0.060937 0.116667