0 0.444531 0.183333 0.157812 0.088889
0 0.439844 0.231944 0.157812 0.113889
0 0.414844 0.330556 0.170313 0.227778
0 0.329688 0.240278 0.081250 0.219444
0 0.282031 0.277778 0.070312 0.250000
0 0.235937 0.243056 0.062500 0.225000
0 0.874219 0.784722 0.067187 0.119444
0 0.677344 0.843056 0.114062 0.275000
0 0.691406 0.419444 0.157812 0.194444
0 0.762500 0.311111 0.046875 0.088889
0 0.592969 0.634722 0.085938 0.363889
0 0.514844 0.361111 0.126562 0.238889
0 0.616406 0.280556 0.142187 0.161111
0 0.285156 0.823611 0.145313 0.347222
0 0.647656 0.236111 0.073438 0.116667
0 0.585938 0.320833 0.134375 0.175000
0 0.525000 0.606944 0.090625 0.352778
0 0.246094 0.505556 0.085938 0.388889
0 0.749219 0.383333 0.070312 0.177778
0 0.700781 0.569444 0.142187 0.161111
0 0.781250 0.270833 0.065625 0.108333
0 0.567969 0.198611 0.132812 0.113889
0 0.767188 0.686111 0.143750 0.238889
0 0.478125 0.768056 0.193750 0.402778
0 0.882031 0.515278 0.057813 0.125000
0 0.692187 0.225000 0.081250 0.100000
0 0.609375 0.166667 0.109375 0.127778
0 0.828125 0.643056 0.068750 0.175000
0 0.812500 0.787500 0.106250 0.252778
0 0.914062 0.616667 0.084375 0.172222
0 0.860156 0.679167 0.092188 0.108333