0 0.722656 0.811111 0.135937 0.372222
0 0.761719 0.440278 0.114062 0.313889
0 0.421094 0.758333 0.210938 0.316667
0 0.345313 0.837500 0.206250 0.252778
0 0.317969 0.930556 0.214062 0.133333
0 0.524219 0.343056 0.132812 0.263889
0 0.600000 0.330556 0.090625 0.261111
0 0.706250 0.300000 0.178125 0.166667
0 0.607812 0.545833 0.171875 0.425000
0 0.559375 0.204167 0.134375 0.119444
0 0.714844 0.220833 0.170313 0.097222
0 0.700000 0.169444 0.150000 0.077778
0 0.433594 0.231944 0.139063 0.180556
0 0.339062 0.229167 0.078125 0.113889
0 0.371094 0.187500 0.082812 0.058333
0 0.260937 0.662500 0.140625 0.186111
0 0.182812 0.844444 0.143750 0.183333
0 0.093750 0.581944 0.065625 0.180556
0 0.314844 0.463889 0.164062 0.227778
0 0.281250 0.290278 0.056250 0.152778
0 0.259375 0.209722 0.034375 0.058333
0 0.204687 0.327778 0.025000 0.061111
0 0.251563 0.319444 0.043750 0.155556
0 0.286719 0.215278 0.051562 0.058333
0 0.307031 0.366667 0.129688 0.222222
0 0.149219 0.633333 0.114062 0.150000
0 0.116406 0.748611 0.054688 0.102778
0 0.220312 0.247222 0.084375 0.094444
0 0.167969 0.709722 0.120313 0.141667
0 0.220312 0.336111 0.031250 0.105556
0 0.230469 0.431944 0.039062 0.097222
0 0.140625 0.547222 0.062500 0.061111