0 0.555469 0.183333 0.157812 0.088889
0 0.560156 0.231944 0.157812 0.113889
0 0.585156 0.330556 0.170313 0.227778
0 0.670312 0.240278 0.081250 0.219444
0 0.717969 0.277778 0.070312 0.250000
0 0.764062 0.243056 0.062500 0.225000
0 0.128125 0.784722 0.071875 0.141667
0 0.229687 0.891667 0.153125 0.183333
0 0.314063 0.443056 0.143750 0.147222
0 0.233594 0.319444 0.060937 0.111111
0 0.407031 0.634722 0.085938 0.363889
0 0.485156 0.361111 0.126562 0.238889
0 0.364063 0.265278 0.103125 0.180556
0 0.714844 0.823611 0.145313 0.347222
0 0.352344 0.233333 0.067187 0.127778
0 0.475000 0.606944 0.090625 0.352778
0 0.753906 0.505556 0.085938 0.388889
0 0.264844 0.261111 0.073438 0.116667
0 0.293750 0.609722 0.146875 0.241667
0 0.218750 0.270833 0.065625 0.108333
0 0.432031 0.198611 0.132812 0.113889
0 0.200781 0.706944 0.107813 0.308333
0 0.519531 0.752778 0.198437 0.411111
0 0.117969 0.515278 0.057813 0.125000
0 0.307031 0.226389 0.064062 0.097222
0 0.414844 0.297222 0.120313 0.238889
0 0.268750 0.373611 0.053125 0.180556
0 0.228906 0.412500 0.045312 0.158333
0 0.089844 0.650000 0.089063 0.177778
0 0.165625 0.650000 0.128125 0.155556