0 0.526094 0.171667 0.163750 0.132778
0 0.535078 0.218194 0.166094 0.157500
0 0.568750 0.308472 0.188750 0.273611
0 0.644531 0.194861 0.100000 0.239722
0 0.695078 0.218472 0.092031 0.266944
0 0.737422 0.170833 0.082031 0.240000
0 0.135781 0.750417 0.079063 0.159167
0 0.352031 0.924028 0.197500 0.151944
0 0.390859 0.337500 0.131719 0.208889
0 0.093359 0.761389 0.065469 0.157778
0 0.168594 0.657917 0.090312 0.116944
0 0.170781 0.871250 0.117500 0.151389
0 0.380781 0.495139 0.131250 0.187500
0 0.404141 0.672500 0.145469 0.391667
0 0.466797 0.371667 0.143906 0.276667
0 0.370547 0.322222 0.128906 0.178889
0 0.298984 0.509028 0.156094 0.277500
0 0.320937 0.342222 0.125937 0.193889
0 0.295859 0.449444 0.147656 0.235000
0 0.495078 0.611111 0.193594 0.392222
0 0.394219 0.218333 0.133438 0.129444
0 0.745781 0.434444 0.146250 0.416111
0 0.248516 0.416667 0.060781 0.105556
0 0.283359 0.719028 0.141719 0.251944
0 0.190469 0.361667 0.051250 0.116111
0 0.222734 0.480278 0.063594 0.170556
0 0.381797 0.868472 0.219531 0.263056
0 0.326797 0.648750 0.134219 0.252500
0 0.230078 0.309306 0.089531 0.108611
0 0.296484 0.274722 0.109844 0.133333