0 0.722187 0.816944 0.169687 0.366111
0 0.776563 0.409861 0.120313 0.395278
0 0.409297 0.783472 0.238906 0.316389
0 0.335859 0.868333 0.220781 0.246111
0 0.305391 0.950278 0.232344 0.099444
0 0.526094 0.336667 0.140000 0.278333
0 0.614297 0.330833 0.112031 0.290000
0 0.691719 0.305972 0.158125 0.275278
0 0.750234 0.307500 0.130156 0.266667
0 0.563203 0.190139 0.141719 0.125833
0 0.723906 0.194722 0.176250 0.140556
0 0.710703 0.149167 0.166406 0.085000
0 0.429063 0.221111 0.150000 0.152222
0 0.359687 0.171250 0.110312 0.058611
0 0.332656 0.229722 0.108750 0.117222
0 0.274844 0.585556 0.164688 0.184444
0 0.183437 0.866806 0.140000 0.190278
0 0.068984 0.582639 0.069219 0.190278
0 0.300391 0.487639 0.179531 0.199167
0 0.283203 0.251944 0.046094 0.073333
0 0.252734 0.283889 0.064219 0.161111
0 0.232187 0.215278 0.065938 0.105556
0 0.186797 0.314861 0.021406 0.058611
0 0.218047 0.292917 0.051094 0.090833
0 0.275703 0.202083 0.070781 0.067500
0 0.223047 0.385139 0.064219 0.081944
0 0.283906 0.351389 0.074063 0.202222
0 0.106875 0.780417 0.085625 0.158056
0 0.097031 0.509444 0.013125 0.032222
0 0.143906 0.582778 0.090625 0.131667
0 0.098672 0.556389 0.032969 0.073333
0 0.221406 0.442222 0.041250 0.085000