0 0.555469 0.183333 0.157812 0.088889
0 0.560156 0.231944 0.157812 0.113889
0 0.585156 0.330556 0.170313 0.227778
0 0.670312 0.240278 0.081250 0.219444
0 0.717969 0.277778 0.070312 0.250000
0 0.764062 0.243056 0.062500 0.225000
0 0.110156 0.761111 0.048438 0.088889
0 0.197656 0.704167 0.095312 0.286111
0 0.312500 0.463889 0.159375 0.277778
0 0.235937 0.302778 0.053125 0.077778
0 0.407031 0.634722 0.085938 0.363889
0 0.485156 0.361111 0.126562 0.238889
0 0.387500 0.277778 0.137500 0.155556
0 0.714844 0.823611 0.145313 0.347222
0 0.341406 0.251389 0.120313 0.113889
0 0.407031 0.320833 0.151562 0.175000
0 0.475000 0.606944 0.090625 0.352778
0 0.421094 0.197222 0.126562 0.083333
0 0.753906 0.505556 0.085938 0.388889
0 0.241406 0.379167 0.070312 0.147222
0 0.291406 0.344444 0.073438 0.183333
0 0.207031 0.287500 0.042188 0.080556
0 0.260156 0.644444 0.145313 0.288889
0 0.515625 0.758333 0.193750 0.405556
0 0.239844 0.241667 0.045312 0.061111
0 0.312500 0.211111 0.143750 0.166667
0 0.153125 0.580556 0.075000 0.094444
0 0.160938 0.751389 0.059375 0.225000
0 0.072656 0.644444 0.107813 0.127778
0 0.127344 0.684722 0.076563 0.102778