0 0.712969 0.805833 0.144375 0.366111
0 0.749844 0.432917 0.125937 0.303056
0 0.526250 0.345556 0.124375 0.259444
0 0.601641 0.338750 0.136719 0.251389
0 0.361250 0.870000 0.221250 0.155556
0 0.527891 0.954722 0.102969 0.068333
0 0.716094 0.255417 0.150625 0.144722
0 0.304297 0.392222 0.119844 0.232222
0 0.437266 0.251389 0.139844 0.169444
0 0.331172 0.262361 0.096719 0.109167
0 0.276719 0.513750 0.125937 0.147500
0 0.194531 0.835972 0.109062 0.180278
0 0.095391 0.587222 0.064531 0.158333
0 0.292734 0.284167 0.041406 0.125556
0 0.248281 0.240417 0.069062 0.076389
0 0.264375 0.310139 0.040000 0.150278
0 0.223594 0.303333 0.050625 0.098333
0 0.368906 0.185833 0.132187 0.092778
0 0.123750 0.756667 0.069062 0.158333
0 0.308984 0.647361 0.193594 0.207500
0 0.315859 0.920556 0.192031 0.136667
0 0.345781 0.771667 0.205938 0.188333
0 0.181406 0.665139 0.095312 0.210278
0 0.236719 0.344167 0.040000 0.131111
0 0.249062 0.439861 0.055313 0.120278
0 0.206094 0.338889 0.021563 0.060000
0 0.117734 0.505556 0.029219 0.038333
0 0.146094 0.588750 0.040000 0.084722
0 0.124531 0.572361 0.040000 0.106389