0 0.727969 0.768333 0.182812 0.401111
0 0.754766 0.362222 0.136406 0.395000
0 0.418438 0.795278 0.242188 0.320000
0 0.366094 0.869583 0.222500 0.260833
0 0.342813 0.945000 0.226250 0.110000
0 0.514453 0.339306 0.148281 0.288056
0 0.597187 0.317500 0.122500 0.293889
0 0.668828 0.279861 0.165156 0.288611
0 0.721250 0.265278 0.142813 0.276111
0 0.540938 0.194306 0.140937 0.144722
0 0.691641 0.167917 0.168906 0.150278
0 0.676094 0.131528 0.146562 0.113056
0 0.414687 0.252500 0.153750 0.180000
0 0.347969 0.213889 0.107500 0.075556
0 0.327188 0.271111 0.109062 0.125000
0 0.285391 0.614583 0.167969 0.234722
0 0.223594 0.907222 0.159375 0.185556
0 0.282344 0.334306 0.124375 0.174167
0 0.160859 0.749306 0.092344 0.228056
0 0.171719 0.643750 0.093437 0.146389
0 0.313672 0.473472 0.177656 0.217500
0 0.244609 0.310694 0.057344 0.084722
0 0.230078 0.278750 0.068281 0.111389
0 0.194844 0.382083 0.020938 0.066944
0 0.222031 0.351528 0.048438 0.088611
0 0.124219 0.587500 0.025625 0.043333
0 0.275938 0.257361 0.071875 0.071389
0 0.206797 0.423194 0.016094 0.035833
0 0.126250 0.633194 0.041875 0.081944
0 0.231719 0.457361 0.054375 0.185278