0 0.708984 0.799028 0.141719 0.359167
0 0.739062 0.438750 0.135625 0.308056
0 0.525859 0.347500 0.122031 0.254444
0 0.599687 0.346111 0.134063 0.257222
0 0.394687 0.874028 0.248750 0.171389
0 0.530313 0.935694 0.119063 0.085833
0 0.308906 0.485417 0.137187 0.246389
0 0.711953 0.240417 0.147656 0.131389
0 0.681875 0.189306 0.168750 0.109722
0 0.436172 0.256528 0.132656 0.158056
0 0.323906 0.260417 0.091875 0.112500
0 0.372891 0.202917 0.090469 0.056389
0 0.281016 0.628889 0.132656 0.195556
0 0.215391 0.795000 0.140156 0.168889
0 0.103125 0.592639 0.060313 0.155278
0 0.292891 0.291389 0.045156 0.152778
0 0.253750 0.242917 0.066250 0.066944
0 0.262031 0.316944 0.034687 0.139444
0 0.230469 0.295417 0.058750 0.085833
0 0.306563 0.417222 0.135625 0.238333
0 0.183750 0.658194 0.095000 0.200833
0 0.130937 0.750694 0.067812 0.155278
0 0.331484 0.821806 0.176406 0.109722
0 0.322344 0.911667 0.203437 0.133889
0 0.360000 0.756111 0.179375 0.123333
0 0.234297 0.347639 0.030156 0.115278
0 0.423438 0.681111 0.197500 0.241111
0 0.250859 0.432083 0.048281 0.085833
0 0.154375 0.595278 0.078438 0.133889
0 0.208516 0.338056 0.021094 0.058889
0 0.132500 0.571111 0.043750 0.117778
0 0.121250 0.504306 0.027187 0.037500