0 0.556484 0.178333 0.160781 0.090556
0 0.561328 0.228056 0.160781 0.116111
0 0.586719 0.328472 0.173437 0.231944
0 0.673594 0.236528 0.082812 0.223611
0 0.722031 0.274583 0.071563 0.254722
0 0.769062 0.239306 0.063750 0.229167
0 0.170547 0.693472 0.089219 0.220833
0 0.418828 0.305833 0.146406 0.181111
0 0.073438 0.634028 0.066875 0.169722
0 0.135469 0.577361 0.098750 0.079167
0 0.133125 0.790972 0.084375 0.138611
0 0.299453 0.420417 0.140156 0.223611
0 0.310625 0.918889 0.184688 0.162222
0 0.405312 0.641111 0.087500 0.359444
0 0.478516 0.362361 0.125781 0.249167
0 0.377500 0.284444 0.136875 0.150000
0 0.248438 0.704722 0.152812 0.237778
0 0.341562 0.264861 0.103438 0.138611
0 0.483359 0.600139 0.109844 0.373611
0 0.419609 0.192778 0.128906 0.085000
0 0.751563 0.506667 0.098750 0.396111
0 0.271484 0.348333 0.062031 0.181111
0 0.327266 0.573333 0.128906 0.212222
0 0.201484 0.284583 0.042969 0.081944
0 0.345625 0.854861 0.203750 0.249167
0 0.271563 0.609861 0.116250 0.200833
0 0.230938 0.288750 0.066875 0.158611
0 0.316094 0.215139 0.103438 0.107500
0 0.211094 0.329722 0.033437 0.065000
0 0.115625 0.508194 0.030312 0.042500