0 0.282813 0.811111 0.146875 0.372222
0 0.245312 0.431944 0.128125 0.308333
0 0.472656 0.343056 0.126562 0.263889
0 0.396094 0.336111 0.139063 0.255556
0 0.640625 0.876389 0.225000 0.158333
0 0.471094 0.962500 0.104688 0.069444
0 0.279687 0.251389 0.153125 0.147222
0 0.696094 0.401389 0.126562 0.258333
0 0.563281 0.247222 0.142187 0.172222
0 0.675000 0.237500 0.090625 0.063889
0 0.732031 0.586111 0.148438 0.200000
0 0.810156 0.841667 0.110937 0.183333
0 0.910937 0.588889 0.065625 0.161111
0 0.714063 0.269444 0.031250 0.111111
0 0.755469 0.236111 0.070312 0.077778
0 0.737500 0.295833 0.034375 0.141667
0 0.780469 0.300000 0.051562 0.100000
0 0.630469 0.180556 0.117188 0.100000
0 0.882031 0.761111 0.070312 0.161111
0 0.782813 0.705556 0.103125 0.188889
0 0.686719 0.927778 0.195312 0.138889
0 0.656250 0.776389 0.209375 0.191667
0 0.836719 0.681944 0.073438 0.247222
0 0.767188 0.341667 0.040625 0.133333
0 0.646875 0.288889 0.121875 0.094444
0 0.798438 0.336111 0.021875 0.061111
0 0.888281 0.505556 0.029687 0.038889
0 0.857812 0.590278 0.043750 0.086111
0 0.882812 0.577778 0.043750 0.105556
0 0.768750 0.401389 0.037500 0.097222