0 0.710156 0.811111 0.160938 0.372222
0 0.761719 0.412500 0.114062 0.375000
0 0.400781 0.777778 0.226562 0.277778
0 0.343750 0.847222 0.209375 0.233333
0 0.314844 0.937500 0.220312 0.119444
0 0.524219 0.343056 0.132812 0.263889
0 0.607812 0.337500 0.106250 0.275000
0 0.681250 0.313889 0.150000 0.261111
0 0.735938 0.309722 0.121875 0.252778
0 0.559375 0.204167 0.134375 0.119444
0 0.714844 0.202778 0.167187 0.133333
0 0.702344 0.163889 0.157812 0.066667
0 0.430469 0.237500 0.145313 0.152778
0 0.366406 0.186111 0.104688 0.055556
0 0.340625 0.241667 0.103125 0.111111
0 0.287500 0.593056 0.156250 0.175000
0 0.199219 0.868056 0.148438 0.191667
0 0.067187 0.648611 0.059375 0.147222
0 0.133594 0.611111 0.073438 0.188889
0 0.174219 0.586111 0.098437 0.161111
0 0.314844 0.440278 0.173437 0.225000
0 0.285938 0.302778 0.059375 0.161111
0 0.264844 0.266667 0.060937 0.100000
0 0.245312 0.227778 0.062500 0.100000
0 0.203125 0.325000 0.018750 0.055556
0 0.232031 0.301389 0.048438 0.086111
0 0.282813 0.218056 0.065625 0.058333
0 0.213281 0.370833 0.014063 0.036111
0 0.246094 0.388889 0.051562 0.166667
0 0.128125 0.750000 0.065625 0.122222
0 0.117969 0.511111 0.017188 0.027778