0 0.563359 0.188194 0.159844 0.101389
0 0.566797 0.237083 0.160469 0.126389
0 0.589375 0.337500 0.175937 0.241111
0 0.676797 0.254306 0.086719 0.225833
0 0.723437 0.295417 0.076563 0.255278
0 0.770312 0.264583 0.068125 0.229722
0 0.114766 0.612361 0.070781 0.146944
0 0.302266 0.895694 0.188594 0.186944
0 0.412031 0.300972 0.121562 0.186944
0 0.071797 0.607361 0.056719 0.148611
0 0.157344 0.532222 0.085000 0.098333
0 0.134766 0.743194 0.110781 0.130833
0 0.373516 0.463472 0.115156 0.178056
0 0.386250 0.634167 0.123125 0.372778
0 0.482422 0.362361 0.129531 0.254167
0 0.393828 0.278750 0.120781 0.156389
0 0.302187 0.435278 0.141875 0.252222
0 0.342969 0.280278 0.116562 0.172778
0 0.306094 0.375972 0.136250 0.210278
0 0.482500 0.606944 0.172812 0.362778
0 0.428984 0.185556 0.128906 0.104444
0 0.748047 0.525417 0.122344 0.397500
0 0.263516 0.326528 0.055469 0.095833
0 0.262734 0.635139 0.128906 0.229167
0 0.213047 0.251667 0.044844 0.108889
0 0.230859 0.379722 0.053906 0.162222
0 0.339688 0.834583 0.205938 0.260278
0 0.313359 0.582361 0.121094 0.231389
0 0.257734 0.215000 0.084844 0.092778
0 0.326953 0.205139 0.104219 0.113611