0 0.697266 0.825694 0.168281 0.348611
0 0.763906 0.487361 0.132500 0.339167
0 0.406875 0.728194 0.230000 0.376944
0 0.331484 0.766806 0.209219 0.209167
0 0.293203 0.893750 0.220781 0.173056
0 0.533438 0.348472 0.147812 0.287500
0 0.616719 0.362917 0.121562 0.285278
0 0.696016 0.335972 0.165469 0.222500
0 0.575234 0.216806 0.143906 0.144722
0 0.730234 0.264306 0.156719 0.128056
0 0.720234 0.208194 0.167031 0.121944
0 0.450000 0.220972 0.145937 0.205278
0 0.354531 0.215139 0.080312 0.135278
0 0.383516 0.163611 0.104531 0.104444
0 0.258750 0.606250 0.145313 0.194167
0 0.169766 0.662083 0.155781 0.239722
0 0.091172 0.504583 0.076094 0.191944
0 0.537109 0.536389 0.162656 0.405000
0 0.278828 0.245556 0.042656 0.122778
0 0.254297 0.194722 0.062031 0.112778
0 0.216562 0.273056 0.028437 0.065556
0 0.263047 0.271944 0.047656 0.153889
0 0.299922 0.156111 0.073281 0.120556
0 0.300547 0.420139 0.139531 0.326944
0 0.161250 0.568333 0.094375 0.190000
0 0.100547 0.675417 0.069219 0.155278
0 0.309141 0.224861 0.066406 0.184722
0 0.308438 0.836528 0.215625 0.213056
0 0.235547 0.286389 0.040156 0.130556
0 0.246172 0.383333 0.052031 0.100000