0 0.444531 0.183333 0.157812 0.088889
0 0.439844 0.231944 0.157812 0.113889
0 0.414844 0.330556 0.170313 0.227778
0 0.329688 0.240278 0.081250 0.219444
0 0.282031 0.277778 0.070312 0.250000
0 0.235937 0.243056 0.062500 0.225000
0 0.770312 0.891667 0.153125 0.183333
0 0.869531 0.794444 0.042188 0.072222
0 0.691406 0.423611 0.157812 0.186111
0 0.766406 0.319444 0.060937 0.111111
0 0.592969 0.634722 0.085938 0.363889
0 0.514844 0.361111 0.126562 0.238889
0 0.616406 0.280556 0.142187 0.161111
0 0.285156 0.823611 0.145313 0.347222
0 0.647656 0.240278 0.067187 0.113889
0 0.585938 0.320833 0.134375 0.175000
0 0.525000 0.606944 0.090625 0.352778
0 0.246094 0.505556 0.085938 0.388889
0 0.765625 0.405556 0.050000 0.083333
0 0.708594 0.580556 0.142187 0.177778
0 0.781250 0.270833 0.065625 0.108333
0 0.567969 0.198611 0.132812 0.113889
0 0.792188 0.690278 0.115625 0.280556
0 0.472656 0.755556 0.201563 0.427778
0 0.882031 0.515278 0.057813 0.125000
0 0.692187 0.225000 0.081250 0.100000
0 0.603125 0.170833 0.106250 0.141667
0 0.895312 0.709722 0.053125 0.119444
0 0.860156 0.686111 0.051562 0.133333
0 0.927344 0.637500 0.057813 0.119444
0 0.846094 0.586111 0.092188 0.083333