0 0.710156 0.811111 0.160938 0.372222
0 0.743750 0.412500 0.150000 0.375000
0 0.400781 0.763889 0.226562 0.250000
0 0.348438 0.861111 0.240625 0.205556
0 0.314844 0.937500 0.220312 0.119444
0 0.524219 0.343056 0.132812 0.263889
0 0.586719 0.355556 0.092188 0.266667
0 0.652344 0.304167 0.085938 0.275000
0 0.760156 0.255556 0.076563 0.177778
0 0.707812 0.283333 0.078125 0.311111
0 0.556250 0.201389 0.134375 0.108333
0 0.700781 0.159722 0.148438 0.063889
0 0.432812 0.226389 0.140625 0.169444
0 0.366406 0.202778 0.101562 0.094444
0 0.389844 0.397222 0.135937 0.177778
0 0.313281 0.472222 0.139063 0.177778
0 0.185156 0.837500 0.135937 0.186111
0 0.112500 0.755556 0.071875 0.133333
0 0.341406 0.275000 0.079687 0.116667
0 0.175000 0.733333 0.112500 0.155556
0 0.146094 0.625000 0.104688 0.172222
0 0.288281 0.613889 0.135937 0.238889
0 0.214062 0.644444 0.084375 0.188889
0 0.295312 0.363889 0.121875 0.227778
0 0.285938 0.269444 0.037500 0.072222
0 0.235156 0.233333 0.057813 0.094444
0 0.284375 0.219444 0.068750 0.050000
0 0.245312 0.338889 0.056250 0.172222
0 0.203906 0.243056 0.051562 0.125000
0 0.205469 0.320833 0.023438 0.075000
0 0.131250 0.536111 0.031250 0.055556
0 0.220312 0.333333 0.040625 0.100000