0 0.498437 0.836111 0.153125 0.305556
0 0.287500 0.290278 0.159375 0.202778
0 0.235937 0.188889 0.121875 0.105556
0 0.646094 0.708333 0.173437 0.077778
0 0.557813 0.334722 0.103125 0.102778
0 0.631250 0.368056 0.071875 0.080556
0 0.559375 0.425000 0.056250 0.094444
0 0.697656 0.452778 0.073438 0.172222
0 0.695312 0.493056 0.084375 0.125000
0 0.442188 0.676389 0.181250 0.202778
0 0.238281 0.565278 0.273438 0.230556
0 0.378906 0.280556 0.182812 0.138889
0 0.289062 0.416667 0.193750 0.161111
0 0.339062 0.959722 0.175000 0.075000
0 0.571094 0.933333 0.104688 0.127778
0 0.492969 0.481944 0.092188 0.252778
0 0.241406 0.809722 0.229687 0.358333
0 0.476562 0.376389 0.046875 0.130556
0 0.197656 0.291667 0.095312 0.283333
0 0.236719 0.280556 0.085938 0.166667
0 0.395313 0.411111 0.118750 0.205556
0 0.153906 0.326389 0.060937 0.191667
0 0.539844 0.540278 0.051562 0.130556
0 0.418750 0.248611 0.103125 0.091667
0 0.778906 0.618056 0.085938 0.152778
0 0.805469 0.768056 0.073438 0.086111
0 0.750000 0.691667 0.075000 0.105556
0 0.517188 0.327778 0.125000 0.161111