0 0.548047 0.209167 0.136719 0.067778
0 0.551562 0.259167 0.146562 0.102778
0 0.582500 0.340417 0.152188 0.190278
0 0.653047 0.266667 0.073281 0.197778
0 0.710000 0.309306 0.083125 0.243056
0 0.737578 0.269306 0.056406 0.203056
0 0.108984 0.628750 0.050781 0.140278
0 0.141484 0.540972 0.039531 0.120278
0 0.177344 0.771528 0.077500 0.145278
0 0.326094 0.879306 0.171875 0.140278
0 0.501563 0.908056 0.060625 0.082778
0 0.324688 0.504861 0.146562 0.223056
0 0.323906 0.326667 0.088750 0.167778
0 0.280156 0.647500 0.108438 0.182778
0 0.378906 0.299167 0.111250 0.147778
0 0.122500 0.646111 0.063438 0.065000
0 0.209844 0.573750 0.040938 0.080278
0 0.483828 0.355694 0.092969 0.195278
0 0.426172 0.403333 0.064844 0.225556
0 0.410547 0.310417 0.095781 0.125278
0 0.541719 0.487083 0.118438 0.263056
0 0.447266 0.574861 0.095781 0.293056
0 0.647344 0.695139 0.185938 0.258056
0 0.664219 0.846667 0.135313 0.205556
0 0.252734 0.400694 0.042344 0.080278
0 0.309844 0.286667 0.083125 0.077778
0 0.342891 0.231528 0.081719 0.047500
0 0.433047 0.227917 0.101406 0.085278
0 0.318359 0.430833 0.122656 0.205556
0 0.265391 0.261667 0.070469 0.092778
0 0.280313 0.383194 0.055000 0.140278
0 0.231562 0.335556 0.028125 0.050000
0 0.156875 0.547222 0.036562 0.107778