0 0.555469 0.183333 0.157812 0.088889
0 0.560156 0.231944 0.157812 0.113889
0 0.585156 0.330556 0.170313 0.227778
0 0.670312 0.240278 0.081250 0.219444
0 0.717969 0.277778 0.070312 0.250000
0 0.764062 0.243056 0.062500 0.225000
0 0.113281 0.765278 0.042188 0.108333
0 0.324219 0.802778 0.117188 0.372222
0 0.307812 0.443056 0.150000 0.208333
0 0.237500 0.311111 0.046875 0.088889
0 0.407031 0.634722 0.085938 0.363889
0 0.485156 0.361111 0.126562 0.238889
0 0.387500 0.277778 0.137500 0.155556
0 0.714844 0.823611 0.145313 0.347222
0 0.362500 0.236111 0.087500 0.116667
0 0.414062 0.320833 0.134375 0.175000
0 0.475000 0.606944 0.090625 0.352778
0 0.753906 0.505556 0.085938 0.388889
0 0.250781 0.383333 0.070312 0.177778
0 0.297656 0.529167 0.154688 0.208333
0 0.207031 0.287500 0.042188 0.080556
0 0.432031 0.198611 0.132812 0.113889
0 0.250000 0.647222 0.118750 0.211111
0 0.521875 0.768056 0.193750 0.402778
0 0.118750 0.522222 0.053125 0.111111
0 0.357812 0.191667 0.134375 0.194444
0 0.173437 0.595833 0.065625 0.130556
0 0.174219 0.755556 0.101562 0.327778
0 0.083594 0.606944 0.085938 0.169444
0 0.135156 0.669444 0.079687 0.100000