0 0.561250 0.153333 0.172812 0.097222
0 0.566406 0.206806 0.172812 0.124722
0 0.593672 0.305556 0.186406 0.231111
0 0.686953 0.215972 0.088906 0.240278
0 0.739141 0.256806 0.077031 0.273611
0 0.789531 0.219028 0.068437 0.246389
0 0.070312 0.590000 0.046250 0.179444
0 0.295312 0.927917 0.201875 0.144167
0 0.398672 0.294861 0.128281 0.203611
0 0.035156 0.655139 0.058125 0.158056
0 0.120703 0.571528 0.095781 0.130833
0 0.107891 0.798333 0.117969 0.133889
0 0.335469 0.521528 0.172812 0.285833
0 0.364531 0.645972 0.152188 0.376944
0 0.477422 0.350972 0.135156 0.267500
0 0.373906 0.261389 0.136875 0.173333
0 0.296094 0.450000 0.152188 0.161111
0 0.322656 0.273611 0.123125 0.179444
0 0.290078 0.392083 0.147031 0.209722
0 0.484141 0.618750 0.179531 0.383056
0 0.414141 0.162500 0.138594 0.103333
0 0.759609 0.439444 0.121406 0.346667
0 0.187422 0.717639 0.088906 0.325278
0 0.231172 0.379861 0.077031 0.203611
0 0.179844 0.253889 0.046250 0.115556
0 0.248203 0.652222 0.135156 0.249444
0 0.332031 0.869583 0.237812 0.246389
0 0.227656 0.209583 0.090625 0.094167
0 0.304688 0.193056 0.097500 0.097222