0 0.573906 0.195417 0.162187 0.118056
0 0.575781 0.244722 0.163750 0.142778
0 0.595156 0.339306 0.181875 0.241944
0 0.684688 0.273611 0.093750 0.233333
0 0.744844 0.334028 0.107813 0.288056
0 0.777891 0.294167 0.075469 0.235556
0 0.105859 0.481667 0.050469 0.151667
0 0.288594 0.881806 0.192500 0.189167
0 0.384141 0.243472 0.117031 0.185833
0 0.418594 0.295972 0.127500 0.206944
0 0.558672 0.518056 0.164531 0.388889
0 0.068984 0.561250 0.061406 0.153611
0 0.147500 0.510417 0.096562 0.124722
0 0.127266 0.703333 0.114531 0.141667
0 0.434844 0.589861 0.137187 0.394722
0 0.351484 0.485972 0.166406 0.266389
0 0.368750 0.606528 0.158438 0.363056
0 0.473828 0.358056 0.110781 0.261111
0 0.303906 0.390278 0.150313 0.252222
0 0.345625 0.255694 0.111563 0.195833
0 0.680156 0.799028 0.196250 0.401944
0 0.439766 0.178611 0.131406 0.117778
0 0.212969 0.648333 0.114375 0.270000
0 0.263516 0.340833 0.087656 0.207778
0 0.280000 0.578611 0.120938 0.225000
0 0.750781 0.536111 0.124375 0.383889
0 0.222109 0.221389 0.048281 0.112778
0 0.245000 0.192222 0.034687 0.066667
0 0.299219 0.203611 0.108438 0.170556