0 0.710156 0.811111 0.160938 0.372222
0 0.761719 0.412500 0.114062 0.375000
0 0.413281 0.766667 0.226562 0.300000
0 0.343750 0.847222 0.209375 0.233333
0 0.314844 0.937500 0.220312 0.119444
0 0.524219 0.343056 0.132812 0.263889
0 0.607812 0.337500 0.106250 0.275000
0 0.681250 0.313889 0.150000 0.261111
0 0.733594 0.311111 0.120313 0.250000
0 0.559375 0.204167 0.134375 0.119444
0 0.712500 0.209722 0.171875 0.130556
0 0.704688 0.161111 0.156250 0.083333
0 0.431250 0.237500 0.143750 0.141667
0 0.366406 0.187500 0.104688 0.058333
0 0.340625 0.241667 0.103125 0.111111
0 0.362500 0.563889 0.193750 0.211111
0 0.199219 0.845833 0.132812 0.180556
0 0.094531 0.579167 0.073438 0.175000
0 0.322656 0.370833 0.110937 0.175000
0 0.292969 0.279167 0.051562 0.097222
0 0.269531 0.277778 0.048438 0.127778
0 0.245312 0.227778 0.062500 0.100000
0 0.202344 0.329167 0.020313 0.063889
0 0.241406 0.290278 0.064062 0.102778
0 0.289844 0.208333 0.060937 0.050000
0 0.267188 0.423611 0.081250 0.208333
0 0.223438 0.631944 0.137500 0.263889
0 0.124219 0.763889 0.076563 0.150000
0 0.117188 0.520833 0.012500 0.030556
0 0.111719 0.633333 0.054688 0.138889
0 0.117969 0.561111 0.032813 0.072222
0 0.220312 0.341667 0.031250 0.127778
0 0.232813 0.429167 0.037500 0.080556