0 0.715781 0.814306 0.164688 0.371389
0 0.768516 0.411111 0.116719 0.383889
0 0.412031 0.773472 0.231875 0.306944
0 0.345625 0.845972 0.204687 0.258611
0 0.314531 0.936528 0.219062 0.126944
0 0.525469 0.340000 0.135937 0.270000
0 0.611094 0.334306 0.108750 0.281389
0 0.687031 0.291528 0.148750 0.281389
0 0.743047 0.313056 0.132656 0.267222
0 0.561562 0.197778 0.137500 0.122222
0 0.715781 0.180833 0.164688 0.145000
0 0.693359 0.152361 0.132656 0.065278
0 0.431250 0.230556 0.148750 0.147778
0 0.337578 0.240417 0.105469 0.105278
0 0.369609 0.175000 0.102344 0.053889
0 0.264141 0.622778 0.140781 0.176111
0 0.176250 0.852917 0.147187 0.187500
0 0.085703 0.585972 0.078281 0.204722
0 0.248828 0.382639 0.078281 0.207500
0 0.281719 0.258889 0.057500 0.102222
0 0.246484 0.217778 0.051094 0.076667
0 0.198594 0.320139 0.025625 0.059722
0 0.246563 0.287222 0.041563 0.102222
0 0.287266 0.207917 0.059219 0.056944
0 0.288828 0.425139 0.129531 0.304167
0 0.143359 0.663889 0.129531 0.247222
0 0.197734 0.255972 0.072031 0.085278
0 0.212891 0.341250 0.032031 0.113611