0 0.558672 0.167500 0.165781 0.093333
0 0.563672 0.218750 0.165781 0.119722
0 0.589922 0.322500 0.178906 0.239444
0 0.679375 0.227500 0.085312 0.230556
0 0.729453 0.266944 0.073906 0.262778
0 0.777969 0.230417 0.065625 0.236389
0 0.160469 0.698889 0.091875 0.227778
0 0.416641 0.299028 0.151094 0.186944
0 0.060391 0.637639 0.068906 0.175278
0 0.124531 0.579167 0.101875 0.081667
0 0.121953 0.799583 0.087031 0.143056
0 0.293516 0.417222 0.144531 0.230556
0 0.305078 0.923889 0.190469 0.152222
0 0.402813 0.644861 0.090312 0.370833
0 0.478281 0.357361 0.129688 0.256944
0 0.374062 0.277083 0.141250 0.154722
0 0.248438 0.760139 0.162500 0.245278
0 0.337109 0.256806 0.106719 0.143056
0 0.483203 0.602639 0.113281 0.385278
0 0.417578 0.182083 0.132969 0.087500
0 0.759844 0.506250 0.101875 0.408611
0 0.261563 0.334167 0.050938 0.192778
0 0.328047 0.590972 0.137969 0.186944
0 0.192656 0.277083 0.044375 0.084722
0 0.341172 0.865417 0.210156 0.256944
0 0.245078 0.624583 0.106719 0.201389
0 0.222891 0.281389 0.068906 0.163333
0 0.310859 0.205694 0.106719 0.110833
0 0.202422 0.323889 0.034531 0.067222
0 0.103906 0.512222 0.018125 0.035000