0 0.574922 0.196111 0.162344 0.119444
0 0.576484 0.245556 0.163906 0.144444
0 0.588438 0.331528 0.194062 0.231944
0 0.685469 0.275417 0.094375 0.234167
0 0.746562 0.315556 0.105937 0.247222
0 0.778359 0.296806 0.076094 0.235833
0 0.287422 0.879861 0.192969 0.190833
0 0.387656 0.260972 0.133438 0.170833
0 0.105703 0.469306 0.053594 0.168611
0 0.419375 0.295417 0.128125 0.208056
0 0.552344 0.517361 0.153125 0.387500
0 0.058672 0.553611 0.044844 0.153333
0 0.149609 0.559028 0.134844 0.168611
0 0.655938 0.886806 0.147187 0.226389
0 0.072188 0.540833 0.057813 0.115000
0 0.434609 0.589167 0.138281 0.395556
0 0.345781 0.514167 0.166875 0.338333
0 0.358125 0.607361 0.146250 0.375278
0 0.462656 0.355694 0.119375 0.263611
0 0.441406 0.182361 0.130000 0.115833
0 0.295859 0.358889 0.131406 0.260556
0 0.330469 0.232917 0.132187 0.225278
0 0.733984 0.505833 0.130781 0.421111
0 0.235703 0.340000 0.043906 0.087778
0 0.304063 0.191389 0.047500 0.072222
0 0.272344 0.533056 0.150625 0.226111
0 0.186875 0.690833 0.135000 0.269444
0 0.227344 0.260000 0.061250 0.096667
0 0.261875 0.173194 0.077187 0.129722
0 0.208047 0.205833 0.043906 0.087778
0 0.125078 0.461944 0.033906 0.099444