0 0.498437 0.836111 0.153125 0.305556
0 0.287500 0.290278 0.159375 0.202778
0 0.805469 0.737500 0.057813 0.141667
0 0.235937 0.188889 0.121875 0.105556
0 0.642969 0.697222 0.160938 0.100000
0 0.631250 0.368056 0.071875 0.080556
0 0.696094 0.436111 0.070312 0.138889
0 0.686719 0.477778 0.067187 0.094444
0 0.448437 0.700000 0.181250 0.288889
0 0.239063 0.594444 0.268750 0.277778
0 0.387500 0.269444 0.165625 0.161111
0 0.271094 0.397222 0.173437 0.211111
0 0.292969 0.938889 0.173437 0.116667
0 0.571094 0.933333 0.104688 0.127778
0 0.724219 0.572222 0.060937 0.138889
0 0.415625 0.484722 0.103125 0.275000
0 0.189844 0.800000 0.139063 0.394444
0 0.197656 0.291667 0.095312 0.283333
0 0.248438 0.312500 0.075000 0.169444
0 0.393750 0.400000 0.115625 0.183333
0 0.520312 0.498611 0.137500 0.180556
0 0.153906 0.326389 0.060937 0.191667
0 0.533594 0.433333 0.154688 0.138889
0 0.414062 0.248611 0.109375 0.113889
0 0.761719 0.600000 0.064062 0.166667
0 0.750000 0.691667 0.075000 0.105556
0 0.538281 0.311111 0.104688 0.083333
0 0.495312 0.348611 0.090625 0.113889