0 0.710156 0.811111 0.160938 0.372222
0 0.761719 0.412500 0.114062 0.375000
0 0.413281 0.766667 0.226562 0.300000
0 0.343750 0.847222 0.209375 0.233333
0 0.314844 0.937500 0.220312 0.119444
0 0.524219 0.343056 0.132812 0.263889
0 0.607812 0.337500 0.106250 0.275000
0 0.681250 0.313889 0.150000 0.261111
0 0.736719 0.315278 0.123438 0.252778
0 0.559375 0.204167 0.134375 0.119444
0 0.711719 0.208333 0.167187 0.133333
0 0.699219 0.165278 0.157812 0.080556
0 0.432031 0.233333 0.142187 0.144444
0 0.366406 0.188889 0.104688 0.050000
0 0.340625 0.241667 0.103125 0.111111
0 0.277344 0.600000 0.145313 0.172222
0 0.199219 0.845833 0.132812 0.180556
0 0.090625 0.576389 0.065625 0.180556
0 0.350781 0.470833 0.148438 0.297222
0 0.290625 0.287500 0.053125 0.125000
0 0.269531 0.281944 0.051562 0.130556
0 0.245312 0.227778 0.062500 0.100000
0 0.200781 0.323611 0.023438 0.058333
0 0.241406 0.290278 0.064062 0.102778
0 0.286719 0.215278 0.067187 0.063889
0 0.242969 0.388889 0.060937 0.127778
0 0.289062 0.425000 0.112500 0.244444
0 0.126562 0.763889 0.081250 0.150000
0 0.160938 0.572222 0.100000 0.127778
0 0.113281 0.573611 0.032813 0.102778
0 0.232031 0.434722 0.032813 0.086111