0 0.740781 0.750417 0.176250 0.406944
0 0.747500 0.370694 0.151875 0.349167
0 0.513906 0.337500 0.147187 0.294444
0 0.589141 0.310556 0.158906 0.289444
0 0.394766 0.906111 0.232656 0.187778
0 0.556406 0.950972 0.127812 0.098056
0 0.257422 0.724722 0.136094 0.235000
0 0.694063 0.159028 0.165313 0.205278
0 0.660469 0.137083 0.191562 0.158611
0 0.414062 0.268611 0.149688 0.198333
0 0.305234 0.297639 0.094531 0.135278
0 0.347188 0.233194 0.096562 0.087500
0 0.323828 0.593333 0.118281 0.238333
0 0.216875 0.905278 0.125312 0.189444
0 0.099453 0.706667 0.072969 0.167222
0 0.270391 0.343611 0.059531 0.168889
0 0.225937 0.304861 0.073750 0.086944
0 0.246016 0.374028 0.051719 0.148056
0 0.206484 0.364722 0.067656 0.103889
0 0.299219 0.489028 0.164375 0.355278
0 0.163672 0.699306 0.112031 0.164167
0 0.143984 0.858889 0.082969 0.177778
0 0.571172 0.735139 0.212656 0.354722
0 0.357187 0.946528 0.201875 0.106944
0 0.372266 0.830278 0.226719 0.235000
0 0.412812 0.702917 0.230313 0.222500
0 0.217266 0.416667 0.049531 0.139444
0 0.236719 0.497222 0.056250 0.111667
0 0.190625 0.419444 0.027813 0.061111
0 0.128359 0.663750 0.048594 0.109722
0 0.116484 0.607917 0.032656 0.046389
0 0.149219 0.686250 0.072813 0.110833