0 0.725313 0.805139 0.139063 0.375833
0 0.760938 0.405417 0.117188 0.378056
0 0.423359 0.760278 0.213594 0.322222
0 0.351406 0.841528 0.202188 0.258056
0 0.321641 0.932917 0.215156 0.134167
0 0.522812 0.342361 0.135000 0.267500
0 0.606484 0.334444 0.108594 0.277778
0 0.687188 0.274167 0.145625 0.217778
0 0.734375 0.304861 0.133438 0.253611
0 0.556094 0.202639 0.136875 0.123056
0 0.707500 0.181944 0.162187 0.146111
0 0.684609 0.156111 0.125469 0.064444
0 0.431406 0.233750 0.140625 0.184167
0 0.341563 0.243194 0.097812 0.119167
0 0.367734 0.190972 0.091094 0.055278
0 0.260703 0.655139 0.139219 0.211944
0 0.185781 0.853056 0.145313 0.187222
0 0.095234 0.594306 0.078281 0.201944
0 0.302344 0.504028 0.197500 0.258056
0 0.279531 0.296250 0.057500 0.154167
0 0.253203 0.237083 0.052344 0.095833
0 0.203984 0.334444 0.023906 0.058889
0 0.249219 0.320556 0.043438 0.156667
0 0.284297 0.220972 0.052031 0.059722
0 0.294609 0.406806 0.120781 0.233611
0 0.152891 0.657917 0.110781 0.172500
0 0.205625 0.255000 0.066562 0.118333
0 0.218906 0.343750 0.032188 0.106389
0 0.229922 0.439167 0.039844 0.098333
0 0.136406 0.552917 0.056875 0.070833