0 0.726797 0.788750 0.158594 0.386389
0 0.746094 0.412639 0.150625 0.333056
0 0.522266 0.340556 0.134844 0.276111
0 0.598516 0.325972 0.147031 0.269167
0 0.358750 0.902222 0.256562 0.194444
0 0.532734 0.959583 0.125469 0.080833
0 0.294063 0.498472 0.147500 0.285833
0 0.711641 0.217083 0.156719 0.137500
0 0.678672 0.164722 0.187656 0.129444
0 0.426406 0.255694 0.142500 0.177500
0 0.316406 0.266806 0.089375 0.122500
0 0.361563 0.207917 0.094063 0.070278
0 0.274766 0.652222 0.152344 0.195000
0 0.218906 0.838750 0.147500 0.189167
0 0.090547 0.640139 0.065781 0.158611
0 0.279375 0.306667 0.051875 0.162778
0 0.237266 0.260972 0.070781 0.076389
0 0.251484 0.337222 0.040469 0.145000
0 0.214844 0.317500 0.063750 0.095000
0 0.302812 0.400139 0.134688 0.223611
0 0.173672 0.693056 0.098906 0.222778
0 0.126875 0.799306 0.075313 0.168056
0 0.334141 0.817361 0.167344 0.127500
0 0.336094 0.939861 0.200625 0.120278
0 0.362734 0.782222 0.199844 0.172222
0 0.425156 0.728611 0.209063 0.361111
0 0.220312 0.365417 0.041563 0.134167
0 0.238047 0.455556 0.047969 0.090556
0 0.196172 0.369167 0.025156 0.057778
0 0.124687 0.608750 0.053750 0.124167
0 0.112500 0.544861 0.030937 0.041944
0 0.136250 0.627222 0.053438 0.113333