0 0.716172 0.814444 0.165469 0.371111
0 0.769297 0.410278 0.117344 0.385556
0 0.410859 0.774583 0.232969 0.308611
0 0.339375 0.857222 0.215313 0.240000
0 0.309688 0.944306 0.226562 0.111389
0 0.525000 0.338750 0.136563 0.271389
0 0.610859 0.333056 0.109219 0.282778
0 0.687266 0.301806 0.152656 0.231389
0 0.743516 0.311806 0.133281 0.268611
0 0.561094 0.196111 0.138125 0.122778
0 0.716953 0.201806 0.173594 0.128611
0 0.705703 0.151667 0.151094 0.080000
0 0.430156 0.229028 0.149375 0.148611
0 0.338594 0.238889 0.101250 0.105556
0 0.368281 0.173194 0.102813 0.054167
0 0.259844 0.627500 0.146250 0.180000
0 0.173906 0.854583 0.147812 0.188611
0 0.078359 0.577222 0.072344 0.182778
0 0.250312 0.378889 0.078750 0.202778
0 0.281641 0.257500 0.051406 0.097222
0 0.236563 0.231806 0.067500 0.108611
0 0.196328 0.317361 0.019219 0.068611
0 0.247031 0.294444 0.043438 0.125556
0 0.285625 0.206111 0.059375 0.057222
0 0.288047 0.413194 0.128594 0.294167
0 0.141016 0.664583 0.130156 0.248611
0 0.108047 0.518750 0.025781 0.048611
0 0.093672 0.437500 0.025781 0.097222
0 0.065391 0.671528 0.052969 0.131389
0 0.210938 0.340139 0.032188 0.114167
0 0.228594 0.430278 0.045000 0.100000