0 0.718672 0.808056 0.148594 0.374444
0 0.754453 0.428472 0.129531 0.310278
0 0.526719 0.342500 0.127812 0.265556
0 0.603203 0.334583 0.140156 0.257500
0 0.361172 0.878333 0.225781 0.161667
0 0.530938 0.962083 0.105000 0.070833
0 0.719219 0.248333 0.153750 0.149444
0 0.299453 0.390278 0.126094 0.243333
0 0.435547 0.248194 0.142969 0.174167
0 0.327109 0.260694 0.097344 0.106944
0 0.273672 0.540694 0.144531 0.182500
0 0.191328 0.846111 0.111719 0.185000
0 0.089453 0.594861 0.066406 0.161944
0 0.287344 0.276667 0.039688 0.131111
0 0.243281 0.239722 0.070625 0.078889
0 0.259219 0.299167 0.036562 0.131111
0 0.218672 0.304028 0.052031 0.100833
0 0.370312 0.180833 0.125312 0.087778
0 0.119141 0.766667 0.071094 0.162222
0 0.250000 0.681389 0.164688 0.146667
0 0.315156 0.929861 0.195938 0.140278
0 0.345000 0.778750 0.210312 0.194722
0 0.162344 0.661944 0.071250 0.220556
0 0.232187 0.345556 0.041250 0.133889
0 0.257188 0.379861 0.062813 0.081389
0 0.200781 0.340417 0.022187 0.061389
0 0.111797 0.511111 0.029844 0.039444
0 0.142500 0.595278 0.044062 0.086667
0 0.117578 0.583333 0.044219 0.106111