0 0.555469 0.183333 0.157812 0.088889
0 0.560156 0.231944 0.157812 0.113889
0 0.585156 0.330556 0.170313 0.227778
0 0.670312 0.240278 0.081250 0.219444
0 0.717969 0.277778 0.070312 0.250000
0 0.764062 0.243056 0.062500 0.225000
0 0.139844 0.605556 0.098437 0.083333
0 0.186719 0.694444 0.085938 0.250000
0 0.098437 0.738889 0.028125 0.127778
0 0.312500 0.480556 0.159375 0.244444
0 0.257031 0.209722 0.110937 0.097222
0 0.407031 0.627778 0.085938 0.333333
0 0.482031 0.366667 0.129688 0.227778
0 0.388281 0.268056 0.101562 0.152778
0 0.714844 0.823611 0.145313 0.347222
0 0.344531 0.250000 0.107813 0.127778
0 0.410938 0.319444 0.134375 0.183333
0 0.483594 0.597222 0.107813 0.366667
0 0.421094 0.197222 0.126562 0.083333
0 0.753906 0.505556 0.085938 0.388889
0 0.235156 0.325000 0.110937 0.127778
0 0.308594 0.383333 0.148438 0.233333
0 0.207031 0.287500 0.042188 0.080556
0 0.264062 0.675000 0.153125 0.277778
0 0.417187 0.786111 0.159375 0.383333
0 0.319531 0.219444 0.101562 0.105556
0 0.121875 0.522222 0.046875 0.072222
0 0.141406 0.702778 0.089063 0.205556