0 0.722109 0.815278 0.150156 0.369444
0 0.759531 0.433194 0.132500 0.315278
0 0.528125 0.342361 0.129375 0.269722
0 0.606406 0.335278 0.142187 0.261111
0 0.388359 0.907222 0.236406 0.184444
0 0.518516 0.970000 0.126094 0.060000
0 0.241406 0.681667 0.115000 0.204444
0 0.725313 0.248611 0.156562 0.150556
0 0.693281 0.179028 0.188437 0.113611
0 0.433047 0.245694 0.140469 0.167500
0 0.320469 0.245694 0.087813 0.116389
0 0.368359 0.191806 0.094219 0.065278
0 0.304375 0.424583 0.161250 0.275278
0 0.185391 0.854861 0.111719 0.193056
0 0.083359 0.593472 0.063906 0.164722
0 0.287734 0.262778 0.051094 0.099444
0 0.239844 0.231667 0.070312 0.071111
0 0.254219 0.268472 0.041563 0.065278
0 0.213438 0.296944 0.059062 0.105000
0 0.251719 0.342361 0.103750 0.139167
0 0.151172 0.655972 0.110156 0.187500
0 0.109688 0.769583 0.071875 0.164722
0 0.549687 0.626111 0.230000 0.360556
0 0.310859 0.933056 0.212344 0.133889
0 0.339688 0.786667 0.228437 0.181667
0 0.291719 0.629028 0.174063 0.195833
0 0.218984 0.350833 0.038281 0.150556
0 0.235859 0.436111 0.049531 0.099444
0 0.194297 0.338056 0.023906 0.056667
0 0.112031 0.565278 0.044688 0.096667
0 0.103281 0.508472 0.030312 0.039722
0 0.134375 0.585000 0.028750 0.045556