0 0.555469 0.183333 0.157812 0.088889
0 0.560156 0.231944 0.157812 0.113889
0 0.585156 0.330556 0.170313 0.227778
0 0.670312 0.240278 0.081250 0.219444
0 0.717969 0.277778 0.070312 0.250000
0 0.764062 0.243056 0.062500 0.225000
0 0.145313 0.598611 0.100000 0.080556
0 0.228125 0.686111 0.100000 0.250000
0 0.110156 0.738889 0.051562 0.127778
0 0.320312 0.484722 0.165625 0.241667
0 0.265625 0.240278 0.078125 0.113889
0 0.407031 0.627778 0.085938 0.333333
0 0.482031 0.366667 0.129688 0.227778
0 0.381250 0.268056 0.103125 0.158333
0 0.714844 0.823611 0.145313 0.347222
0 0.340625 0.247222 0.096875 0.122222
0 0.411719 0.312500 0.132812 0.175000
0 0.483594 0.597222 0.107813 0.366667
0 0.421094 0.197222 0.126562 0.083333
0 0.753906 0.505556 0.085938 0.388889
0 0.241406 0.313889 0.092188 0.105556
0 0.307031 0.381944 0.148438 0.169444
0 0.209375 0.277778 0.046875 0.100000
0 0.269531 0.638889 0.139063 0.233333
0 0.417187 0.786111 0.159375 0.383333
0 0.319531 0.219444 0.101562 0.105556
0 0.121875 0.522222 0.050000 0.083333
0 0.150000 0.687500 0.090625 0.230556