0 0.709063 0.807361 0.159688 0.369167
0 0.760156 0.411806 0.113125 0.371944
0 0.414531 0.763194 0.224688 0.297500
0 0.345547 0.842917 0.207656 0.231389
0 0.316875 0.932500 0.218438 0.118333
0 0.524609 0.343056 0.131719 0.261667
0 0.607500 0.337500 0.105313 0.272778
0 0.680313 0.314167 0.148750 0.258889
0 0.734687 0.310139 0.120938 0.250833
0 0.559453 0.205278 0.133281 0.118333
0 0.713672 0.203889 0.165781 0.132222
0 0.701250 0.165278 0.156562 0.066111
0 0.431562 0.238333 0.144063 0.151667
0 0.368203 0.187222 0.103906 0.055000
0 0.342578 0.242639 0.102344 0.110278
0 0.289844 0.590972 0.155000 0.173611
0 0.202188 0.863611 0.147187 0.190000
0 0.074453 0.596528 0.086719 0.184722
0 0.158047 0.624028 0.123906 0.168056
0 0.309141 0.436667 0.165781 0.217778
0 0.285234 0.305694 0.058906 0.159722
0 0.265078 0.272917 0.058906 0.104722
0 0.248047 0.228750 0.062031 0.099167
0 0.206172 0.323611 0.018594 0.057778
0 0.234766 0.301528 0.047969 0.085278
0 0.285234 0.218889 0.065156 0.057778
0 0.216953 0.370694 0.012344 0.030278
0 0.244219 0.395417 0.045000 0.156944
0 0.129375 0.757778 0.075938 0.137778
0 0.119453 0.535833 0.027969 0.063333
0 0.121641 0.508194 0.013906 0.024722