0 0.282813 0.811111 0.146875 0.372222
0 0.238281 0.437500 0.114062 0.319444
0 0.578906 0.744444 0.210938 0.338889
0 0.651563 0.797222 0.200000 0.172222
0 0.682031 0.930556 0.214062 0.133333
0 0.475781 0.343056 0.132812 0.263889
0 0.392188 0.341667 0.106250 0.266667
0 0.292187 0.311111 0.175000 0.172222
0 0.440625 0.191667 0.128125 0.100000
0 0.282813 0.216667 0.156250 0.111111
0 0.299219 0.161111 0.160938 0.077778
0 0.566406 0.231944 0.135937 0.180556
0 0.655469 0.240278 0.073438 0.119444
0 0.635938 0.187500 0.100000 0.086111
0 0.733594 0.637500 0.135937 0.197222
0 0.791406 0.734722 0.129688 0.236111
0 0.906250 0.581944 0.065625 0.180556
0 0.513281 0.269444 0.092188 0.211111
0 0.735938 0.294444 0.037500 0.133333
0 0.762500 0.243056 0.056250 0.102778
0 0.795312 0.327778 0.025000 0.061111
0 0.749219 0.318056 0.039062 0.147222
0 0.717969 0.213889 0.070312 0.094444
0 0.699219 0.437500 0.135937 0.291667
0 0.834375 0.656944 0.081250 0.191667
0 0.878125 0.768056 0.075000 0.163889
0 0.702344 0.268056 0.051562 0.163889
0 0.667969 0.873611 0.214062 0.180556
0 0.777344 0.337500 0.032813 0.125000
0 0.759375 0.431944 0.046875 0.091667
0 0.853125 0.543056 0.065625 0.075000