0 0.552734 0.181806 0.158594 0.093056
0 0.557813 0.230417 0.158750 0.118056
0 0.583672 0.320000 0.172031 0.215556
0 0.668125 0.235833 0.083125 0.221667
0 0.716016 0.272083 0.072344 0.251944
0 0.761875 0.236111 0.064375 0.226667
0 0.107734 0.592500 0.043594 0.165000
0 0.316016 0.913750 0.185781 0.172500
0 0.405469 0.314861 0.118750 0.189167
0 0.076250 0.652917 0.054375 0.145833
0 0.149141 0.578889 0.082344 0.124444
0 0.143828 0.781667 0.108906 0.125000
0 0.349375 0.523472 0.160000 0.265278
0 0.376953 0.636528 0.142031 0.348056
0 0.477734 0.364444 0.125469 0.247778
0 0.382500 0.285000 0.126250 0.161667
0 0.305156 0.458056 0.146562 0.153889
0 0.335859 0.297361 0.113906 0.166944
0 0.305391 0.403889 0.126406 0.167222
0 0.486016 0.608889 0.167031 0.354444
0 0.418516 0.193889 0.127344 0.097778
0 0.736172 0.438194 0.113594 0.319722
0 0.226797 0.715556 0.105469 0.275000
0 0.252969 0.396806 0.071875 0.188056
0 0.205156 0.282778 0.043125 0.106667
0 0.274609 0.643472 0.114219 0.205833
0 0.348906 0.841528 0.219062 0.230833
0 0.248672 0.241389 0.083594 0.088333
0 0.318828 0.224306 0.089844 0.091389