0 0.575391 0.194167 0.153906 0.112778
0 0.585312 0.244861 0.139688 0.135278
0 0.600859 0.337917 0.178906 0.237500
0 0.682969 0.268889 0.092188 0.231667
0 0.743594 0.326389 0.105625 0.283333
0 0.776094 0.286806 0.073750 0.234167
0 0.064844 0.571528 0.057813 0.163056
0 0.102578 0.480000 0.050469 0.140000
0 0.129141 0.740833 0.093906 0.174444
0 0.287188 0.886528 0.197813 0.185833
0 0.248672 0.643194 0.132344 0.263056
0 0.378437 0.255833 0.131250 0.183333
0 0.378281 0.441250 0.107813 0.324722
0 0.141875 0.568611 0.109062 0.141111
0 0.422266 0.379861 0.089219 0.264167
0 0.117656 0.474028 0.049688 0.095833
0 0.426016 0.290000 0.142344 0.187778
0 0.557969 0.516250 0.160312 0.385278
0 0.305000 0.525278 0.174687 0.245000
0 0.248516 0.341944 0.054531 0.190000
0 0.476719 0.204722 0.122812 0.198333
0 0.660937 0.742222 0.237188 0.321111
0 0.662422 0.892917 0.161094 0.214167
0 0.435625 0.591389 0.134375 0.392222
0 0.233594 0.340833 0.055000 0.110556
0 0.294609 0.283889 0.072969 0.157222
0 0.435937 0.189583 0.129688 0.122500
0 0.246172 0.218889 0.046719 0.128333
0 0.303984 0.390000 0.147031 0.248889
0 0.329766 0.211528 0.066094 0.084722
0 0.287891 0.186667 0.066719 0.126111