0 0.719453 0.814167 0.147656 0.371667
0 0.756406 0.439722 0.130312 0.321111
0 0.421797 0.748472 0.212031 0.340833
0 0.348828 0.801528 0.201094 0.173056
0 0.318047 0.934306 0.215156 0.131389
0 0.528594 0.344861 0.127188 0.265278
0 0.601562 0.343472 0.122500 0.268056
0 0.611797 0.418889 0.155469 0.290556
0 0.558516 0.196944 0.133594 0.108889
0 0.721875 0.240278 0.161875 0.111667
0 0.702969 0.161806 0.161875 0.078056
0 0.435234 0.248472 0.138281 0.161944
0 0.336172 0.227639 0.084844 0.148056
0 0.384844 0.191250 0.072188 0.058611
0 0.273359 0.638056 0.138281 0.203889
0 0.186172 0.728889 0.095781 0.307222
0 0.092656 0.584861 0.065938 0.181389
0 0.271797 0.304306 0.034531 0.145278
0 0.245000 0.231806 0.069062 0.066944
0 0.249766 0.318472 0.040781 0.145278
0 0.212812 0.298889 0.051875 0.106111
0 0.298516 0.449583 0.138281 0.268056
0 0.157031 0.670139 0.069062 0.178611
0 0.118594 0.772083 0.064375 0.164722
0 0.304063 0.279306 0.048750 0.150833
0 0.332266 0.883750 0.212031 0.181389
0 0.223047 0.339167 0.037656 0.120000
0 0.242656 0.442778 0.048750 0.097778
0 0.160938 0.547361 0.067500 0.066944