0 0.739922 0.753056 0.175156 0.405556
0 0.743984 0.374583 0.158594 0.350278
0 0.440781 0.753750 0.237188 0.405278
0 0.373672 0.832500 0.211719 0.221111
0 0.354219 0.939583 0.222500 0.120833
0 0.514453 0.337778 0.146406 0.293333
0 0.590859 0.316667 0.160469 0.299444
0 0.602344 0.389722 0.176250 0.325000
0 0.532109 0.184583 0.140156 0.140833
0 0.696406 0.185833 0.168125 0.150556
0 0.671641 0.113889 0.165469 0.117778
0 0.415156 0.262083 0.144063 0.190278
0 0.315781 0.270694 0.095312 0.166944
0 0.355625 0.228056 0.083750 0.080556
0 0.286484 0.690556 0.152344 0.235556
0 0.198203 0.798889 0.155469 0.330556
0 0.104375 0.683750 0.079375 0.195278
0 0.258437 0.362500 0.045625 0.151667
0 0.226406 0.297778 0.073438 0.083333
0 0.237891 0.381667 0.051719 0.153333
0 0.199922 0.371806 0.059531 0.117500
0 0.294687 0.489306 0.157500 0.317500
0 0.170625 0.731528 0.080000 0.184722
0 0.144844 0.861389 0.076563 0.178333
0 0.288125 0.329583 0.060000 0.160833
0 0.364687 0.902083 0.224062 0.195833
0 0.213203 0.409167 0.046719 0.127778
0 0.240859 0.505972 0.055781 0.108611
0 0.164062 0.630556 0.062187 0.075000
0 0.126562 0.626250 0.038437 0.101389