0 0.555469 0.183333 0.157812 0.088889
0 0.560156 0.231944 0.157812 0.113889
0 0.582031 0.327778 0.176563 0.222222
0 0.670312 0.240278 0.081250 0.219444
0 0.733594 0.287500 0.092188 0.269444
0 0.764062 0.243056 0.062500 0.225000
0 0.067187 0.641667 0.056250 0.155556
0 0.103125 0.544444 0.043750 0.133333
0 0.307812 0.919444 0.190625 0.155556
0 0.246094 0.695833 0.098437 0.269444
0 0.366406 0.276389 0.123438 0.163889
0 0.297656 0.398611 0.126562 0.141667
0 0.073438 0.686111 0.056250 0.094444
0 0.149219 0.718056 0.098437 0.219444
0 0.401562 0.302778 0.106250 0.166667
0 0.558594 0.506944 0.142187 0.363889
0 0.147656 0.648611 0.095312 0.202778
0 0.226562 0.383333 0.043750 0.183333
0 0.353906 0.600000 0.135937 0.277778
0 0.682813 0.883333 0.150000 0.227778
0 0.660156 0.687500 0.248438 0.230556
0 0.358594 0.222222 0.095312 0.188889
0 0.440625 0.601389 0.115625 0.375000
0 0.454688 0.363889 0.100000 0.216667
0 0.283594 0.366667 0.064062 0.144444
0 0.440625 0.188889 0.084375 0.077778
0 0.206250 0.262500 0.059375 0.136111
0 0.307812 0.245833 0.059375 0.080556
0 0.302344 0.530556 0.129688 0.300000
0 0.267969 0.223611 0.048438 0.108333
0 0.125000 0.547222 0.034375 0.111111