0 0.731016 0.817639 0.155781 0.364722
0 0.764297 0.436389 0.149219 0.338889
0 0.529766 0.336111 0.134219 0.280000
0 0.610938 0.334722 0.147500 0.282778
0 0.355625 0.911944 0.266875 0.176111
0 0.519844 0.978194 0.130937 0.043611
0 0.289453 0.489306 0.160781 0.268056
0 0.734375 0.218333 0.162500 0.144444
0 0.701250 0.166667 0.195625 0.117778
0 0.431094 0.235833 0.145937 0.173889
0 0.314141 0.235972 0.091094 0.120833
0 0.365625 0.180000 0.097812 0.067778
0 0.250391 0.658750 0.165781 0.170833
0 0.190000 0.835556 0.147500 0.153333
0 0.062344 0.607083 0.064687 0.161944
0 0.273594 0.274306 0.049688 0.168056
0 0.230547 0.221250 0.072969 0.073611
0 0.242891 0.303750 0.041406 0.150278
0 0.204844 0.278750 0.064687 0.094167
0 0.292734 0.409722 0.150781 0.262222
0 0.148438 0.672083 0.097812 0.226944
0 0.095391 0.779583 0.074531 0.170833
0 0.320078 0.816389 0.182344 0.126667
0 0.313359 0.956111 0.222031 0.087778
0 0.346641 0.776667 0.208906 0.153333
0 0.413672 0.720556 0.210469 0.330000
0 0.211484 0.333056 0.034844 0.126667
0 0.225625 0.430556 0.049688 0.097222
0 0.121172 0.608750 0.089531 0.159167
0 0.183359 0.331667 0.024844 0.058889
0 0.084609 0.508472 0.029844 0.041389
0 0.099609 0.577778 0.052969 0.126667