0 0.553125 0.199167 0.150000 0.084444
0 0.557500 0.245556 0.150000 0.108333
0 0.581250 0.331528 0.161875 0.200833
0 0.662188 0.253472 0.077187 0.208611
0 0.712109 0.299722 0.075781 0.258889
0 0.751406 0.256111 0.059375 0.213889
0 0.122969 0.551806 0.047500 0.208611
0 0.322187 0.891250 0.175313 0.163611
0 0.411953 0.322083 0.111406 0.176944
0 0.096328 0.635000 0.050469 0.137222
0 0.166094 0.566389 0.077187 0.116111
0 0.159375 0.759167 0.102500 0.116111
0 0.372578 0.495139 0.118906 0.200833
0 0.382188 0.627083 0.132187 0.327500
0 0.474297 0.357778 0.105469 0.248333
0 0.387422 0.293056 0.124844 0.150556
0 0.315469 0.443611 0.138125 0.192778
0 0.345859 0.303750 0.107031 0.155833
0 0.345859 0.362917 0.086094 0.058056
0 0.474297 0.602083 0.152969 0.335278
0 0.425312 0.207083 0.120313 0.089722
0 0.729141 0.471250 0.130781 0.274722
0 0.247109 0.690694 0.099531 0.243056
0 0.266406 0.395972 0.066875 0.176944
0 0.221797 0.286528 0.040156 0.100278
0 0.306484 0.559722 0.147031 0.150556
0 0.368828 0.792083 0.200469 0.166389
0 0.262656 0.250972 0.077187 0.081944
0 0.322813 0.217778 0.078750 0.116111