0 0.735234 0.817917 0.158594 0.364167
0 0.769063 0.433611 0.151875 0.345000
0 0.530391 0.331667 0.136719 0.285000
0 0.613047 0.330139 0.150156 0.288056
0 0.350703 0.916944 0.290156 0.166111
0 0.527734 0.981389 0.138281 0.037222
0 0.559844 0.172639 0.148438 0.116944
0 0.737031 0.216111 0.168750 0.113889
0 0.715156 0.141111 0.168750 0.096111
0 0.430859 0.226528 0.150156 0.170833
0 0.319375 0.225139 0.089375 0.131944
0 0.359063 0.166528 0.101250 0.056944
0 0.256094 0.646389 0.148438 0.218889
0 0.181094 0.838472 0.160312 0.183056
0 0.057109 0.594028 0.070781 0.198056
0 0.263828 0.280556 0.052344 0.188889
0 0.225859 0.214444 0.074219 0.075000
0 0.235859 0.295694 0.040469 0.153056
0 0.287344 0.433472 0.156875 0.320833
0 0.201406 0.273056 0.059062 0.090000
0 0.147344 0.679444 0.106250 0.225000
0 0.085703 0.774028 0.070781 0.161944
0 0.300859 0.853472 0.183906 0.093056
0 0.300078 0.955972 0.222656 0.088056
0 0.351562 0.798056 0.194062 0.150000
0 0.204766 0.330139 0.035469 0.131944
0 0.223281 0.427361 0.059062 0.116944
0 0.419844 0.730278 0.212500 0.338889
0 0.113594 0.600000 0.075938 0.143889
0 0.176016 0.323889 0.018594 0.053889
0 0.090781 0.553611 0.047188 0.105000
0 0.077344 0.499444 0.030312 0.051111