0 0.555469 0.183333 0.157812 0.088889
0 0.560156 0.231944 0.157812 0.113889
0 0.585156 0.322222 0.170313 0.211111
0 0.670312 0.240278 0.081250 0.219444
0 0.733594 0.288889 0.092188 0.272222
0 0.764062 0.243056 0.062500 0.225000
0 0.312500 0.919444 0.184375 0.155556
0 0.378125 0.255556 0.090625 0.155556
0 0.097656 0.508333 0.039062 0.100000
0 0.407031 0.312500 0.117188 0.186111
0 0.559375 0.506944 0.143750 0.363889
0 0.075000 0.638889 0.053125 0.155556
0 0.178125 0.573611 0.050000 0.069444
0 0.680469 0.875000 0.132812 0.244444
0 0.114844 0.754167 0.035937 0.086111
0 0.440625 0.601389 0.115625 0.375000
0 0.354687 0.544444 0.128125 0.300000
0 0.375781 0.630556 0.139063 0.338889
0 0.465625 0.363889 0.096875 0.244444
0 0.291406 0.401389 0.117188 0.269444
0 0.332813 0.194444 0.062500 0.127778
0 0.465625 0.962500 0.096875 0.069444
0 0.229687 0.394444 0.043750 0.122222
0 0.257031 0.606944 0.126562 0.186111
0 0.425781 0.191667 0.142187 0.094444
0 0.282031 0.286111 0.039062 0.072222
0 0.184375 0.731944 0.118750 0.263889
0 0.751563 0.500000 0.103125 0.388889
0 0.207031 0.275000 0.042188 0.105556
0 0.250000 0.233333 0.075000 0.083333
0 0.303125 0.243056 0.059375 0.169444
0 0.125781 0.547222 0.035937 0.111111
0 0.148438 0.637500 0.109375 0.097222