0 0.444531 0.183333 0.157812 0.088889
0 0.439844 0.231944 0.157812 0.113889
0 0.422656 0.315278 0.182812 0.197222
0 0.329688 0.240278 0.081250 0.219444
0 0.266406 0.268056 0.092188 0.230556
0 0.235937 0.243056 0.062500 0.225000
0 0.687500 0.919444 0.184375 0.155556
0 0.626563 0.284722 0.125000 0.147222
0 0.892188 0.545833 0.040625 0.119444
0 0.592969 0.312500 0.117188 0.186111
0 0.446875 0.506944 0.131250 0.363889
0 0.935156 0.640278 0.035937 0.147222
0 0.850000 0.633333 0.134375 0.133333
0 0.319531 0.875000 0.132812 0.244444
0 0.910937 0.666667 0.043750 0.166667
0 0.559375 0.601389 0.115625 0.375000
0 0.650781 0.552778 0.114062 0.327778
0 0.634375 0.634722 0.125000 0.352778
0 0.546094 0.363889 0.104688 0.244444
0 0.578125 0.195833 0.125000 0.091667
0 0.708594 0.401389 0.117188 0.269444
0 0.685156 0.268056 0.120313 0.202778
0 0.260937 0.480556 0.112500 0.400000
0 0.772656 0.393056 0.039062 0.080556
0 0.714063 0.231944 0.043750 0.063889
0 0.720313 0.591667 0.153125 0.177778
0 0.820312 0.755556 0.121875 0.238889
0 0.785937 0.315278 0.056250 0.086111
0 0.753906 0.213889 0.060937 0.105556
0 0.790625 0.248611 0.065625 0.108333
0 0.877344 0.506944 0.023438 0.047222