0 0.289844 0.811111 0.160938 0.372222
0 0.238281 0.412500 0.114062 0.375000
0 0.586719 0.766667 0.226562 0.300000
0 0.656250 0.847222 0.209375 0.233333
0 0.685156 0.937500 0.220312 0.119444
0 0.475781 0.343056 0.132812 0.263889
0 0.392188 0.337500 0.106250 0.275000
0 0.318750 0.313889 0.150000 0.261111
0 0.266406 0.311111 0.120313 0.250000
0 0.440625 0.204167 0.134375 0.119444
0 0.287500 0.209722 0.171875 0.130556
0 0.295312 0.161111 0.156250 0.083333
0 0.568750 0.237500 0.143750 0.141667
0 0.659375 0.241667 0.103125 0.111111
0 0.628125 0.187500 0.100000 0.063889
0 0.705469 0.558333 0.176563 0.233333
0 0.800781 0.845833 0.132812 0.180556
0 0.891406 0.519444 0.029687 0.055556
0 0.707812 0.284722 0.053125 0.125000
0 0.735156 0.306944 0.054688 0.175000
0 0.756250 0.238889 0.065625 0.105556
0 0.795312 0.325000 0.018750 0.061111
0 0.754687 0.297222 0.053125 0.133333
0 0.710156 0.208333 0.060937 0.050000
0 0.706250 0.412500 0.121875 0.252778
0 0.836719 0.665278 0.117188 0.258333
0 0.875781 0.763889 0.076563 0.150000
0 0.882812 0.519444 0.012500 0.022222
0 0.916406 0.601389 0.060937 0.152778
0 0.878906 0.550000 0.035937 0.055556
0 0.779687 0.343056 0.028125 0.119444
0 0.764062 0.431944 0.043750 0.097222