0 0.566406 0.190000 0.160625 0.106111
0 0.569297 0.239167 0.161406 0.131111
0 0.590859 0.340278 0.177969 0.246111
0 0.679062 0.259583 0.088750 0.228056
0 0.725234 0.302222 0.078906 0.257222
0 0.772422 0.272639 0.070156 0.231389
0 0.217266 0.861250 0.141719 0.186944
0 0.115469 0.751111 0.059375 0.097778
0 0.311719 0.402639 0.164062 0.203056
0 0.240469 0.290417 0.064687 0.117500
0 0.402500 0.624167 0.098437 0.372778
0 0.490000 0.359861 0.134688 0.252500
0 0.391406 0.268194 0.147500 0.176389
0 0.703125 0.832639 0.157187 0.334722
0 0.357734 0.225278 0.072656 0.123889
0 0.420391 0.311667 0.140156 0.189444
0 0.471406 0.604167 0.102813 0.362222
0 0.753281 0.533472 0.099375 0.397500
0 0.238594 0.364028 0.053750 0.113611
0 0.291875 0.563333 0.138125 0.175556
0 0.227266 0.240139 0.069219 0.115278
0 0.442656 0.191667 0.136563 0.128333
0 0.206797 0.668056 0.137344 0.330000
0 0.510156 0.769722 0.212500 0.435000
0 0.118203 0.473056 0.062031 0.131111
0 0.317734 0.204444 0.084531 0.108889
0 0.408594 0.160139 0.110937 0.153056
0 0.111875 0.628194 0.064375 0.153611
0 0.151953 0.670278 0.088906 0.275000
0 0.068750 0.590000 0.061875 0.125556