0 0.706328 0.797500 0.139844 0.354444
0 0.748828 0.441528 0.108594 0.304167
0 0.424531 0.733889 0.200937 0.322778
0 0.355234 0.784167 0.190469 0.163889
0 0.326328 0.911250 0.203906 0.126944
0 0.522578 0.351806 0.126406 0.251389
0 0.602344 0.350278 0.101250 0.253889
0 0.696719 0.327778 0.168125 0.156111
0 0.554688 0.219306 0.130937 0.113611
0 0.704219 0.236528 0.144375 0.095278
0 0.691406 0.185000 0.154688 0.087222
0 0.438594 0.241944 0.130937 0.174444
0 0.343281 0.251250 0.074375 0.092500
0 0.370078 0.203472 0.095156 0.081944
0 0.274141 0.637361 0.135469 0.182500
0 0.177344 0.803889 0.123438 0.166667
0 0.112656 0.579306 0.062500 0.171944
0 0.565078 0.634722 0.241094 0.320000
0 0.285313 0.325139 0.044688 0.150833
0 0.249609 0.256389 0.053594 0.097778
0 0.218281 0.337083 0.023750 0.058056
0 0.260781 0.326389 0.031250 0.142778
0 0.302344 0.460139 0.123438 0.272500
0 0.188516 0.654444 0.089219 0.211667
0 0.315078 0.268194 0.083281 0.148056
0 0.340313 0.854306 0.193437 0.161389
0 0.237031 0.346528 0.031250 0.119167
0 0.252656 0.440417 0.044688 0.084722