0 0.555469 0.183333 0.157812 0.088889
0 0.560156 0.231944 0.157812 0.113889
0 0.585156 0.322222 0.170313 0.211111
0 0.670312 0.240278 0.081250 0.219444
0 0.733594 0.288889 0.092188 0.272222
0 0.764062 0.243056 0.062500 0.225000
0 0.096875 0.491667 0.050000 0.127778
0 0.312500 0.919444 0.184375 0.155556
0 0.378125 0.258333 0.090625 0.150000
0 0.407031 0.312500 0.117188 0.186111
0 0.559375 0.506944 0.143750 0.363889
0 0.075000 0.638889 0.053125 0.155556
0 0.142969 0.595833 0.104688 0.097222
0 0.141406 0.795833 0.107813 0.136111
0 0.440625 0.601389 0.115625 0.375000
0 0.351562 0.505556 0.156250 0.200000
0 0.375781 0.630556 0.139063 0.338889
0 0.465625 0.363889 0.096875 0.244444
0 0.298438 0.415278 0.137500 0.275000
0 0.331250 0.240278 0.096875 0.197222
0 0.512500 0.972222 0.209375 0.050000
0 0.231250 0.386111 0.046875 0.094444
0 0.667969 0.848611 0.114062 0.297222
0 0.421094 0.191667 0.126562 0.094444
0 0.235156 0.673611 0.092188 0.208333
0 0.269531 0.356944 0.051562 0.180556
0 0.277344 0.654167 0.092188 0.213889
0 0.751563 0.500000 0.103125 0.388889
0 0.207031 0.275000 0.042188 0.105556
0 0.250000 0.233333 0.075000 0.083333
0 0.246094 0.287500 0.051562 0.119444
0 0.125781 0.545833 0.048438 0.108333
0 0.138281 0.690278 0.129688 0.163889