0 0.444531 0.183333 0.157812 0.088889
0 0.439844 0.231944 0.157812 0.113889
0 0.414844 0.330556 0.170313 0.227778
0 0.329688 0.240278 0.081250 0.219444
0 0.282031 0.277778 0.070312 0.250000
0 0.235937 0.243056 0.062500 0.225000
0 0.871875 0.784722 0.071875 0.141667
0 0.770312 0.891667 0.153125 0.183333
0 0.691406 0.445833 0.157812 0.141667
0 0.766406 0.319444 0.060937 0.111111
0 0.592969 0.634722 0.085938 0.363889
0 0.514844 0.361111 0.126562 0.238889
0 0.626563 0.284722 0.121875 0.147222
0 0.285156 0.823611 0.145313 0.347222
0 0.647656 0.233333 0.067187 0.127778
0 0.589063 0.315278 0.128125 0.163889
0 0.525000 0.606944 0.090625 0.352778
0 0.246094 0.505556 0.085938 0.388889
0 0.725000 0.241667 0.103125 0.116667
0 0.704688 0.595833 0.156250 0.186111
0 0.781250 0.270833 0.065625 0.108333
0 0.567969 0.198611 0.132812 0.113889
0 0.778906 0.706944 0.120313 0.308333
0 0.480469 0.752778 0.198437 0.411111
0 0.882031 0.515278 0.057813 0.125000
0 0.669531 0.198611 0.060937 0.069444
0 0.601562 0.200000 0.090625 0.133333
0 0.728906 0.358333 0.054688 0.200000
0 0.771875 0.406944 0.034375 0.152778
0 0.942187 0.694444 0.065625 0.150000
0 0.851562 0.611111 0.103125 0.122222