0 0.444531 0.183333 0.157812 0.088889
0 0.439844 0.231944 0.157812 0.113889
0 0.414844 0.330556 0.170313 0.227778
0 0.329688 0.240278 0.081250 0.219444
0 0.282031 0.277778 0.070312 0.250000
0 0.235937 0.243056 0.062500 0.225000
0 0.838281 0.737500 0.089063 0.263889
0 0.579688 0.308333 0.143750 0.177778
0 0.883594 0.520833 0.029687 0.069444
0 0.875781 0.780556 0.051562 0.127778
0 0.696875 0.420833 0.137500 0.219444
0 0.685937 0.884722 0.181250 0.225000
0 0.592969 0.619444 0.085938 0.316667
0 0.521094 0.363889 0.123438 0.244444
0 0.620313 0.287500 0.134375 0.147222
0 0.386719 0.843056 0.310937 0.241667
0 0.653906 0.273611 0.098437 0.125000
0 0.516406 0.597222 0.107813 0.366667
0 0.578906 0.197222 0.126562 0.083333
0 0.253125 0.505556 0.096875 0.388889
0 0.728125 0.375000 0.078125 0.183333
0 0.729688 0.579167 0.140625 0.191667
0 0.792969 0.287500 0.042188 0.080556
0 0.775781 0.733333 0.110937 0.283333
0 0.591406 0.769444 0.129688 0.316667
0 0.680469 0.219444 0.101562 0.105556
0 0.764062 0.270833 0.065625 0.191667
0 0.913281 0.641667 0.085938 0.100000
0 0.783594 0.331944 0.032813 0.063889
0 0.846875 0.581944 0.096875 0.091667