0 0.736250 0.819028 0.159688 0.361944
0 0.773672 0.434306 0.146094 0.347500
0 0.414219 0.758889 0.229375 0.386667
0 0.341094 0.825278 0.205625 0.187222
0 0.302031 0.948889 0.232813 0.102222
0 0.529766 0.331528 0.137656 0.286944
0 0.613828 0.330000 0.152969 0.290000
0 0.622422 0.425000 0.173281 0.311111
0 0.562031 0.171389 0.144375 0.117778
0 0.738750 0.218194 0.175000 0.120833
0 0.715938 0.139722 0.170000 0.096667
0 0.430391 0.224306 0.149531 0.169167
0 0.329219 0.222500 0.090000 0.111667
0 0.363281 0.166944 0.096875 0.060556
0 0.253672 0.648611 0.149531 0.220556
0 0.136328 0.851111 0.152969 0.214444
0 0.261328 0.280139 0.052656 0.190278
0 0.223047 0.207500 0.074844 0.063333
0 0.232344 0.299583 0.045937 0.163056
0 0.195000 0.272500 0.069687 0.090556
0 0.289375 0.434167 0.166563 0.323333
0 0.138047 0.665278 0.095156 0.205556
0 0.045391 0.572917 0.052656 0.184167
0 0.318203 0.909722 0.231094 0.180556
0 0.200859 0.331528 0.037344 0.141944
0 0.218828 0.432500 0.052656 0.096667
0 0.111719 0.579167 0.069687 0.123889
0 0.070859 0.524861 0.049219 0.105833