0 0.378125 0.301389 0.175000 0.113889
0 0.498437 0.836111 0.153125 0.305556
0 0.287500 0.290278 0.159375 0.202778
0 0.805469 0.737500 0.057813 0.141667
0 0.153906 0.302778 0.060937 0.183333
0 0.235937 0.188889 0.121875 0.105556
0 0.648438 0.702778 0.137500 0.122222
0 0.756250 0.718056 0.071875 0.080556
0 0.587500 0.341667 0.065625 0.088889
0 0.635938 0.368056 0.065625 0.080556
0 0.575781 0.431944 0.060937 0.113889
0 0.696094 0.436111 0.070312 0.138889
0 0.687500 0.484722 0.068750 0.108333
0 0.445312 0.687500 0.168750 0.236111
0 0.179688 0.736111 0.137500 0.444444
0 0.292969 0.456944 0.179688 0.241667
0 0.327344 0.945833 0.126562 0.102778
0 0.440625 0.426389 0.140625 0.208333
0 0.571094 0.933333 0.104688 0.127778
0 0.517969 0.475000 0.089063 0.255556
0 0.299219 0.745833 0.154688 0.497222
0 0.175000 0.402778 0.103125 0.255556
0 0.221875 0.268056 0.112500 0.213889
0 0.392188 0.395833 0.112500 0.175000
0 0.404687 0.241667 0.121875 0.105556
0 0.757031 0.544444 0.064062 0.150000
0 0.792188 0.615278 0.043750 0.097222
0 0.519531 0.327778 0.120313 0.138889
0 0.745313 0.626389 0.068750 0.113889