0 0.277344 0.811111 0.135937 0.372222
0 0.238281 0.412500 0.114062 0.375000
0 0.578906 0.758333 0.210938 0.316667
0 0.651563 0.837500 0.200000 0.252778
0 0.682031 0.930556 0.214062 0.133333
0 0.475781 0.343056 0.132812 0.263889
0 0.392188 0.337500 0.106250 0.275000
0 0.310937 0.279167 0.143750 0.213889
0 0.264062 0.311111 0.131250 0.250000
0 0.441406 0.204167 0.135937 0.119444
0 0.289844 0.187500 0.160938 0.141667
0 0.312500 0.161111 0.125000 0.061111
0 0.566406 0.231944 0.139063 0.180556
0 0.656250 0.238889 0.096875 0.116667
0 0.629687 0.187500 0.090625 0.052778
0 0.740625 0.648611 0.137500 0.208333
0 0.817187 0.844444 0.143750 0.183333
0 0.905469 0.583333 0.076563 0.200000
0 0.697656 0.498611 0.195312 0.252778
0 0.718750 0.290278 0.056250 0.152778
0 0.744531 0.230556 0.051562 0.094444
0 0.794531 0.326389 0.023438 0.058333
0 0.749219 0.313889 0.042188 0.155556
0 0.713281 0.215278 0.051562 0.058333
0 0.704688 0.401389 0.118750 0.230556
0 0.848437 0.648611 0.109375 0.169444
0 0.792188 0.247222 0.065625 0.116667
0 0.779687 0.336111 0.031250 0.105556
0 0.769531 0.431944 0.039062 0.097222
0 0.864062 0.543056 0.056250 0.069444