0 0.444531 0.183333 0.157812 0.088889
0 0.439844 0.231944 0.157812 0.113889
0 0.414844 0.330556 0.170313 0.227778
0 0.329688 0.240278 0.081250 0.219444
0 0.282031 0.277778 0.070312 0.250000
0 0.235937 0.243056 0.062500 0.225000
0 0.871875 0.640278 0.093750 0.136111
0 0.579688 0.308333 0.143750 0.177778
0 0.925000 0.641667 0.053125 0.144444
0 0.853906 0.597222 0.104688 0.077778
0 0.869531 0.775000 0.082812 0.105556
0 0.696875 0.401389 0.137500 0.180556
0 0.685937 0.913889 0.181250 0.166667
0 0.592969 0.637500 0.085938 0.352778
0 0.521094 0.363889 0.123438 0.244444
0 0.620313 0.287500 0.134375 0.147222
0 0.693750 0.641667 0.159375 0.216667
0 0.655469 0.268056 0.101562 0.136111
0 0.516406 0.609722 0.107813 0.347222
0 0.578906 0.197222 0.126562 0.083333
0 0.267188 0.505556 0.125000 0.388889
0 0.732031 0.343056 0.057813 0.169444
0 0.802344 0.705556 0.082812 0.300000
0 0.792969 0.287500 0.042188 0.080556
0 0.651563 0.847222 0.200000 0.244444
0 0.694531 0.502778 0.126562 0.155556
0 0.680469 0.219444 0.101562 0.105556
0 0.771094 0.291667 0.051562 0.155556
0 0.783594 0.331944 0.032813 0.063889