0 0.556797 0.180694 0.160469 0.090278
0 0.561641 0.230139 0.160469 0.115833
0 0.587031 0.330417 0.173125 0.231389
0 0.673516 0.238750 0.082656 0.223056
0 0.721953 0.276806 0.071406 0.254167
0 0.768828 0.241528 0.063594 0.228611
0 0.121562 0.687500 0.058750 0.143889
0 0.212969 0.715833 0.111250 0.279444
0 0.300391 0.477361 0.142969 0.259722
0 0.232031 0.302361 0.054062 0.079167
0 0.405859 0.639722 0.087344 0.370000
0 0.482187 0.367083 0.131875 0.231389
0 0.382891 0.285417 0.146094 0.186389
0 0.718828 0.827500 0.147656 0.345000
0 0.341641 0.251389 0.120781 0.130000
0 0.405938 0.320556 0.154062 0.177778
0 0.475000 0.611250 0.092188 0.358611
0 0.420234 0.194861 0.128594 0.084722
0 0.758516 0.508194 0.087344 0.395278
0 0.235234 0.386806 0.050781 0.118611
0 0.286797 0.355833 0.068281 0.175000
0 0.199531 0.297917 0.036562 0.059167
0 0.250312 0.663472 0.119063 0.327500
0 0.516250 0.765278 0.196875 0.412222
0 0.316953 0.217500 0.103281 0.107222
0 0.225625 0.245694 0.098437 0.152500
0 0.110469 0.519583 0.039688 0.056389
0 0.146328 0.583056 0.085781 0.098889
0 0.143906 0.759583 0.096875 0.259722
0 0.065234 0.611528 0.082656 0.217500