0 0.710156 0.811111 0.160938 0.372222
0 0.761719 0.412500 0.114062 0.375000
0 0.400781 0.763889 0.226562 0.250000
0 0.343750 0.847222 0.209375 0.233333
0 0.314844 0.937500 0.220312 0.119444
0 0.524219 0.343056 0.132812 0.263889
0 0.607812 0.337500 0.106250 0.275000
0 0.673438 0.319444 0.128125 0.294444
0 0.735938 0.309722 0.128125 0.247222
0 0.565625 0.197222 0.143750 0.111111
0 0.710156 0.152778 0.179688 0.116667
0 0.432812 0.244444 0.146875 0.166667
0 0.367188 0.206944 0.131250 0.108333
0 0.288281 0.519444 0.164062 0.211111
0 0.196094 0.851389 0.151562 0.197222
0 0.109375 0.751389 0.053125 0.113889
0 0.340625 0.295833 0.084375 0.119444
0 0.139063 0.627778 0.100000 0.172222
0 0.283594 0.672222 0.173437 0.177778
0 0.172656 0.672222 0.104688 0.233333
0 0.306250 0.422222 0.153125 0.211111
0 0.278125 0.322222 0.056250 0.172222
0 0.260156 0.312500 0.057813 0.169444
0 0.245312 0.227778 0.062500 0.100000
0 0.203125 0.326389 0.015625 0.063889
0 0.237500 0.300000 0.056250 0.122222
0 0.121094 0.513889 0.023438 0.038889
0 0.285156 0.219444 0.067187 0.072222
0 0.221094 0.388889 0.032813 0.083333
0 0.128906 0.562500 0.060937 0.108333