0 0.710156 0.811111 0.160938 0.372222
0 0.761719 0.412500 0.114062 0.375000
0 0.413281 0.766667 0.226562 0.300000
0 0.348438 0.837500 0.200000 0.252778
0 0.317969 0.930556 0.214062 0.133333
0 0.524219 0.343056 0.132812 0.263889
0 0.607812 0.337500 0.106250 0.275000
0 0.682031 0.295833 0.145313 0.275000
0 0.736719 0.316667 0.129688 0.261111
0 0.559375 0.204167 0.134375 0.119444
0 0.707812 0.180556 0.153125 0.144444
0 0.684375 0.159722 0.115625 0.080556
0 0.432031 0.236111 0.145313 0.144444
0 0.342969 0.245833 0.098437 0.102778
0 0.371875 0.181944 0.100000 0.052778
0 0.268750 0.619444 0.137500 0.172222
0 0.182812 0.844444 0.143750 0.183333
0 0.090625 0.565278 0.065625 0.158333
0 0.257812 0.379167 0.075000 0.208333
0 0.287500 0.263889 0.056250 0.100000
0 0.243750 0.238889 0.065625 0.105556
0 0.203125 0.323611 0.025000 0.058333
0 0.252344 0.293056 0.042188 0.102778
0 0.291406 0.213889 0.057813 0.055556
0 0.293750 0.429167 0.128125 0.269444
0 0.150781 0.659722 0.126562 0.241667
0 0.117188 0.511111 0.018750 0.050000
0 0.181250 0.287500 0.078125 0.102778
0 0.085938 0.666667 0.050000 0.183333
0 0.218750 0.344444 0.031250 0.111111
0 0.235937 0.431944 0.043750 0.097222