0 0.741797 0.746944 0.177656 0.408333
0 0.743047 0.368611 0.160781 0.352778
0 0.442734 0.755139 0.239531 0.409722
0 0.376328 0.835556 0.212656 0.225556
0 0.357969 0.940139 0.223125 0.119722
0 0.513281 0.337361 0.148125 0.295833
0 0.584844 0.315833 0.143750 0.297222
0 0.601562 0.387222 0.178125 0.328333
0 0.529687 0.183889 0.140625 0.143889
0 0.693906 0.181389 0.168750 0.154444
0 0.668672 0.109583 0.165781 0.121389
0 0.412969 0.268611 0.150000 0.197222
0 0.313906 0.275278 0.096250 0.168889
0 0.353594 0.231806 0.084062 0.082500
0 0.288047 0.695833 0.153594 0.238333
0 0.206953 0.798750 0.137969 0.333056
0 0.105937 0.693611 0.080625 0.196667
0 0.257344 0.368333 0.046562 0.152222
0 0.224844 0.304444 0.073750 0.085000
0 0.237031 0.388056 0.052812 0.153889
0 0.198984 0.379306 0.060156 0.118611
0 0.296016 0.500972 0.160156 0.312500
0 0.175000 0.750000 0.086250 0.208889
0 0.147734 0.870139 0.077656 0.179722
0 0.286719 0.335000 0.060937 0.161667
0 0.367969 0.902500 0.225000 0.195000
0 0.212500 0.416111 0.047500 0.128333
0 0.240859 0.512222 0.056406 0.109444
0 0.165859 0.647222 0.059844 0.081111
0 0.128203 0.633889 0.034219 0.097778