0 0.550547 0.210000 0.144844 0.081667
0 0.554766 0.254444 0.144844 0.104444
0 0.577734 0.345139 0.156406 0.209167
0 0.655859 0.262083 0.074531 0.201389
0 0.699609 0.296667 0.064531 0.229444
0 0.741953 0.264722 0.057344 0.206667
0 0.149531 0.640972 0.083125 0.071389
0 0.196250 0.685417 0.084687 0.252500
0 0.318906 0.477500 0.129062 0.234444
0 0.261484 0.308056 0.054531 0.068889
0 0.414297 0.618056 0.078906 0.306111
0 0.483125 0.378194 0.119063 0.209167
0 0.393437 0.304444 0.131875 0.168333
0 0.696875 0.797639 0.133438 0.318611
0 0.350391 0.277361 0.103281 0.119722
0 0.414219 0.336111 0.139063 0.160556
0 0.476562 0.598889 0.083125 0.323889
0 0.427187 0.222639 0.116250 0.076389
0 0.732734 0.505694 0.078906 0.356944
0 0.300234 0.356667 0.086094 0.186111
0 0.244922 0.357917 0.032969 0.045833
0 0.230625 0.305556 0.038750 0.073889
0 0.277266 0.639583 0.106094 0.262500
0 0.516094 0.735278 0.182188 0.372222
0 0.333984 0.243194 0.093281 0.096944
0 0.257109 0.272500 0.057344 0.160556
0 0.146016 0.512083 0.030156 0.063611
0 0.173203 0.564444 0.081719 0.061111
0 0.167500 0.677778 0.107500 0.237222
0 0.249297 0.421667 0.044531 0.137778