0 0.531797 0.173194 0.162969 0.124722
0 0.540078 0.220278 0.164844 0.149444
0 0.571406 0.304028 0.184375 0.248611
0 0.649844 0.202917 0.096562 0.236389
0 0.716172 0.236667 0.111406 0.291111
0 0.742969 0.184028 0.078438 0.237500
0 0.344766 0.930417 0.194219 0.139167
0 0.358750 0.315833 0.134688 0.175000
0 0.110156 0.651389 0.068125 0.159444
0 0.394141 0.335556 0.129844 0.211667
0 0.553203 0.494444 0.156719 0.391111
0 0.085000 0.737083 0.051250 0.136389
0 0.156328 0.647500 0.085781 0.090556
0 0.706328 0.829861 0.149531 0.273056
0 0.166094 0.866667 0.085938 0.133889
0 0.448594 0.614306 0.142187 0.398611
0 0.362187 0.576944 0.139688 0.325000
0 0.381797 0.659167 0.147656 0.370000
0 0.455859 0.372917 0.113906 0.264722
0 0.400312 0.216528 0.130625 0.119722
0 0.285938 0.450417 0.135937 0.294167
0 0.289375 0.325139 0.117500 0.168056
0 0.569844 0.826806 0.159375 0.343056
0 0.228437 0.449861 0.060625 0.119722
0 0.289922 0.621806 0.172656 0.235278
0 0.158984 0.757639 0.097344 0.225833
0 0.195703 0.348194 0.122031 0.209722
0 0.260000 0.302639 0.123438 0.145278
0 0.124375 0.610139 0.024688 0.065278