0 0.728125 0.785139 0.160312 0.388611
0 0.748672 0.408333 0.145781 0.334444
0 0.429922 0.744722 0.223594 0.379444
0 0.359688 0.814306 0.205938 0.195278
0 0.334219 0.935972 0.218438 0.128056
0 0.521406 0.340139 0.135937 0.278056
0 0.598672 0.329861 0.150156 0.282500
0 0.609609 0.416250 0.169531 0.304167
0 0.545781 0.189861 0.136563 0.123611
0 0.709375 0.214028 0.164688 0.129722
0 0.687812 0.138472 0.163437 0.096389
0 0.425938 0.251111 0.138437 0.173333
0 0.326250 0.246111 0.089688 0.156667
0 0.367891 0.209306 0.081719 0.070278
0 0.278906 0.660833 0.144687 0.218333
0 0.193594 0.768194 0.120938 0.331389
0 0.097656 0.629167 0.072188 0.187778
0 0.265156 0.329861 0.039688 0.148056
0 0.236016 0.260833 0.071094 0.074444
0 0.243750 0.346111 0.045937 0.148889
0 0.206406 0.330972 0.055313 0.111389
0 0.296562 0.462639 0.140937 0.286944
0 0.164062 0.688056 0.071875 0.182222
0 0.130312 0.811944 0.070000 0.171111
0 0.296172 0.300972 0.053906 0.155278
0 0.347188 0.896389 0.218438 0.196667
0 0.218125 0.370139 0.041875 0.123611
0 0.241250 0.470278 0.051875 0.102778
0 0.151719 0.588056 0.060313 0.078889
0 0.119141 0.573611 0.037656 0.095556