0 0.717187 0.811111 0.146875 0.372222
0 0.754687 0.431944 0.128125 0.308333
0 0.527344 0.343056 0.126562 0.263889
0 0.603906 0.336111 0.139063 0.255556
0 0.359375 0.876389 0.225000 0.158333
0 0.528906 0.962500 0.104688 0.069444
0 0.720313 0.251389 0.153125 0.147222
0 0.303906 0.393056 0.120313 0.241667
0 0.335156 0.250000 0.082812 0.111111
0 0.275781 0.581944 0.157812 0.219444
0 0.189844 0.841667 0.110937 0.183333
0 0.089063 0.588889 0.065625 0.161111
0 0.289062 0.275000 0.037500 0.133333
0 0.244531 0.236111 0.070312 0.077778
0 0.260937 0.295833 0.034375 0.141667
0 0.219531 0.300000 0.051562 0.100000
0 0.371875 0.181944 0.103125 0.075000
0 0.117969 0.761111 0.070312 0.161111
0 0.226562 0.713889 0.106250 0.188889
0 0.313281 0.927778 0.195312 0.138889
0 0.348438 0.772222 0.200000 0.200000
0 0.163281 0.672222 0.098437 0.238889
0 0.231250 0.338889 0.037500 0.133333
0 0.452344 0.233333 0.170313 0.172222
0 0.201563 0.336111 0.021875 0.061111
0 0.111719 0.505556 0.029687 0.038889
0 0.142187 0.590278 0.043750 0.086111
0 0.117188 0.577778 0.043750 0.105556
0 0.235937 0.418056 0.050000 0.080556