0 0.289844 0.811111 0.160938 0.372222
0 0.238281 0.412500 0.114062 0.375000
0 0.586719 0.766667 0.226562 0.300000
0 0.656250 0.847222 0.209375 0.233333
0 0.685156 0.937500 0.220312 0.119444
0 0.475781 0.343056 0.132812 0.263889
0 0.392188 0.337500 0.106250 0.275000
0 0.318750 0.313889 0.150000 0.261111
0 0.266406 0.311111 0.120313 0.250000
0 0.440625 0.204167 0.134375 0.119444
0 0.287500 0.209722 0.171875 0.130556
0 0.295312 0.161111 0.156250 0.083333
0 0.567969 0.236111 0.145313 0.144444
0 0.657031 0.245833 0.098437 0.102778
0 0.634375 0.187500 0.109375 0.063889
0 0.704688 0.565278 0.184375 0.241667
0 0.800000 0.856944 0.143750 0.163889
0 0.710938 0.290278 0.056250 0.125000
0 0.735156 0.306944 0.054688 0.175000
0 0.756250 0.238889 0.065625 0.105556
0 0.796875 0.322222 0.018750 0.066667
0 0.754687 0.297222 0.053125 0.133333
0 0.710156 0.208333 0.060937 0.050000
0 0.703125 0.406944 0.118750 0.263889
0 0.839844 0.669444 0.114062 0.250000
0 0.875781 0.763889 0.076563 0.150000
0 0.916406 0.584722 0.060937 0.191667
0 0.878125 0.555556 0.046875 0.100000
0 0.781250 0.344444 0.031250 0.111111
0 0.764062 0.431944 0.043750 0.097222