0 0.733281 0.817778 0.157187 0.364444
0 0.766797 0.434861 0.150469 0.341944
0 0.530078 0.334028 0.135469 0.282500
0 0.612109 0.332500 0.148906 0.285556
0 0.342734 0.909306 0.296094 0.154722
0 0.527656 0.979861 0.137187 0.040278
0 0.559375 0.176250 0.147187 0.115833
0 0.735000 0.219306 0.167187 0.113056
0 0.713281 0.145139 0.167187 0.095278
0 0.430625 0.232778 0.147187 0.175556
0 0.321016 0.228194 0.088594 0.130833
0 0.360312 0.173472 0.100312 0.062500
0 0.258281 0.645972 0.147187 0.216944
0 0.183828 0.836528 0.158906 0.181389
0 0.060937 0.593889 0.070312 0.196111
0 0.265781 0.283333 0.051875 0.187222
0 0.228203 0.218056 0.073594 0.074444
0 0.238203 0.298333 0.040156 0.151667
0 0.288516 0.434861 0.153906 0.318056
0 0.203984 0.275972 0.058594 0.089167
0 0.150469 0.678750 0.105313 0.223056
0 0.091875 0.781528 0.075313 0.172500
0 0.301797 0.836389 0.173906 0.074444
0 0.301016 0.954583 0.215781 0.090833
0 0.347812 0.785833 0.189062 0.133889
0 0.207266 0.332361 0.035156 0.130833
0 0.225703 0.429028 0.058594 0.115833
0 0.420547 0.729444 0.210781 0.336111
0 0.116094 0.602917 0.066875 0.148611
0 0.181406 0.330972 0.020000 0.056389
0 0.091875 0.574722 0.051875 0.127778
0 0.081016 0.500278 0.030156 0.050556