0 0.555469 0.183333 0.157812 0.088889
0 0.560156 0.231944 0.157812 0.113889
0 0.585156 0.330556 0.170313 0.227778
0 0.670312 0.240278 0.081250 0.219444
0 0.717969 0.277778 0.070312 0.250000
0 0.764062 0.243056 0.062500 0.225000
0 0.115625 0.768056 0.037500 0.097222
0 0.245312 0.858333 0.146875 0.244444
0 0.312500 0.463889 0.159375 0.277778
0 0.237500 0.311111 0.046875 0.088889
0 0.407031 0.634722 0.085938 0.363889
0 0.485156 0.361111 0.126562 0.238889
0 0.387500 0.277778 0.137500 0.155556
0 0.714844 0.823611 0.145313 0.347222
0 0.341406 0.244444 0.120313 0.133333
0 0.407031 0.320833 0.151562 0.175000
0 0.475000 0.606944 0.090625 0.352778
0 0.753906 0.505556 0.085938 0.388889
0 0.232031 0.386111 0.042188 0.133333
0 0.291406 0.344444 0.073438 0.183333
0 0.207031 0.287500 0.042188 0.080556
0 0.427344 0.170833 0.135937 0.102778
0 0.232813 0.679167 0.146875 0.247222
0 0.521875 0.768056 0.193750 0.402778
0 0.114062 0.519444 0.056250 0.072222
0 0.306250 0.209722 0.128125 0.175000
0 0.147656 0.583333 0.070312 0.100000
0 0.169531 0.744444 0.092188 0.233333
0 0.072656 0.644444 0.107813 0.127778
0 0.133594 0.683333 0.089063 0.094444