0 0.691406 0.823889 0.181250 0.352222
0 0.765391 0.459861 0.134844 0.393611
0 0.398594 0.749861 0.242500 0.339167
0 0.330078 0.808472 0.213281 0.287500
0 0.294453 0.895556 0.220469 0.171111
0 0.532969 0.348194 0.147187 0.286389
0 0.616484 0.357778 0.121406 0.292778
0 0.692734 0.329583 0.160156 0.299722
0 0.746016 0.360139 0.143906 0.283056
0 0.575859 0.216250 0.140469 0.143056
0 0.726094 0.226806 0.169063 0.159167
0 0.707812 0.202639 0.130000 0.094722
0 0.447344 0.225139 0.152812 0.169722
0 0.358281 0.218889 0.103750 0.120000
0 0.390625 0.160556 0.102500 0.070556
0 0.263125 0.577222 0.146562 0.196111
0 0.164844 0.785833 0.153438 0.208333
0 0.094063 0.499306 0.078750 0.167500
0 0.257656 0.341806 0.085938 0.212500
0 0.300547 0.226806 0.061719 0.109722
0 0.216172 0.274306 0.025781 0.073056
0 0.263672 0.250694 0.047969 0.112500
0 0.308750 0.177778 0.060625 0.065556
0 0.299844 0.389722 0.145937 0.318889
0 0.143438 0.596250 0.139688 0.263056
0 0.240234 0.196389 0.113906 0.135556
0 0.067266 0.596250 0.090469 0.183056
0 0.228984 0.294722 0.037344 0.116111
0 0.241094 0.384722 0.049062 0.104444