0 0.716094 0.813333 0.148125 0.373333
0 0.761953 0.440417 0.115156 0.320833
0 0.420312 0.743611 0.212188 0.341111
0 0.347344 0.795556 0.200625 0.174444
0 0.316484 0.928472 0.214531 0.135833
0 0.524844 0.343194 0.133750 0.265278
0 0.608438 0.342778 0.107187 0.267778
0 0.708437 0.313472 0.175625 0.174167
0 0.559688 0.188194 0.130000 0.087500
0 0.720469 0.213611 0.161250 0.101667
0 0.702031 0.163333 0.161250 0.079444
0 0.434531 0.231250 0.136563 0.181944
0 0.345547 0.238472 0.073906 0.120278
0 0.365156 0.186111 0.100312 0.087222
0 0.269062 0.636250 0.133438 0.195833
0 0.203906 0.730000 0.147812 0.262778
0 0.093437 0.577361 0.066250 0.181389
0 0.481328 0.256667 0.105469 0.231667
0 0.266406 0.297361 0.031875 0.155833
0 0.238437 0.240000 0.056563 0.103333
0 0.205234 0.324583 0.025156 0.061389
0 0.251328 0.315278 0.039531 0.147778
0 0.284687 0.214306 0.073750 0.084167
0 0.304063 0.436667 0.140000 0.285000
0 0.163516 0.654722 0.088281 0.201111
0 0.120938 0.763750 0.075625 0.164722
0 0.300781 0.270000 0.050625 0.183889
0 0.326094 0.870278 0.195938 0.174444
0 0.223203 0.334306 0.033281 0.125278
0 0.240937 0.429167 0.047188 0.092222
0 0.146719 0.534861 0.069062 0.078611