0 0.717187 0.811111 0.146875 0.372222
0 0.753125 0.437500 0.131250 0.319444
0 0.421094 0.744444 0.210938 0.338889
0 0.348438 0.797222 0.200000 0.172222
0 0.317969 0.930556 0.214062 0.133333
0 0.527344 0.343056 0.126562 0.263889
0 0.600000 0.341667 0.121875 0.266667
0 0.610156 0.416667 0.154688 0.288889
0 0.557031 0.195833 0.132812 0.108333
0 0.719531 0.225000 0.160938 0.111111
0 0.700781 0.161111 0.160938 0.077778
0 0.434375 0.247222 0.137500 0.161111
0 0.335938 0.226389 0.084375 0.147222
0 0.384375 0.190278 0.071875 0.058333
0 0.273438 0.634722 0.137500 0.202778
0 0.198437 0.722222 0.134375 0.283333
0 0.093750 0.581944 0.065625 0.180556
0 0.271875 0.301389 0.034375 0.147222
0 0.246875 0.227778 0.068750 0.061111
0 0.250781 0.313889 0.039062 0.150000
0 0.214844 0.284722 0.057813 0.097222
0 0.300781 0.426389 0.142187 0.275000
0 0.162500 0.656944 0.081250 0.180556
0 0.110156 0.747222 0.042188 0.122222
0 0.302344 0.280556 0.045312 0.155556
0 0.332031 0.879167 0.210938 0.180556
0 0.223438 0.337500 0.034375 0.119444
0 0.242188 0.436111 0.050000 0.088889