0 0.554688 0.163889 0.150000 0.050000
0 0.568750 0.231944 0.140625 0.113889
0 0.602344 0.322222 0.151562 0.211111
0 0.670312 0.240278 0.081250 0.219444
0 0.733594 0.287500 0.092188 0.269444
0 0.764062 0.243056 0.062500 0.225000
0 0.067187 0.641667 0.056250 0.155556
0 0.103125 0.544444 0.043750 0.133333
0 0.144531 0.636111 0.104688 0.161111
0 0.142969 0.800000 0.085938 0.161111
0 0.307812 0.919444 0.190625 0.155556
0 0.502344 0.951389 0.067187 0.091667
0 0.290625 0.591667 0.131250 0.205556
0 0.305469 0.313889 0.098437 0.172222
0 0.259375 0.662500 0.112500 0.202778
0 0.366406 0.276389 0.123438 0.163889
0 0.392969 0.295833 0.110937 0.175000
0 0.495312 0.338889 0.128125 0.216667
0 0.418750 0.345833 0.071875 0.180556
0 0.519531 0.506944 0.173437 0.247222
0 0.435937 0.573611 0.128125 0.347222
0 0.697656 0.869444 0.151562 0.255556
0 0.713281 0.706944 0.176563 0.447222
0 0.516406 0.268056 0.142187 0.152778
0 0.221094 0.251389 0.082812 0.119444
0 0.305469 0.215278 0.101562 0.175000
0 0.357031 0.190278 0.026562 0.036111
0 0.425000 0.184722 0.106250 0.075000
0 0.300781 0.447222 0.139063 0.244444
0 0.239844 0.381944 0.064062 0.108333
0 0.194531 0.300000 0.048438 0.072222