0 0.555469 0.183333 0.157812 0.088889
0 0.560156 0.231944 0.157812 0.113889
0 0.582031 0.327778 0.176563 0.222222
0 0.670312 0.240278 0.081250 0.219444
0 0.733594 0.287500 0.092188 0.269444
0 0.764062 0.243056 0.062500 0.225000
0 0.067187 0.641667 0.056250 0.155556
0 0.103125 0.544444 0.043750 0.133333
0 0.307812 0.919444 0.190625 0.155556
0 0.246875 0.704167 0.100000 0.286111
0 0.366406 0.276389 0.123438 0.163889
0 0.301563 0.423611 0.125000 0.136111
0 0.079687 0.668056 0.056250 0.102778
0 0.153906 0.712500 0.117188 0.230556
0 0.401562 0.302778 0.106250 0.166667
0 0.558594 0.506944 0.142187 0.363889
0 0.145313 0.638889 0.100000 0.183333
0 0.226562 0.383333 0.043750 0.183333
0 0.361719 0.629167 0.123438 0.319444
0 0.660156 0.680556 0.248438 0.216667
0 0.682813 0.883333 0.150000 0.227778
0 0.356250 0.219444 0.109375 0.172222
0 0.440625 0.601389 0.115625 0.375000
0 0.453125 0.365278 0.103125 0.230556
0 0.298438 0.350000 0.081250 0.100000
0 0.440625 0.188889 0.084375 0.077778
0 0.200000 0.251389 0.078125 0.147222
0 0.307812 0.245833 0.059375 0.080556
0 0.313281 0.525000 0.139063 0.261111
0 0.267969 0.223611 0.048438 0.108333
0 0.121875 0.541667 0.040625 0.133333