0 0.558203 0.171944 0.164844 0.092778
0 0.563047 0.222778 0.164844 0.118889
0 0.589063 0.325556 0.177812 0.237778
0 0.678047 0.231528 0.084844 0.229167
0 0.727812 0.270556 0.073438 0.261111
0 0.775937 0.234444 0.065312 0.235000
0 0.101328 0.652083 0.070156 0.148056
0 0.304375 0.920972 0.192500 0.158056
0 0.403047 0.306944 0.122344 0.194444
0 0.056484 0.650417 0.055469 0.150833
0 0.143672 0.565139 0.086406 0.095833
0 0.125781 0.786806 0.112500 0.127500
0 0.367266 0.475139 0.115781 0.176944
0 0.385156 0.651944 0.119063 0.380000
0 0.478203 0.360417 0.128906 0.255278
0 0.379453 0.274861 0.130469 0.165278
0 0.292187 0.451944 0.141875 0.252222
0 0.330469 0.286667 0.117500 0.171111
0 0.294609 0.389444 0.137031 0.208889
0 0.484687 0.615833 0.171250 0.365556
0 0.417812 0.180694 0.132187 0.098611
0 0.759531 0.508333 0.117500 0.406111
0 0.248984 0.341806 0.055469 0.095833
0 0.264375 0.673889 0.119063 0.220556
0 0.194375 0.267639 0.044062 0.110278
0 0.216250 0.399583 0.052187 0.165278
0 0.337031 0.865139 0.221875 0.255278
0 0.307734 0.604028 0.120781 0.231944
0 0.239922 0.225556 0.086406 0.090000
0 0.311797 0.209583 0.106094 0.110278