0 0.709844 0.800972 0.141562 0.358611
0 0.739922 0.440833 0.135469 0.307778
0 0.526875 0.349861 0.121875 0.254167
0 0.600625 0.348750 0.134063 0.256944
0 0.356016 0.875972 0.277031 0.165833
0 0.524531 0.946806 0.123438 0.066944
0 0.553125 0.208056 0.132500 0.104444
0 0.711172 0.246944 0.150469 0.101667
0 0.691641 0.180000 0.150469 0.085556
0 0.438125 0.256250 0.134063 0.152500
0 0.338672 0.255000 0.079844 0.117778
0 0.374063 0.202639 0.090312 0.050833
0 0.282187 0.630972 0.132500 0.195278
0 0.215234 0.802222 0.142969 0.163333
0 0.104609 0.584167 0.063281 0.176667
0 0.288984 0.304583 0.046719 0.168611
0 0.255156 0.245694 0.066250 0.066944
0 0.264141 0.317917 0.036094 0.136389
0 0.310000 0.440972 0.140000 0.286389
0 0.233203 0.297917 0.052656 0.080278
0 0.185078 0.660417 0.094844 0.200833
0 0.130234 0.744722 0.063281 0.144444
0 0.320547 0.820972 0.152031 0.083056
0 0.320547 0.920000 0.200156 0.120556
0 0.365703 0.762222 0.176094 0.131111
0 0.236250 0.348611 0.031563 0.117778
0 0.252891 0.435556 0.052656 0.104444
0 0.428281 0.705972 0.189688 0.302500
0 0.155000 0.597500 0.064687 0.133889
0 0.212891 0.340417 0.021094 0.048056
0 0.133125 0.562917 0.042188 0.112500
0 0.122578 0.500000 0.027031 0.045556