0 0.710156 0.811111 0.160938 0.372222
0 0.761719 0.412500 0.114062 0.375000
0 0.400781 0.763889 0.226562 0.250000
0 0.343750 0.847222 0.209375 0.233333
0 0.314844 0.937500 0.220312 0.119444
0 0.524219 0.343056 0.132812 0.263889
0 0.607812 0.337500 0.106250 0.275000
0 0.675000 0.322222 0.137500 0.277778
0 0.735938 0.309722 0.128125 0.247222
0 0.564063 0.193056 0.143750 0.130556
0 0.726562 0.161111 0.162500 0.122222
0 0.640625 0.187500 0.040625 0.086111
0 0.432812 0.244444 0.146875 0.166667
0 0.366406 0.212500 0.120313 0.102778
0 0.350781 0.170833 0.089063 0.058333
0 0.288281 0.520833 0.160938 0.202778
0 0.196094 0.851389 0.151562 0.197222
0 0.340625 0.295833 0.084375 0.119444
0 0.136719 0.559722 0.067187 0.080556
0 0.283594 0.672222 0.173437 0.177778
0 0.146875 0.654167 0.125000 0.202778
0 0.307031 0.423611 0.154688 0.213889
0 0.278125 0.318056 0.062500 0.180556
0 0.260156 0.312500 0.057813 0.169444
0 0.245312 0.227778 0.062500 0.100000
0 0.201563 0.323611 0.021875 0.063889
0 0.237500 0.300000 0.056250 0.122222
0 0.121094 0.513889 0.023438 0.038889
0 0.292187 0.219444 0.081250 0.072222
0 0.222656 0.391667 0.029687 0.077778
0 0.128906 0.562500 0.060937 0.108333