0 0.550625 0.207917 0.145313 0.081944
0 0.555000 0.252500 0.145313 0.105000
0 0.578125 0.343194 0.156875 0.209722
0 0.656484 0.260278 0.074844 0.202222
0 0.700391 0.294861 0.064844 0.230278
0 0.742812 0.262778 0.057500 0.207222
0 0.155547 0.745000 0.063281 0.122778
0 0.260703 0.851389 0.187031 0.202222
0 0.254141 0.333056 0.056094 0.102222
0 0.442734 0.614583 0.136719 0.353056
0 0.486641 0.384306 0.141094 0.204722
0 0.396016 0.294861 0.115156 0.153611
0 0.697578 0.797361 0.133906 0.319722
0 0.378047 0.249861 0.079219 0.125278
0 0.415391 0.329306 0.148281 0.171389
0 0.298125 0.635139 0.106563 0.225278
0 0.733516 0.504722 0.079219 0.358333
0 0.295156 0.308750 0.057500 0.099722
0 0.634141 0.645139 0.107969 0.332500
0 0.240547 0.288194 0.060469 0.099722
0 0.448594 0.214167 0.102188 0.084444
0 0.209531 0.676111 0.090625 0.266111
0 0.517656 0.722222 0.182812 0.358333
0 0.141250 0.500694 0.040313 0.069167
0 0.329766 0.240972 0.072031 0.086944
0 0.326953 0.486528 0.126719 0.209722
0 0.307500 0.390694 0.076250 0.145833
0 0.244844 0.421528 0.040313 0.145833
0 0.124766 0.615694 0.064844 0.150833
0 0.184375 0.585139 0.112187 0.115278