0 0.282813 0.811111 0.146875 0.372222
0 0.245312 0.431944 0.128125 0.308333
0 0.472656 0.343056 0.126562 0.263889
0 0.396094 0.336111 0.139063 0.255556
0 0.628125 0.880556 0.218750 0.172222
0 0.482031 0.962500 0.123438 0.069444
0 0.837500 0.613889 0.096875 0.150000
0 0.279687 0.251389 0.153125 0.147222
0 0.706250 0.347222 0.121875 0.233333
0 0.563281 0.247222 0.142187 0.172222
0 0.673438 0.247222 0.090625 0.094444
0 0.631250 0.194444 0.090625 0.066667
0 0.686719 0.437500 0.164062 0.213889
0 0.810156 0.834722 0.110937 0.197222
0 0.911719 0.593056 0.060937 0.175000
0 0.718750 0.252778 0.025000 0.072222
0 0.761719 0.244444 0.054688 0.055556
0 0.740625 0.286111 0.031250 0.116667
0 0.780469 0.300000 0.051562 0.100000
0 0.713281 0.181944 0.085938 0.097222
0 0.882031 0.761111 0.070312 0.161111
0 0.681250 0.580556 0.168750 0.183333
0 0.686719 0.927778 0.195312 0.138889
0 0.656250 0.776389 0.209375 0.191667
0 0.756250 0.645833 0.093750 0.258333
0 0.767188 0.341667 0.040625 0.133333
0 0.754687 0.438889 0.056250 0.122222
0 0.800000 0.331944 0.025000 0.063889
0 0.888281 0.505556 0.029687 0.038889
0 0.867969 0.627778 0.029687 0.044444
0 0.881250 0.573611 0.040625 0.108333