0 0.555469 0.183333 0.157812 0.088889
0 0.560156 0.231944 0.157812 0.113889
0 0.585156 0.330556 0.170313 0.227778
0 0.670312 0.240278 0.081250 0.219444
0 0.717969 0.277778 0.070312 0.250000
0 0.764062 0.243056 0.062500 0.225000
0 0.112500 0.762500 0.053125 0.113889
0 0.227344 0.825000 0.139063 0.261111
0 0.312500 0.463889 0.159375 0.277778
0 0.237500 0.294444 0.046875 0.055556
0 0.407031 0.634722 0.085938 0.363889
0 0.485156 0.361111 0.126562 0.238889
0 0.387500 0.277778 0.137500 0.155556
0 0.714844 0.823611 0.145313 0.347222
0 0.341406 0.251389 0.120313 0.113889
0 0.407031 0.320833 0.151562 0.175000
0 0.475000 0.606944 0.090625 0.352778
0 0.421094 0.188889 0.126562 0.094444
0 0.753906 0.505556 0.085938 0.388889
0 0.239063 0.386111 0.071875 0.172222
0 0.291406 0.344444 0.073438 0.183333
0 0.207031 0.287500 0.042188 0.080556
0 0.248438 0.686111 0.143750 0.205556
0 0.515625 0.758333 0.193750 0.405556
0 0.317969 0.209722 0.139063 0.197222
0 0.149219 0.588889 0.085938 0.111111
0 0.157031 0.741667 0.079687 0.222222
0 0.072656 0.644444 0.107813 0.127778
0 0.129688 0.683333 0.078125 0.094444