0 0.722109 0.816944 0.168906 0.366111
0 0.776250 0.410694 0.119687 0.393611
0 0.397344 0.779861 0.237812 0.262500
0 0.337422 0.867222 0.219844 0.245000
0 0.307031 0.949583 0.231250 0.100833
0 0.526875 0.337917 0.139375 0.276944
0 0.614687 0.332083 0.111563 0.288611
0 0.677734 0.314444 0.136094 0.259444
0 0.739375 0.278194 0.144375 0.227500
0 0.563750 0.187639 0.137813 0.110833
0 0.331641 0.447222 0.162344 0.175000
0 0.705625 0.162778 0.178750 0.096111
0 0.426016 0.237222 0.154219 0.186667
0 0.362031 0.194861 0.137813 0.113611
0 0.265313 0.523056 0.144375 0.221667
0 0.179922 0.880139 0.160781 0.206944
0 0.334141 0.284028 0.095156 0.122500
0 0.138047 0.663056 0.116406 0.221667
0 0.271797 0.676111 0.187031 0.177778
0 0.180000 0.711250 0.098437 0.276944
0 0.294844 0.413750 0.131250 0.230278
0 0.270234 0.310139 0.055781 0.180833
0 0.251328 0.294167 0.070469 0.177778
0 0.234063 0.203750 0.065625 0.113611
0 0.188906 0.320278 0.021250 0.061111
0 0.225000 0.288333 0.060625 0.119444
0 0.099531 0.518750 0.019688 0.043611
0 0.277578 0.208056 0.057344 0.058333
0 0.210234 0.375694 0.044219 0.113611
0 0.106953 0.568194 0.050781 0.113611