0 0.717187 0.811111 0.146875 0.372222
0 0.751563 0.437500 0.134375 0.319444
0 0.421094 0.736111 0.210938 0.355556
0 0.353906 0.797222 0.189062 0.172222
0 0.317969 0.930556 0.214062 0.133333
0 0.527344 0.343056 0.126562 0.263889
0 0.604688 0.341667 0.140625 0.266667
0 0.612500 0.429167 0.159375 0.286111
0 0.557031 0.195833 0.132812 0.108333
0 0.719531 0.238889 0.160938 0.111111
0 0.698438 0.166667 0.156250 0.088889
0 0.435937 0.244444 0.137500 0.155556
0 0.342969 0.243056 0.082812 0.102778
0 0.377344 0.200000 0.085938 0.066667
0 0.273438 0.634722 0.137500 0.202778
0 0.163281 0.818056 0.151562 0.219444
0 0.280469 0.295833 0.048438 0.175000
0 0.245312 0.229167 0.068750 0.058333
0 0.253906 0.313889 0.042188 0.150000
0 0.219531 0.288889 0.064062 0.083333
0 0.306250 0.437500 0.153125 0.297222
0 0.167187 0.650000 0.087500 0.188889
0 0.092188 0.513889 0.056250 0.105556
0 0.332813 0.877778 0.212500 0.172222
0 0.225000 0.343056 0.034375 0.130556
0 0.241406 0.436111 0.048438 0.088889
0 0.145313 0.559722 0.078125 0.097222
0 0.092969 0.583333 0.076563 0.172222