0 0.555469 0.183333 0.157812 0.088889
0 0.560156 0.231944 0.157812 0.113889
0 0.577344 0.315278 0.182812 0.197222
0 0.670312 0.240278 0.081250 0.219444
0 0.733594 0.261111 0.092188 0.216667
0 0.764062 0.243056 0.062500 0.225000
0 0.146094 0.630556 0.064062 0.111111
0 0.307812 0.919444 0.190625 0.155556
0 0.373437 0.284722 0.125000 0.147222
0 0.107813 0.544444 0.040625 0.116667
0 0.407031 0.312500 0.117188 0.186111
0 0.553125 0.506944 0.131250 0.363889
0 0.064844 0.640278 0.035937 0.147222
0 0.226562 0.388889 0.043750 0.172222
0 0.128906 0.704167 0.089063 0.097222
0 0.680469 0.875000 0.132812 0.244444
0 0.082031 0.661111 0.042188 0.183333
0 0.440625 0.601389 0.115625 0.375000
0 0.304688 0.523611 0.181250 0.258333
0 0.360938 0.645833 0.131250 0.330556
0 0.453906 0.363889 0.104688 0.244444
0 0.422656 0.188889 0.120313 0.077778
0 0.316406 0.266667 0.117188 0.194444
0 0.703125 0.477778 0.196875 0.288889
0 0.291406 0.240278 0.051562 0.069444
0 0.303906 0.394444 0.120313 0.183333
0 0.193750 0.252778 0.062500 0.105556
0 0.209375 0.694444 0.115625 0.311111
0 0.266406 0.263889 0.076563 0.150000
0 0.214844 0.277778 0.057813 0.100000
0 0.128125 0.547222 0.040625 0.094444