0 0.717187 0.811111 0.146875 0.372222
0 0.755469 0.429167 0.126562 0.302778
0 0.527344 0.343056 0.126562 0.263889
0 0.603906 0.336111 0.139063 0.255556
0 0.401562 0.862500 0.218750 0.241667
0 0.517969 0.962500 0.123438 0.069444
0 0.247656 0.656944 0.114062 0.208333
0 0.720313 0.251389 0.153125 0.147222
0 0.689063 0.183333 0.184375 0.111111
0 0.434375 0.248611 0.137500 0.163889
0 0.324219 0.248611 0.085938 0.113889
0 0.371094 0.195833 0.092188 0.063889
0 0.337500 0.541667 0.171875 0.172222
0 0.184375 0.847222 0.109375 0.205556
0 0.086719 0.598611 0.060937 0.152778
0 0.285938 0.284722 0.046875 0.158333
0 0.245312 0.234722 0.068750 0.069444
0 0.259375 0.308333 0.040625 0.138889
0 0.217969 0.302778 0.067187 0.116667
0 0.293750 0.451389 0.118750 0.291667
0 0.163281 0.622222 0.092188 0.138889
0 0.117969 0.761111 0.070312 0.161111
0 0.657031 0.654167 0.226562 0.269444
0 0.308594 0.913889 0.217188 0.166667
0 0.349219 0.781944 0.214062 0.186111
0 0.417969 0.655556 0.229687 0.188889
0 0.227344 0.343056 0.039062 0.130556
0 0.239844 0.427778 0.048438 0.100000
0 0.200781 0.338889 0.023438 0.055556
0 0.120313 0.561111 0.043750 0.094444
0 0.111719 0.505556 0.029687 0.038889
0 0.137500 0.591667 0.065625 0.094444