0 0.552656 0.200833 0.149063 0.083889
0 0.557031 0.246806 0.149063 0.107500
0 0.580703 0.332222 0.160781 0.199444
0 0.661016 0.254722 0.076719 0.207222
0 0.720859 0.300417 0.087031 0.256944
0 0.749687 0.257361 0.059062 0.212500
0 0.323125 0.895972 0.174063 0.146944
0 0.385156 0.269028 0.085625 0.146944
0 0.124766 0.556111 0.054531 0.138889
0 0.412500 0.322917 0.110625 0.175833
0 0.556328 0.506528 0.135781 0.343611
0 0.094531 0.637778 0.041250 0.133889
0 0.192656 0.577361 0.048750 0.081389
0 0.670703 0.854028 0.125469 0.230833
0 0.136484 0.739861 0.033906 0.081389
0 0.444141 0.595694 0.109219 0.354167
0 0.362969 0.541944 0.120938 0.283333
0 0.382969 0.623056 0.131250 0.320000
0 0.467734 0.371528 0.091406 0.230833
0 0.303281 0.406944 0.110625 0.254444
0 0.312812 0.299167 0.100312 0.138889
0 0.245000 0.400139 0.041250 0.115278
0 0.289375 0.567917 0.138750 0.209722
0 0.430234 0.208750 0.134219 0.089167
0 0.197891 0.725417 0.115156 0.209722
0 0.737734 0.500000 0.097344 0.367222
0 0.223672 0.287361 0.039844 0.099722
0 0.264141 0.248194 0.070781 0.078611
0 0.336406 0.232361 0.094375 0.136389
0 0.139453 0.560139 0.039844 0.136389