0 0.710156 0.811111 0.160938 0.372222
0 0.761719 0.412500 0.114062 0.375000
0 0.400781 0.763889 0.226562 0.250000
0 0.343750 0.847222 0.209375 0.233333
0 0.314844 0.937500 0.220312 0.119444
0 0.524219 0.343056 0.132812 0.263889
0 0.607812 0.337500 0.106250 0.275000
0 0.667969 0.320833 0.129688 0.247222
0 0.726562 0.286111 0.137500 0.216667
0 0.559375 0.200000 0.131250 0.105556
0 0.332813 0.462500 0.190625 0.191667
0 0.694531 0.176389 0.170313 0.091667
0 0.428125 0.247222 0.146875 0.177778
0 0.368750 0.209722 0.134375 0.102778
0 0.275000 0.519444 0.137500 0.211111
0 0.193750 0.859722 0.153125 0.197222
0 0.339062 0.291667 0.087500 0.122222
0 0.153906 0.652778 0.110937 0.211111
0 0.273438 0.666667 0.187500 0.172222
0 0.202344 0.694444 0.076563 0.277778
0 0.304688 0.398611 0.125000 0.197222
0 0.277344 0.316667 0.057813 0.177778
0 0.267969 0.277778 0.064062 0.127778
0 0.245312 0.215278 0.062500 0.108333
0 0.201563 0.323611 0.018750 0.058333
0 0.236719 0.295833 0.057813 0.113889
0 0.117188 0.520833 0.021875 0.047222
0 0.286719 0.219444 0.054688 0.055556
0 0.222656 0.379167 0.042188 0.108333
0 0.123438 0.568056 0.046875 0.097222