0 0.717187 0.811111 0.146875 0.372222
0 0.755469 0.437500 0.126562 0.319444
0 0.527344 0.343056 0.126562 0.263889
0 0.603906 0.336111 0.139063 0.255556
0 0.369531 0.887500 0.239063 0.158333
0 0.517969 0.962500 0.123438 0.069444
0 0.252344 0.650000 0.110937 0.205556
0 0.720313 0.252778 0.153125 0.150000
0 0.689063 0.183333 0.184375 0.111111
0 0.434375 0.248611 0.137500 0.163889
0 0.324219 0.248611 0.085938 0.113889
0 0.371094 0.195833 0.092188 0.063889
0 0.332031 0.533333 0.164062 0.166667
0 0.184375 0.847222 0.109375 0.205556
0 0.086719 0.598611 0.060937 0.152778
0 0.285938 0.284722 0.046875 0.158333
0 0.245312 0.234722 0.068750 0.069444
0 0.259375 0.308333 0.040625 0.138889
0 0.217969 0.302778 0.067187 0.116667
0 0.292969 0.445833 0.117188 0.286111
0 0.151562 0.608333 0.090625 0.122222
0 0.117969 0.761111 0.070312 0.161111
0 0.644531 0.672222 0.257812 0.300000
0 0.302344 0.911111 0.223438 0.172222
0 0.343750 0.777778 0.221875 0.161111
0 0.417969 0.655556 0.229687 0.188889
0 0.227344 0.343056 0.039062 0.130556
0 0.239844 0.427778 0.048438 0.100000
0 0.200781 0.338889 0.023438 0.055556
0 0.120313 0.561111 0.043750 0.094444
0 0.111719 0.505556 0.029687 0.038889
0 0.137500 0.591667 0.065625 0.094444