0 0.558594 0.169861 0.165313 0.093056
0 0.563437 0.220833 0.165313 0.119444
0 0.589688 0.324028 0.178437 0.238611
0 0.678984 0.229444 0.085156 0.230000
0 0.728906 0.268750 0.073750 0.261944
0 0.777109 0.232361 0.065469 0.235833
0 0.100234 0.651667 0.070469 0.148333
0 0.403125 0.300972 0.122812 0.186389
0 0.055156 0.650139 0.055625 0.151389
0 0.142734 0.561528 0.086719 0.101944
0 0.124766 0.787083 0.112969 0.128056
0 0.377656 0.460972 0.124375 0.163056
0 0.299063 0.887639 0.176875 0.224722
0 0.385078 0.651528 0.119531 0.381389
0 0.478437 0.359167 0.129375 0.256111
0 0.376094 0.279028 0.137500 0.154167
0 0.297422 0.443472 0.147344 0.198056
0 0.336719 0.293611 0.117813 0.195000
0 0.484844 0.615278 0.171875 0.366667
0 0.417891 0.184444 0.132656 0.087222
0 0.760781 0.507639 0.117813 0.407500
0 0.238516 0.348889 0.052344 0.160000
0 0.277109 0.643056 0.145781 0.241667
0 0.193516 0.265833 0.044219 0.110556
0 0.341641 0.865556 0.209531 0.256111
0 0.338438 0.565833 0.157187 0.232778
0 0.311328 0.207778 0.106406 0.110556
0 0.214688 0.220833 0.083437 0.148333