0 0.692422 0.823194 0.180156 0.353611
0 0.765313 0.457500 0.133750 0.392778
0 0.399297 0.750833 0.241719 0.337222
0 0.325781 0.818889 0.220938 0.267778
0 0.292109 0.904028 0.225781 0.156389
0 0.532578 0.347917 0.146406 0.285278
0 0.616094 0.356528 0.120625 0.291944
0 0.690469 0.345556 0.163437 0.285556
0 0.742734 0.351667 0.133281 0.269444
0 0.575078 0.215556 0.140156 0.141667
0 0.726484 0.245556 0.173594 0.161111
0 0.716328 0.200694 0.161406 0.106944
0 0.445703 0.226944 0.150781 0.165556
0 0.392266 0.169028 0.089844 0.064722
0 0.355234 0.215694 0.108594 0.128056
0 0.348203 0.536806 0.203281 0.196389
0 0.182031 0.793056 0.141875 0.202222
0 0.092188 0.509722 0.082500 0.186667
0 0.361797 0.427639 0.194531 0.205833
0 0.303828 0.251667 0.057969 0.130556
0 0.282578 0.239722 0.055156 0.135556
0 0.261172 0.185694 0.067656 0.110278
0 0.216484 0.273056 0.020469 0.063889
0 0.253906 0.247222 0.069375 0.113333
0 0.302969 0.180278 0.070312 0.075000
0 0.256484 0.345417 0.065469 0.156389
0 0.297266 0.402639 0.132031 0.304722
0 0.111641 0.698611 0.084219 0.162222
0 0.118672 0.454444 0.015469 0.030000
0 0.185313 0.616528 0.149063 0.277500
0 0.115234 0.504028 0.048594 0.101389
0 0.234688 0.399028 0.036875 0.083056