0 0.721875 0.800417 0.152500 0.379167
0 0.747422 0.425556 0.145469 0.326111
0 0.524922 0.341944 0.130469 0.270000
0 0.601406 0.336667 0.143125 0.273333
0 0.355156 0.890278 0.260000 0.162222
0 0.525000 0.961528 0.124375 0.075278
0 0.300625 0.497222 0.155313 0.260000
0 0.716172 0.221389 0.155156 0.143333
0 0.684063 0.174444 0.185938 0.120000
0 0.430625 0.251944 0.140000 0.170556
0 0.319688 0.257222 0.085938 0.112222
0 0.368125 0.202222 0.093125 0.068333
0 0.266328 0.658472 0.158594 0.168611
0 0.211875 0.827778 0.141250 0.151111
0 0.088359 0.618333 0.063281 0.155556
0 0.282734 0.295000 0.049219 0.160556
0 0.241328 0.247222 0.069844 0.072778
0 0.254219 0.324306 0.041250 0.143611
0 0.218047 0.302222 0.062344 0.091667
0 0.300078 0.406944 0.144531 0.262222
0 0.171953 0.671389 0.086094 0.226111
0 0.122188 0.779444 0.072813 0.164444
0 0.334297 0.803889 0.173594 0.127778
0 0.330156 0.944722 0.210938 0.110556
0 0.358750 0.765278 0.199063 0.153889
0 0.421094 0.709444 0.203125 0.320556
0 0.225000 0.353611 0.034687 0.121111
0 0.239766 0.444444 0.048281 0.093889
0 0.143750 0.617222 0.086563 0.153889
0 0.197656 0.350556 0.022812 0.067778
0 0.108125 0.524583 0.028750 0.040278
0 0.120000 0.592083 0.051875 0.121944