0 0.726094 0.813889 0.137813 0.372222
0 0.765625 0.412500 0.115625 0.380000
0 0.420469 0.762917 0.213750 0.320833
0 0.341250 0.843056 0.213750 0.256111
0 0.315938 0.934861 0.216875 0.130278
0 0.524922 0.342083 0.134531 0.267500
0 0.609609 0.336528 0.107656 0.278611
0 0.665859 0.310972 0.102969 0.154722
0 0.720469 0.300000 0.161562 0.245000
0 0.560547 0.201389 0.136094 0.121111
0 0.713281 0.204306 0.163125 0.098611
0 0.703828 0.157639 0.153594 0.061944
0 0.433125 0.229583 0.140937 0.183056
0 0.337266 0.226528 0.079219 0.115278
0 0.368984 0.187361 0.085469 0.053611
0 0.267734 0.637639 0.126719 0.228056
0 0.178906 0.850139 0.145625 0.185833
0 0.089609 0.585556 0.077656 0.202778
0 0.313594 0.470139 0.164688 0.230833
0 0.278672 0.288472 0.057031 0.154722
0 0.251797 0.223889 0.060156 0.092778
0 0.201875 0.322361 0.026875 0.059167
0 0.249531 0.315417 0.045937 0.151944
0 0.284219 0.212639 0.052187 0.059167
0 0.298516 0.370000 0.128281 0.222222
0 0.148125 0.619444 0.125000 0.123889
0 0.216172 0.242222 0.061719 0.090000
0 0.149609 0.714861 0.134531 0.151944
0 0.216953 0.335139 0.031719 0.106944
0 0.227266 0.432083 0.039531 0.098611
0 0.140937 0.543194 0.072813 0.067500