0 0.444531 0.183333 0.157812 0.088889
0 0.439844 0.231944 0.157812 0.113889
0 0.422656 0.315278 0.182812 0.197222
0 0.329688 0.240278 0.081250 0.219444
0 0.266406 0.288889 0.092188 0.272222
0 0.235937 0.243056 0.062500 0.225000
0 0.687500 0.919444 0.184375 0.155556
0 0.626563 0.284722 0.125000 0.147222
0 0.895312 0.556944 0.046875 0.141667
0 0.592969 0.312500 0.117188 0.186111
0 0.446875 0.506944 0.131250 0.363889
0 0.928125 0.640278 0.050000 0.147222
0 0.845313 0.587500 0.103125 0.069444
0 0.319531 0.875000 0.132812 0.244444
0 0.866406 0.791667 0.076563 0.122222
0 0.559375 0.601389 0.115625 0.375000
0 0.632031 0.552778 0.151562 0.294444
0 0.634375 0.634722 0.125000 0.352778
0 0.546094 0.363889 0.104688 0.244444
0 0.578125 0.195833 0.125000 0.091667
0 0.708594 0.401389 0.117188 0.269444
0 0.693750 0.268056 0.103125 0.163889
0 0.414844 0.720833 0.210938 0.508333
0 0.772656 0.393056 0.039062 0.080556
0 0.714063 0.231944 0.043750 0.063889
0 0.716406 0.588889 0.154688 0.188889
0 0.806250 0.766667 0.125000 0.283333
0 0.802344 0.297222 0.070312 0.094444
0 0.756250 0.212500 0.062500 0.086111
0 0.778125 0.262500 0.056250 0.130556
0 0.876563 0.527778 0.021875 0.066667