0 0.697266 0.783472 0.133906 0.339167
0 0.731484 0.437917 0.116719 0.280833
0 0.524219 0.357222 0.115312 0.240556
0 0.593984 0.350556 0.126719 0.232778
0 0.382656 0.846806 0.199375 0.156944
0 0.515781 0.921389 0.112500 0.063333
0 0.185391 0.601389 0.075469 0.131667
0 0.700078 0.273472 0.139531 0.134167
0 0.671641 0.211389 0.167969 0.101111
0 0.439531 0.271111 0.125312 0.149444
0 0.340703 0.267222 0.072656 0.096111
0 0.381875 0.221667 0.084062 0.055556
0 0.327031 0.424167 0.122500 0.227778
0 0.216797 0.805139 0.101094 0.179722
0 0.124141 0.584722 0.055469 0.159444
0 0.314219 0.298889 0.048438 0.123889
0 0.282891 0.316528 0.039844 0.129167
0 0.234531 0.330417 0.028437 0.075833
0 0.280078 0.250833 0.093906 0.113889
0 0.151250 0.737917 0.064062 0.146944
0 0.332813 0.577222 0.153750 0.154444
0 0.321328 0.887222 0.167969 0.131667
0 0.359766 0.745556 0.196406 0.187222
0 0.260859 0.646806 0.095469 0.197500
0 0.255859 0.355694 0.037031 0.121389
0 0.263750 0.436667 0.044062 0.086111
0 0.225938 0.346944 0.022812 0.058333
0 0.145547 0.505278 0.027031 0.035556
0 0.151953 0.567083 0.037031 0.098611