0 0.559922 0.166250 0.167031 0.094167
0 0.564766 0.217778 0.167031 0.120556
0 0.582969 0.314861 0.193437 0.226389
0 0.681406 0.226667 0.085938 0.232222
0 0.748516 0.254444 0.097656 0.241111
0 0.780547 0.229583 0.066094 0.238056
0 0.302734 0.931528 0.195156 0.136944
0 0.367109 0.273472 0.132344 0.155833
0 0.086016 0.526389 0.042969 0.079444
0 0.402813 0.302917 0.124063 0.196944
0 0.557422 0.508750 0.138906 0.385278
0 0.040547 0.649861 0.037969 0.155833
0 0.129062 0.648611 0.119063 0.158889
0 0.692187 0.884583 0.140625 0.230833
0 0.061953 0.652917 0.064531 0.167500
0 0.438203 0.608750 0.122344 0.396944
0 0.357266 0.464722 0.195156 0.250000
0 0.348984 0.644167 0.148906 0.373333
0 0.452266 0.357500 0.110781 0.258889
0 0.419297 0.172222 0.127344 0.082222
0 0.224844 0.376389 0.085938 0.191111
0 0.305078 0.255972 0.127344 0.214722
0 0.741016 0.466111 0.132344 0.423333
0 0.275469 0.463194 0.117500 0.235278
0 0.236563 0.680833 0.135625 0.282222
0 0.219062 0.266250 0.067812 0.105833
0 0.220859 0.198611 0.064531 0.100000
0 0.176172 0.261806 0.047969 0.085278
0 0.110859 0.550139 0.042969 0.114722