0 0.444531 0.183333 0.157812 0.088889
0 0.439844 0.231944 0.157812 0.113889
0 0.414844 0.330556 0.170313 0.227778
0 0.329688 0.240278 0.081250 0.219444
0 0.282031 0.277778 0.070312 0.250000
0 0.235937 0.243056 0.062500 0.225000
0 0.873437 0.766667 0.068750 0.133333
0 0.759375 0.886111 0.203125 0.216667
0 0.766406 0.319444 0.060937 0.111111
0 0.561719 0.625000 0.148438 0.383333
0 0.514062 0.375000 0.153125 0.222222
0 0.612500 0.277778 0.125000 0.166667
0 0.285156 0.823611 0.145313 0.347222
0 0.596875 0.213889 0.115625 0.133333
0 0.591406 0.315278 0.160938 0.186111
0 0.727344 0.648611 0.139063 0.269444
0 0.246094 0.505556 0.085938 0.388889
0 0.721875 0.293056 0.062500 0.108333
0 0.353906 0.658333 0.117188 0.361111
0 0.781250 0.270833 0.065625 0.108333
0 0.530469 0.190278 0.060937 0.091667
0 0.814844 0.691667 0.098437 0.288889
0 0.480469 0.741667 0.198437 0.388889
0 0.889062 0.501389 0.043750 0.075000
0 0.684375 0.219444 0.078125 0.094444
0 0.690625 0.479167 0.140625 0.236111
0 0.708594 0.372222 0.104688 0.216667
0 0.776563 0.415278 0.043750 0.158333
0 0.928906 0.656944 0.073438 0.141667
0 0.850000 0.597222 0.112500 0.105556