0 0.444531 0.183333 0.157812 0.088889
0 0.439844 0.231944 0.157812 0.113889
0 0.414844 0.330556 0.170313 0.227778
0 0.329688 0.240278 0.081250 0.219444
0 0.282031 0.277778 0.070312 0.250000
0 0.235937 0.243056 0.062500 0.225000
0 0.881250 0.761111 0.059375 0.116667
0 0.664844 0.794444 0.139063 0.372222
0 0.692187 0.416667 0.159375 0.188889
0 0.762500 0.311111 0.046875 0.088889
0 0.592969 0.634722 0.085938 0.363889
0 0.514844 0.361111 0.126562 0.238889
0 0.616406 0.280556 0.142187 0.161111
0 0.285156 0.823611 0.145313 0.347222
0 0.627344 0.237500 0.082812 0.091667
0 0.585938 0.320833 0.134375 0.175000
0 0.525000 0.606944 0.090625 0.352778
0 0.246094 0.505556 0.085938 0.388889
0 0.749219 0.383333 0.070312 0.177778
0 0.693750 0.501389 0.140625 0.180556
0 0.781250 0.270833 0.065625 0.108333
0 0.567969 0.198611 0.132812 0.113889
0 0.746875 0.630556 0.128125 0.183333
0 0.478125 0.768056 0.193750 0.402778
0 0.878906 0.527778 0.048438 0.111111
0 0.697656 0.223611 0.064062 0.102778
0 0.621094 0.161111 0.126562 0.127778
0 0.812500 0.597222 0.059375 0.122222
0 0.814063 0.731944 0.100000 0.280556
0 0.919531 0.608333 0.085938 0.183333
0 0.860156 0.679167 0.092188 0.108333