0 0.282813 0.811111 0.146875 0.372222
0 0.248438 0.437500 0.134375 0.319444
0 0.578906 0.736111 0.210938 0.355556
0 0.646094 0.797222 0.189062 0.172222
0 0.682031 0.930556 0.214062 0.133333
0 0.472656 0.343056 0.126562 0.263889
0 0.395313 0.341667 0.140625 0.266667
0 0.387500 0.429167 0.159375 0.286111
0 0.442969 0.195833 0.132812 0.108333
0 0.280469 0.238889 0.160938 0.111111
0 0.301563 0.166667 0.156250 0.088889
0 0.564063 0.244444 0.137500 0.155556
0 0.661719 0.247222 0.079687 0.100000
0 0.622656 0.200000 0.085938 0.066667
0 0.726562 0.634722 0.137500 0.202778
0 0.810156 0.750000 0.142187 0.211111
0 0.908594 0.588889 0.060937 0.150000
0 0.723437 0.301389 0.053125 0.163889
0 0.754687 0.229167 0.068750 0.058333
0 0.785156 0.295833 0.057813 0.108333
0 0.693750 0.437500 0.153125 0.297222
0 0.832812 0.650000 0.087500 0.188889
0 0.878125 0.754167 0.056250 0.169444
0 0.751563 0.302778 0.087500 0.144444
0 0.667188 0.877778 0.212500 0.172222
0 0.759375 0.433333 0.046875 0.083333
0 0.854688 0.559722 0.078125 0.097222
0 0.893750 0.493056 0.025000 0.058333