0 0.693750 0.827917 0.171875 0.344167
0 0.757891 0.494722 0.147969 0.345000
0 0.538125 0.350278 0.144063 0.290000
0 0.614531 0.360556 0.155938 0.284444
0 0.334844 0.853750 0.231250 0.206389
0 0.485391 0.957361 0.127344 0.085278
0 0.233594 0.604444 0.142500 0.224444
0 0.736563 0.295278 0.162812 0.188333
0 0.709766 0.227778 0.190781 0.151111
0 0.452578 0.235972 0.147969 0.193056
0 0.343203 0.211528 0.093281 0.131944
0 0.393437 0.169722 0.095937 0.083889
0 0.335938 0.481667 0.171250 0.220000
0 0.162578 0.774583 0.122969 0.228056
0 0.083047 0.506111 0.071094 0.165000
0 0.302734 0.239028 0.057656 0.167500
0 0.265938 0.180417 0.073125 0.084167
0 0.274688 0.256528 0.050000 0.146944
0 0.238047 0.228611 0.066719 0.101667
0 0.306719 0.405000 0.152188 0.340556
0 0.141250 0.530556 0.097188 0.143889
0 0.102734 0.674444 0.081094 0.175556
0 0.537266 0.753333 0.204531 0.346667
0 0.288594 0.896389 0.198750 0.155556
0 0.325078 0.746528 0.231094 0.246944
0 0.391094 0.637917 0.241875 0.227500
0 0.240547 0.283750 0.047969 0.138056
0 0.246875 0.370833 0.055000 0.110000
0 0.214375 0.273750 0.027187 0.060278
0 0.117266 0.478889 0.047344 0.108333
0 0.114375 0.419583 0.032188 0.045278
0 0.133828 0.510556 0.071719 0.108333