0 0.545469 0.178194 0.160312 0.104167
0 0.551641 0.226528 0.161094 0.129167
0 0.579844 0.322361 0.177187 0.244167
0 0.661953 0.223889 0.087969 0.227222
0 0.710703 0.256667 0.077969 0.256667
0 0.755625 0.217361 0.069375 0.230833
0 0.122969 0.680417 0.071563 0.148056
0 0.325703 0.916944 0.189531 0.166111
0 0.401406 0.322083 0.122812 0.197500
0 0.080000 0.683333 0.057500 0.149444
0 0.161016 0.593194 0.085469 0.099722
0 0.150391 0.807222 0.111406 0.132778
0 0.372109 0.486111 0.116094 0.180000
0 0.394453 0.653611 0.125156 0.374444
0 0.474687 0.366111 0.130937 0.256111
0 0.377656 0.293472 0.129688 0.170278
0 0.299609 0.470972 0.143281 0.254722
0 0.331406 0.309306 0.117500 0.174722
0 0.300078 0.411250 0.137344 0.212500
0 0.488594 0.609722 0.174687 0.365556
0 0.411719 0.200000 0.129375 0.106667
0 0.748125 0.481111 0.124375 0.399444
0 0.255000 0.369722 0.055937 0.096667
0 0.279609 0.685694 0.120469 0.221944
0 0.200547 0.304167 0.045469 0.109444
0 0.225391 0.428194 0.054844 0.163056
0 0.354766 0.861944 0.219844 0.265000
0 0.318984 0.615278 0.122344 0.233333
0 0.242813 0.259583 0.085312 0.094167
0 0.311094 0.237639 0.104688 0.115278