0 0.499844 0.840694 0.155000 0.309167
0 0.286250 0.288194 0.161250 0.205278
0 0.234141 0.185694 0.123281 0.106944
0 0.674531 0.687500 0.058437 0.092778
0 0.715703 0.695833 0.067969 0.103889
0 0.559844 0.330417 0.104375 0.109722
0 0.634219 0.366944 0.072813 0.081667
0 0.574922 0.425972 0.067969 0.126389
0 0.701406 0.452778 0.074375 0.174444
0 0.699141 0.493472 0.085469 0.126389
0 0.442812 0.691667 0.183438 0.230556
0 0.177969 0.681806 0.153438 0.430278
0 0.378750 0.278333 0.185000 0.140556
0 0.293359 0.469444 0.169219 0.236111
0 0.365391 0.966806 0.120156 0.066389
0 0.573281 0.937222 0.105937 0.125556
0 0.476016 0.403333 0.145469 0.193889
0 0.509297 0.494861 0.094844 0.247500
0 0.260234 0.885278 0.327344 0.229444
0 0.195391 0.289722 0.096406 0.286667
0 0.238828 0.292500 0.088594 0.174444
0 0.392266 0.395000 0.113906 0.177222
0 0.153438 0.321944 0.056875 0.193889
0 0.540156 0.541250 0.049062 0.115278
0 0.423047 0.236111 0.096406 0.101111
0 0.779766 0.603056 0.094844 0.148889
0 0.810625 0.771944 0.074375 0.087222
0 0.514922 0.326111 0.112344 0.146111
0 0.752031 0.694583 0.080625 0.168611