0 0.553047 0.177361 0.144531 0.048056
0 0.572500 0.242917 0.123438 0.109722
0 0.593594 0.329722 0.156562 0.203333
0 0.664297 0.250972 0.078281 0.211389
0 0.725313 0.296389 0.088750 0.259444
0 0.754609 0.253611 0.060156 0.216667
0 0.083516 0.637361 0.054219 0.149722
0 0.118125 0.543889 0.042188 0.128333
0 0.157891 0.632083 0.100781 0.155278
0 0.156406 0.789861 0.082812 0.155278
0 0.315234 0.904861 0.183594 0.149722
0 0.502500 0.935833 0.064687 0.088333
0 0.306953 0.555694 0.142969 0.179167
0 0.312891 0.321806 0.094844 0.165833
0 0.268516 0.657361 0.108281 0.195278
0 0.371641 0.285556 0.118906 0.157778
0 0.397187 0.304306 0.106875 0.168611
0 0.495781 0.345694 0.123438 0.208611
0 0.422109 0.352500 0.069219 0.173889
0 0.519141 0.507639 0.167031 0.238056
0 0.444609 0.584028 0.126406 0.326389
0 0.673359 0.874306 0.141406 0.211389
0 0.713125 0.670972 0.136875 0.430833
0 0.469531 0.234722 0.106875 0.157778
0 0.257266 0.232083 0.076719 0.093611
0 0.300156 0.254722 0.090312 0.112222
0 0.337812 0.213472 0.063125 0.050833
0 0.404687 0.213472 0.064687 0.066944
0 0.308359 0.450278 0.133906 0.235556
0 0.250469 0.384583 0.072188 0.125833
0 0.206172 0.308333 0.046719 0.069444