0 0.707578 0.795833 0.140156 0.355000
0 0.750000 0.439583 0.108750 0.304722
0 0.425156 0.732222 0.201250 0.323333
0 0.355859 0.782639 0.190781 0.164167
0 0.326797 0.909722 0.204219 0.127222
0 0.526484 0.349444 0.120781 0.251667
0 0.603203 0.348056 0.101406 0.254444
0 0.700000 0.320417 0.172812 0.156389
0 0.554844 0.206250 0.123750 0.098056
0 0.709688 0.223472 0.153438 0.095278
0 0.691875 0.175972 0.153438 0.074167
0 0.437031 0.243333 0.129688 0.172222
0 0.352031 0.251389 0.070000 0.113889
0 0.375859 0.194583 0.093906 0.063611
0 0.283438 0.627500 0.129688 0.182778
0 0.206016 0.730833 0.138594 0.241111
0 0.112891 0.577222 0.062656 0.172222
0 0.471328 0.272500 0.082031 0.182778
0 0.279844 0.305833 0.032813 0.148333
0 0.249922 0.254028 0.053594 0.098056
0 0.218672 0.335000 0.023906 0.058333
0 0.260391 0.323056 0.035781 0.140556
0 0.294766 0.231528 0.068594 0.074167
0 0.312500 0.430139 0.134063 0.270278
0 0.183750 0.648889 0.079063 0.182778
0 0.139688 0.754861 0.071563 0.156389
0 0.308125 0.283333 0.044688 0.161667
0 0.335625 0.854028 0.186250 0.164167
0 0.235781 0.344028 0.031250 0.119167
0 0.252969 0.434306 0.044688 0.087500
0 0.164219 0.546806 0.075938 0.084722