0 0.533281 0.173472 0.162812 0.122500
0 0.541328 0.220972 0.164531 0.147500
0 0.572266 0.305000 0.183594 0.246667
0 0.651172 0.205278 0.095781 0.235556
0 0.717344 0.239583 0.110312 0.290278
0 0.744375 0.187639 0.077500 0.236944
0 0.342813 0.929861 0.193750 0.140278
0 0.359609 0.313889 0.134219 0.173333
0 0.109375 0.645694 0.067500 0.158611
0 0.394844 0.334306 0.129062 0.210278
0 0.553125 0.495417 0.155313 0.389722
0 0.083906 0.731389 0.050625 0.136111
0 0.155625 0.642778 0.085625 0.089444
0 0.704922 0.832917 0.148594 0.271389
0 0.166328 0.865556 0.097344 0.127222
0 0.448125 0.613611 0.140625 0.397222
0 0.351094 0.577500 0.160312 0.328333
0 0.381094 0.657639 0.146250 0.368611
0 0.456484 0.372361 0.112969 0.263611
0 0.401406 0.215278 0.130312 0.118333
0 0.286172 0.447639 0.134844 0.293056
0 0.282656 0.329444 0.118125 0.183333
0 0.539844 0.878889 0.153125 0.242222
0 0.228672 0.446250 0.060156 0.119167
0 0.293359 0.640556 0.159531 0.252222
0 0.142813 0.740694 0.095937 0.216389
0 0.182031 0.364028 0.088125 0.168611
0 0.228984 0.293472 0.051094 0.076389
0 0.306250 0.261250 0.127188 0.139167
0 0.127969 0.606944 0.029375 0.071667