0 0.715469 0.809444 0.145625 0.368889
0 0.746406 0.439167 0.139375 0.316667
0 0.527422 0.345556 0.125469 0.261667
0 0.603281 0.344028 0.137813 0.264167
0 0.344531 0.885139 0.243125 0.168056
0 0.518047 0.959444 0.122344 0.068889
0 0.311250 0.477639 0.167187 0.272500
0 0.718516 0.242222 0.151719 0.121111
0 0.687656 0.187222 0.182812 0.110000
0 0.435156 0.252083 0.136250 0.162500
0 0.326016 0.251944 0.085156 0.112778
0 0.373984 0.199722 0.091406 0.063333
0 0.275703 0.609722 0.127031 0.184444
0 0.206094 0.810833 0.142500 0.190000
0 0.090703 0.598750 0.060469 0.151389
0 0.288047 0.287639 0.046406 0.156944
0 0.247813 0.238333 0.068125 0.068889
0 0.259375 0.315139 0.038750 0.140278
0 0.223828 0.291806 0.060469 0.088056
0 0.290391 0.418611 0.125469 0.253333
0 0.171172 0.659306 0.091406 0.211944
0 0.121562 0.759861 0.069687 0.159722
0 0.326016 0.798333 0.162656 0.110000
0 0.325313 0.938889 0.207500 0.110000
0 0.356172 0.757083 0.195156 0.143056
0 0.418984 0.704722 0.196719 0.308333
0 0.230000 0.342778 0.032500 0.118333
0 0.242422 0.430972 0.044844 0.085278
0 0.203672 0.341389 0.023281 0.055000
0 0.111563 0.506528 0.027813 0.038611
0 0.125391 0.571389 0.049531 0.118333
0 0.136328 0.590694 0.049531 0.107500