0 0.498437 0.836111 0.153125 0.305556
0 0.287500 0.290278 0.159375 0.202778
0 0.805469 0.737500 0.057813 0.141667
0 0.536719 0.526389 0.085938 0.175000
0 0.235937 0.188889 0.121875 0.105556
0 0.642969 0.697222 0.160938 0.100000
0 0.631250 0.368056 0.071875 0.080556
0 0.562500 0.400000 0.068750 0.066667
0 0.696094 0.436111 0.070312 0.138889
0 0.689844 0.484722 0.073438 0.108333
0 0.442188 0.705556 0.212500 0.261111
0 0.239063 0.594444 0.268750 0.277778
0 0.378906 0.280556 0.182812 0.138889
0 0.271094 0.397222 0.173437 0.211111
0 0.269531 0.906944 0.129688 0.175000
0 0.571094 0.933333 0.104688 0.127778
0 0.728125 0.588889 0.059375 0.155556
0 0.366406 0.493056 0.182812 0.269444
0 0.189844 0.800000 0.139063 0.394444
0 0.503906 0.390278 0.098437 0.152778
0 0.197656 0.291667 0.095312 0.283333
0 0.248438 0.312500 0.075000 0.169444
0 0.402344 0.369444 0.098437 0.122222
0 0.153906 0.326389 0.060937 0.191667
0 0.462500 0.511111 0.125000 0.194444
0 0.414062 0.248611 0.109375 0.113889
0 0.767969 0.626389 0.039062 0.091667
0 0.750000 0.691667 0.075000 0.105556
0 0.538281 0.311111 0.104688 0.083333
0 0.421094 0.429167 0.123438 0.158333