0 0.705313 0.794306 0.139375 0.353056
0 0.738594 0.439861 0.125937 0.303056
0 0.424375 0.723056 0.200000 0.337222
0 0.360625 0.781111 0.179375 0.163333
0 0.326484 0.907639 0.202969 0.126389
0 0.525156 0.350417 0.120000 0.250278
0 0.598594 0.349028 0.133438 0.253056
0 0.649687 0.357083 0.131875 0.210833
0 0.529687 0.933889 0.149688 0.073889
0 0.553281 0.210833 0.125937 0.102778
0 0.707422 0.245000 0.152656 0.113333
0 0.687344 0.183056 0.148125 0.084444
0 0.437734 0.260972 0.128906 0.150278
0 0.341484 0.260694 0.084531 0.118611
0 0.380625 0.208056 0.091875 0.050000
0 0.284297 0.626944 0.130469 0.192222
0 0.184219 0.769306 0.114062 0.281944
0 0.109375 0.580833 0.062187 0.173889
0 0.290937 0.305556 0.045937 0.166111
0 0.257578 0.247639 0.065156 0.065833
0 0.220703 0.343889 0.020781 0.052778
0 0.267266 0.321528 0.037031 0.139722
0 0.311719 0.439861 0.137813 0.281944
0 0.233281 0.293889 0.063750 0.073889
0 0.192500 0.628333 0.074063 0.142222
0 0.134687 0.738889 0.062187 0.142222
0 0.340625 0.845694 0.195625 0.171389
0 0.238437 0.345139 0.029687 0.108056
0 0.256875 0.433333 0.051875 0.089444
0 0.164219 0.592917 0.080000 0.118611
0 0.135469 0.542778 0.040000 0.081667
0 0.130937 0.503056 0.022187 0.039444