0 0.554688 0.163889 0.150000 0.050000
0 0.560156 0.231944 0.157812 0.113889
0 0.596875 0.322222 0.162500 0.211111
0 0.670312 0.240278 0.081250 0.219444
0 0.733594 0.287500 0.092188 0.269444
0 0.764062 0.243056 0.062500 0.225000
0 0.067187 0.641667 0.056250 0.155556
0 0.103125 0.544444 0.043750 0.133333
0 0.144531 0.636111 0.104688 0.161111
0 0.142969 0.800000 0.085938 0.161111
0 0.307812 0.919444 0.190625 0.155556
0 0.502344 0.951389 0.067187 0.091667
0 0.290625 0.588889 0.131250 0.200000
0 0.305469 0.313889 0.098437 0.172222
0 0.259375 0.662500 0.112500 0.202778
0 0.366406 0.276389 0.123438 0.163889
0 0.392969 0.295833 0.110937 0.175000
0 0.495312 0.338889 0.128125 0.216667
0 0.418750 0.345833 0.071875 0.180556
0 0.519531 0.506944 0.173437 0.247222
0 0.443750 0.569444 0.115625 0.394444
0 0.692969 0.880556 0.142187 0.233333
0 0.685937 0.675000 0.225000 0.305556
0 0.544531 0.325000 0.164062 0.244444
0 0.220312 0.247222 0.087500 0.138889
0 0.310156 0.220833 0.101562 0.180556
0 0.357812 0.193056 0.028125 0.041667
0 0.421875 0.195833 0.121875 0.086111
0 0.300781 0.447222 0.139063 0.244444
0 0.234375 0.386111 0.062500 0.127778
0 0.194531 0.300000 0.048438 0.072222