0 0.709922 0.810000 0.160156 0.370556
0 0.761328 0.413333 0.113594 0.373333
0 0.404297 0.736806 0.230156 0.196389
0 0.345313 0.846111 0.208437 0.232222
0 0.316484 0.935833 0.219219 0.118889
0 0.524844 0.344028 0.132187 0.262500
0 0.608047 0.338750 0.105781 0.273611
0 0.672656 0.318056 0.132187 0.237778
0 0.742500 0.294444 0.122812 0.251667
0 0.492969 0.834722 0.186563 0.320556
0 0.559844 0.201667 0.130625 0.105000
0 0.694297 0.178333 0.169531 0.091111
0 0.433906 0.250139 0.143125 0.168611
0 0.366250 0.212778 0.125937 0.093889
0 0.300234 0.417500 0.112031 0.237778
0 0.197422 0.845972 0.149219 0.182500
0 0.114375 0.763056 0.060625 0.110556
0 0.340625 0.284722 0.074687 0.099444
0 0.154688 0.635972 0.122812 0.193611
0 0.292344 0.617778 0.143125 0.218333
0 0.214609 0.687083 0.083906 0.262500
0 0.337422 0.514306 0.164844 0.171389
0 0.290078 0.298472 0.042031 0.149167
0 0.268281 0.305417 0.063750 0.185278
0 0.250313 0.223889 0.068437 0.110556
0 0.206797 0.316528 0.018594 0.069167
0 0.236406 0.284722 0.059062 0.105000
0 0.134453 0.536250 0.032656 0.055278
0 0.291563 0.217083 0.060625 0.063611
0 0.223203 0.366389 0.035781 0.091111