0 0.711797 0.802083 0.143281 0.363056
0 0.755156 0.437639 0.111250 0.311389
0 0.423125 0.736944 0.205625 0.330556
0 0.352187 0.788472 0.195000 0.168056
0 0.322500 0.918333 0.208750 0.130000
0 0.523672 0.345556 0.129531 0.257222
0 0.605078 0.344167 0.103594 0.260000
0 0.701875 0.321250 0.172187 0.159722
0 0.556406 0.210139 0.134063 0.116389
0 0.704141 0.226528 0.143281 0.078611
0 0.696562 0.175000 0.158438 0.089444
0 0.437500 0.233333 0.134063 0.178889
0 0.343125 0.230417 0.076250 0.097500
0 0.375156 0.192639 0.088438 0.075833
0 0.272969 0.646111 0.134063 0.170556
0 0.170234 0.808611 0.126406 0.170556
0 0.103906 0.578611 0.064062 0.176111
0 0.563203 0.638194 0.223906 0.338611
0 0.280703 0.318611 0.045781 0.154444
0 0.244141 0.248194 0.054844 0.100278
0 0.212031 0.330694 0.024375 0.059722
0 0.255547 0.319861 0.032031 0.146389
0 0.301250 0.454028 0.123438 0.295278
0 0.179375 0.655833 0.095937 0.216667
0 0.315000 0.260417 0.099062 0.146389
0 0.334688 0.861528 0.196563 0.168056
0 0.231172 0.340139 0.032031 0.121944
0 0.247109 0.436389 0.045781 0.086667