0 0.555469 0.183333 0.157812 0.088889
0 0.560156 0.231944 0.157812 0.113889
0 0.585156 0.330556 0.170313 0.227778
0 0.670312 0.240278 0.081250 0.219444
0 0.717969 0.277778 0.070312 0.250000
0 0.764062 0.243056 0.062500 0.225000
0 0.141406 0.608333 0.114062 0.088889
0 0.176563 0.702778 0.093750 0.266667
0 0.096094 0.747222 0.023438 0.077778
0 0.312500 0.480556 0.159375 0.244444
0 0.251563 0.234722 0.121875 0.119444
0 0.407031 0.627778 0.085938 0.333333
0 0.482031 0.366667 0.129688 0.227778
0 0.383594 0.261111 0.107813 0.150000
0 0.714844 0.823611 0.145313 0.347222
0 0.337500 0.256944 0.112500 0.130556
0 0.409375 0.316667 0.146875 0.166667
0 0.483594 0.597222 0.107813 0.366667
0 0.421094 0.197222 0.126562 0.083333
0 0.753906 0.505556 0.085938 0.388889
0 0.234375 0.333333 0.093750 0.088889
0 0.300000 0.379167 0.140625 0.163889
0 0.207031 0.287500 0.042188 0.080556
0 0.265625 0.658333 0.140625 0.250000
0 0.417187 0.786111 0.159375 0.383333
0 0.319531 0.219444 0.101562 0.105556
0 0.123438 0.526389 0.053125 0.080556
0 0.146875 0.694444 0.096875 0.233333