0 0.728984 0.790833 0.151094 0.384444
0 0.758906 0.389028 0.124687 0.384722
0 0.421016 0.774167 0.234844 0.320000
0 0.358359 0.850833 0.207031 0.270556
0 0.330547 0.935139 0.217656 0.129722
0 0.519766 0.341111 0.140156 0.275556
0 0.603047 0.327917 0.113906 0.284167
0 0.676016 0.279722 0.152969 0.287778
0 0.730234 0.289861 0.138281 0.261389
0 0.550859 0.199306 0.137656 0.131389
0 0.701016 0.168889 0.164844 0.156111
0 0.677500 0.144444 0.126562 0.072222
0 0.426797 0.239722 0.148594 0.190556
0 0.338750 0.247639 0.095625 0.130278
0 0.360703 0.196944 0.081094 0.060000
0 0.273359 0.667917 0.134219 0.228056
0 0.192969 0.872778 0.148750 0.196111
0 0.097500 0.619722 0.082187 0.206667
0 0.273047 0.331389 0.090469 0.113333
0 0.279531 0.283611 0.059062 0.105000
0 0.239453 0.253889 0.058906 0.099444
0 0.202500 0.355833 0.028125 0.060556
0 0.246563 0.336389 0.038750 0.158333
0 0.278906 0.234722 0.053125 0.062778
0 0.295312 0.451667 0.135625 0.277778
0 0.152109 0.671806 0.128594 0.196944
0 0.135156 0.788750 0.064375 0.127500
0 0.190859 0.276111 0.067656 0.136111
0 0.216016 0.361667 0.034219 0.108333
0 0.228828 0.456389 0.041719 0.100556