0 0.567969 0.191250 0.160938 0.108611
0 0.570859 0.240139 0.162031 0.133611
0 0.617031 0.336667 0.125312 0.225556
0 0.680234 0.262639 0.089844 0.229167
0 0.741406 0.319167 0.102813 0.283333
0 0.773672 0.277222 0.071406 0.232222
0 0.296172 0.894583 0.190156 0.178611
0 0.388359 0.240833 0.096719 0.166667
0 0.101016 0.509028 0.063594 0.154167
0 0.414844 0.301111 0.124375 0.200556
0 0.558984 0.514444 0.157969 0.381111
0 0.066562 0.584167 0.047188 0.132778
0 0.146641 0.521667 0.083906 0.082222
0 0.664922 0.883333 0.142344 0.233333
0 0.105625 0.704722 0.039375 0.090556
0 0.436797 0.593472 0.130469 0.388611
0 0.345547 0.525000 0.152344 0.317222
0 0.370859 0.614444 0.152344 0.355556
0 0.471172 0.360000 0.106406 0.256111
0 0.434375 0.186667 0.128438 0.107222
0 0.295859 0.375139 0.127656 0.283611
0 0.270469 0.324444 0.084687 0.178889
0 0.543594 0.849306 0.139688 0.301389
0 0.239609 0.354028 0.057344 0.114722
0 0.281953 0.566944 0.153906 0.240000
0 0.176250 0.700972 0.136875 0.281944
0 0.586641 0.334167 0.148906 0.231111
0 0.201328 0.233750 0.077344 0.109167
0 0.261406 0.202222 0.078125 0.092778
0 0.314453 0.222917 0.127969 0.137500
0 0.127109 0.481667 0.035469 0.073333