0 0.576484 0.197361 0.162656 0.121944
0 0.577813 0.246806 0.164375 0.146944
0 0.596562 0.341667 0.183438 0.246111
0 0.686641 0.278750 0.095469 0.235278
0 0.748516 0.307500 0.105469 0.223889
0 0.779609 0.301389 0.077344 0.236667
0 0.106875 0.460000 0.053125 0.174444
0 0.285547 0.876389 0.193594 0.193889
0 0.420391 0.294028 0.128906 0.209722
0 0.558516 0.519583 0.167344 0.391944
0 0.068437 0.549583 0.062500 0.154722
0 0.152734 0.502083 0.086406 0.124722
0 0.125625 0.693611 0.115312 0.144444
0 0.434141 0.587917 0.140156 0.396944
0 0.369531 0.485833 0.132500 0.262222
0 0.367812 0.603056 0.160938 0.366111
0 0.475078 0.357500 0.112656 0.263333
0 0.396953 0.258194 0.141094 0.185278
0 0.311719 0.386667 0.159688 0.257222
0 0.353125 0.252778 0.123750 0.200556
0 0.648047 0.799861 0.152344 0.400278
0 0.442578 0.177083 0.132031 0.120833
0 0.218438 0.636528 0.132500 0.330278
0 0.262109 0.340972 0.083594 0.194722
0 0.297891 0.497083 0.149844 0.203611
0 0.224375 0.213889 0.049062 0.113889
0 0.713203 0.490000 0.175156 0.282222
0 0.329922 0.166667 0.119531 0.161667
0 0.266172 0.190694 0.069844 0.083056