0 0.529219 0.172361 0.163437 0.128611
0 0.537734 0.219444 0.165469 0.153333
0 0.569844 0.302083 0.185625 0.252500
0 0.647422 0.199306 0.098281 0.238056
0 0.713984 0.231250 0.113281 0.293056
0 0.740391 0.177917 0.080156 0.238611
0 0.348516 0.931250 0.195156 0.137500
0 0.359609 0.289444 0.102344 0.177222
0 0.111328 0.661111 0.069219 0.160556
0 0.392734 0.338194 0.131094 0.214167
0 0.559375 0.491528 0.171875 0.396944
0 0.086641 0.754583 0.054844 0.151389
0 0.184297 0.664722 0.057969 0.098333
0 0.709062 0.824722 0.151250 0.276111
0 0.139531 0.850278 0.042500 0.094444
0 0.449453 0.615694 0.144844 0.400833
0 0.359766 0.581250 0.151094 0.329722
0 0.387734 0.661111 0.165156 0.371111
0 0.454922 0.374167 0.115781 0.266667
0 0.285625 0.455833 0.137813 0.296667
0 0.286328 0.340694 0.117031 0.173056
0 0.223984 0.465000 0.053281 0.132222
0 0.284844 0.628750 0.163437 0.257500
0 0.401562 0.213889 0.148438 0.130000
0 0.202422 0.818611 0.138594 0.251111
0 0.748828 0.435417 0.133594 0.411389
0 0.191875 0.352639 0.050313 0.115278
0 0.230938 0.300278 0.080937 0.101667
0 0.305312 0.264306 0.110625 0.168611
0 0.127188 0.661389 0.053438 0.153889