0 0.444531 0.183333 0.157812 0.088889
0 0.439844 0.231944 0.157812 0.113889
0 0.414844 0.322222 0.170313 0.211111
0 0.329688 0.240278 0.081250 0.219444
0 0.266406 0.288889 0.092188 0.272222
0 0.235937 0.243056 0.062500 0.225000
0 0.898438 0.536111 0.031250 0.105556
0 0.687500 0.919444 0.184375 0.155556
0 0.621875 0.258333 0.090625 0.150000
0 0.592969 0.312500 0.117188 0.186111
0 0.440625 0.506944 0.143750 0.363889
0 0.925000 0.647222 0.053125 0.133333
0 0.853125 0.583333 0.100000 0.094444
0 0.858594 0.787500 0.107813 0.152778
0 0.559375 0.601389 0.115625 0.375000
0 0.651563 0.515278 0.184375 0.241667
0 0.624219 0.630556 0.139063 0.338889
0 0.534375 0.363889 0.096875 0.244444
0 0.701562 0.427778 0.137500 0.227778
0 0.667969 0.286111 0.101562 0.177778
0 0.535937 0.976389 0.053125 0.041667
0 0.768750 0.386111 0.046875 0.094444
0 0.315625 0.813889 0.221875 0.350000
0 0.578906 0.191667 0.126562 0.094444
0 0.769531 0.698611 0.095312 0.269444
0 0.746875 0.377778 0.068750 0.161111
0 0.721094 0.643056 0.107813 0.241667
0 0.248438 0.500000 0.103125 0.388889
0 0.792969 0.275000 0.042188 0.105556
0 0.771875 0.241667 0.031250 0.061111
0 0.735156 0.254167 0.064062 0.119444
0 0.878125 0.547222 0.043750 0.088889