0 0.577500 0.198194 0.162812 0.123611
0 0.578750 0.247500 0.164688 0.148333
0 0.596484 0.350972 0.185156 0.264167
0 0.687500 0.280694 0.096250 0.235833
0 0.732031 0.328611 0.087500 0.263889
0 0.780234 0.304444 0.077969 0.237222
0 0.110859 0.698889 0.081406 0.156667
0 0.204062 0.827917 0.165000 0.216389
0 0.314141 0.400417 0.167031 0.181389
0 0.248516 0.261111 0.068281 0.123889
0 0.398203 0.612639 0.111094 0.380278
0 0.495156 0.358750 0.142500 0.265278
0 0.380703 0.240694 0.112969 0.193611
0 0.690156 0.840417 0.168750 0.319167
0 0.372578 0.202361 0.075781 0.141944
0 0.382266 0.306806 0.108906 0.179167
0 0.467656 0.600417 0.115000 0.370278
0 0.751406 0.562500 0.112813 0.405000
0 0.287734 0.197083 0.095781 0.124722
0 0.288516 0.550000 0.152969 0.218889
0 0.237344 0.209444 0.072813 0.122222
0 0.453984 0.185833 0.139844 0.142778
0 0.188516 0.638056 0.128906 0.330000
0 0.501484 0.755139 0.226094 0.452500
0 0.120000 0.429306 0.066250 0.136944
0 0.337031 0.180278 0.068750 0.107778
0 0.445234 0.286111 0.117344 0.297778
0 0.278438 0.316944 0.069062 0.197222
0 0.237344 0.352222 0.056250 0.167222
0 0.067344 0.570139 0.101250 0.158611
0 0.145703 0.565417 0.125781 0.180278