0 0.559375 0.166111 0.166875 0.093889
0 0.564375 0.217500 0.166875 0.120556
0 0.590859 0.313056 0.180156 0.223333
0 0.680937 0.226389 0.085938 0.232222
0 0.747812 0.277917 0.097500 0.288056
0 0.780078 0.229306 0.066094 0.238056
0 0.302344 0.931250 0.195000 0.137500
0 0.371797 0.245417 0.095781 0.158611
0 0.066953 0.517222 0.054531 0.132222
0 0.402422 0.302917 0.123906 0.196944
0 0.563516 0.508611 0.152031 0.385000
0 0.051250 0.648056 0.056250 0.164444
0 0.128906 0.609722 0.109062 0.070556
0 0.691641 0.884167 0.140469 0.231667
0 0.097500 0.775694 0.039688 0.108611
0 0.437891 0.608333 0.122344 0.396667
0 0.347031 0.498194 0.218125 0.258611
0 0.369297 0.639167 0.147031 0.358333
0 0.464375 0.357083 0.102500 0.258611
0 0.280078 0.396667 0.123906 0.285000
0 0.302422 0.180694 0.082656 0.129167
0 0.590781 0.835694 0.213125 0.328611
0 0.229766 0.371806 0.076094 0.117500
0 0.244609 0.677500 0.128906 0.223333
0 0.417266 0.175000 0.133906 0.100000
0 0.275938 0.307222 0.046250 0.070556
0 0.175937 0.770000 0.143750 0.243889
0 0.766875 0.501250 0.109062 0.411389
0 0.190938 0.263056 0.044688 0.111667
0 0.236406 0.219028 0.079375 0.088056
0 0.268516 0.245417 0.100781 0.135278
0 0.100781 0.573194 0.056250 0.114722
0 0.137187 0.684861 0.132187 0.126389