0 0.694219 0.822222 0.178437 0.355556
0 0.765000 0.453056 0.131875 0.391111
0 0.388281 0.747778 0.237812 0.283889
0 0.327500 0.822083 0.220000 0.264722
0 0.294375 0.907500 0.225312 0.152778
0 0.531797 0.347500 0.145156 0.283333
0 0.615234 0.354583 0.119219 0.290278
0 0.676094 0.347222 0.141250 0.266111
0 0.736094 0.321806 0.147500 0.236944
0 0.573750 0.210139 0.135937 0.125278
0 0.400469 0.419167 0.116250 0.229444
0 0.707969 0.207361 0.177500 0.123611
0 0.445469 0.235139 0.154375 0.188611
0 0.381953 0.187639 0.136094 0.128056
0 0.274844 0.484861 0.147187 0.231389
0 0.177500 0.811389 0.162187 0.220000
0 0.097969 0.703056 0.063438 0.097778
0 0.351172 0.272083 0.089844 0.131944
0 0.140781 0.596528 0.121875 0.219167
0 0.272344 0.632222 0.188125 0.182778
0 0.178281 0.649861 0.104688 0.276944
0 0.310313 0.384306 0.136563 0.235278
0 0.290313 0.280972 0.069687 0.191944
0 0.274375 0.268750 0.086563 0.191944
0 0.260000 0.177361 0.067500 0.117500
0 0.211875 0.282778 0.023750 0.075000
0 0.247656 0.256111 0.063125 0.122222
0 0.118438 0.459306 0.022187 0.044722
0 0.231406 0.348611 0.041250 0.086111
0 0.300937 0.190694 0.086250 0.090278
0 0.122656 0.503194 0.053438 0.112500