0 0.555469 0.183333 0.157812 0.088889
0 0.560156 0.231944 0.157812 0.113889
0 0.577344 0.319444 0.182812 0.205556
0 0.670312 0.240278 0.081250 0.219444
0 0.733594 0.287500 0.092188 0.269444
0 0.764062 0.243056 0.062500 0.225000
0 0.157031 0.655556 0.057813 0.144444
0 0.169531 0.719444 0.085938 0.355556
0 0.307812 0.919444 0.190625 0.155556
0 0.366406 0.276389 0.123438 0.163889
0 0.107813 0.544444 0.040625 0.116667
0 0.401562 0.302778 0.106250 0.166667
0 0.558594 0.506944 0.142187 0.363889
0 0.064844 0.640278 0.035937 0.147222
0 0.226562 0.383333 0.043750 0.183333
0 0.141406 0.606944 0.079687 0.158333
0 0.682813 0.883333 0.150000 0.227778
0 0.089063 0.672222 0.043750 0.194444
0 0.440625 0.601389 0.115625 0.375000
0 0.317188 0.523611 0.162500 0.247222
0 0.360938 0.645833 0.131250 0.330556
0 0.331250 0.255556 0.103125 0.183333
0 0.452344 0.366667 0.101562 0.222222
0 0.432031 0.188889 0.104688 0.077778
0 0.678906 0.625000 0.245312 0.250000
0 0.303125 0.422222 0.125000 0.200000
0 0.207813 0.256944 0.075000 0.175000
0 0.307812 0.245833 0.059375 0.080556
0 0.228125 0.670833 0.096875 0.308333
0 0.250000 0.248611 0.081250 0.125000
0 0.118750 0.537500 0.034375 0.113889