0 0.742891 0.743611 0.179219 0.410000
0 0.742422 0.365000 0.162031 0.354444
0 0.443906 0.755833 0.240937 0.412222
0 0.377969 0.837500 0.213125 0.228333
0 0.360156 0.940417 0.223438 0.119167
0 0.512422 0.337222 0.149219 0.297222
0 0.588672 0.313194 0.163281 0.304167
0 0.604453 0.397361 0.183594 0.328611
0 0.528125 0.183333 0.140937 0.145556
0 0.692500 0.178333 0.169063 0.156667
0 0.664922 0.113333 0.162344 0.133333
0 0.412344 0.265556 0.145625 0.195000
0 0.312969 0.277917 0.096875 0.169722
0 0.352266 0.234028 0.084219 0.083611
0 0.288906 0.699028 0.154375 0.240278
0 0.202813 0.852500 0.137187 0.295000
0 0.103203 0.735556 0.052969 0.132778
0 0.256719 0.372083 0.047188 0.152500
0 0.223828 0.308472 0.073906 0.085833
0 0.238125 0.393056 0.050625 0.156111
0 0.200937 0.384306 0.068125 0.118611
0 0.299609 0.508750 0.170469 0.316944
0 0.187500 0.715000 0.081875 0.138889
0 0.149453 0.875417 0.078281 0.180278
0 0.287500 0.344722 0.067500 0.177222
0 0.369922 0.902778 0.225469 0.194444
0 0.212109 0.420556 0.047969 0.128889
0 0.238047 0.509861 0.053906 0.095833
0 0.160781 0.666667 0.085000 0.107778
0 0.111875 0.668333 0.066250 0.163333