0 0.282813 0.811111 0.146875 0.372222
0 0.244531 0.420833 0.126562 0.286111
0 0.472656 0.343056 0.126562 0.263889
0 0.396094 0.336111 0.139063 0.255556
0 0.598437 0.848611 0.206250 0.258333
0 0.482031 0.962500 0.123438 0.069444
0 0.753125 0.655556 0.118750 0.222222
0 0.279687 0.251389 0.153125 0.147222
0 0.310937 0.183333 0.184375 0.111111
0 0.565625 0.248611 0.137500 0.163889
0 0.675781 0.248611 0.085938 0.113889
0 0.628906 0.195833 0.092188 0.063889
0 0.665625 0.536111 0.162500 0.155556
0 0.815625 0.847222 0.109375 0.205556
0 0.913281 0.598611 0.060937 0.152778
0 0.714063 0.284722 0.046875 0.158333
0 0.754687 0.234722 0.068750 0.069444
0 0.740625 0.308333 0.040625 0.138889
0 0.782031 0.302778 0.067187 0.116667
0 0.703906 0.433333 0.110937 0.288889
0 0.838281 0.623611 0.092188 0.141667
0 0.882031 0.761111 0.070312 0.161111
0 0.337500 0.640278 0.243750 0.286111
0 0.689844 0.902778 0.207813 0.188889
0 0.655469 0.783333 0.210938 0.177778
0 0.582031 0.655556 0.229687 0.188889
0 0.772656 0.343056 0.039062 0.130556
0 0.760156 0.427778 0.048438 0.100000
0 0.799219 0.338889 0.023438 0.055556
0 0.879687 0.561111 0.043750 0.094444
0 0.888281 0.505556 0.029687 0.038889
0 0.862500 0.591667 0.065625 0.094444