0 0.444531 0.183333 0.157812 0.088889
0 0.439844 0.231944 0.157812 0.113889
0 0.414844 0.330556 0.170313 0.227778
0 0.329688 0.240278 0.081250 0.219444
0 0.282031 0.277778 0.070312 0.250000
0 0.235937 0.243056 0.062500 0.225000
0 0.882031 0.643056 0.067187 0.141667
0 0.687500 0.911111 0.184375 0.172222
0 0.592969 0.308333 0.117188 0.177778
0 0.925000 0.641667 0.053125 0.144444
0 0.841406 0.559722 0.082812 0.091667
0 0.858594 0.772222 0.107813 0.122222
0 0.617188 0.461111 0.118750 0.155556
0 0.610156 0.643056 0.114062 0.363889
0 0.521094 0.363889 0.123438 0.244444
0 0.611719 0.287500 0.117188 0.147222
0 0.699219 0.451389 0.135937 0.241667
0 0.662500 0.293056 0.112500 0.163889
0 0.696875 0.391667 0.131250 0.200000
0 0.514844 0.608333 0.164062 0.350000
0 0.578906 0.191667 0.126562 0.094444
0 0.251563 0.505556 0.112500 0.388889
0 0.740625 0.345833 0.053125 0.091667
0 0.733594 0.654167 0.123438 0.219444
0 0.792969 0.275000 0.042188 0.105556
0 0.771875 0.401389 0.050000 0.158333
0 0.651563 0.847222 0.200000 0.244444
0 0.684375 0.597222 0.115625 0.222222
0 0.749219 0.234722 0.082812 0.086111
0 0.680469 0.219444 0.101562 0.105556