0 0.532344 0.173333 0.162812 0.123889
0 0.540469 0.220417 0.164688 0.148611
0 0.563516 0.299306 0.195469 0.236944
0 0.650312 0.203889 0.096250 0.236111
0 0.716562 0.237917 0.110937 0.290833
0 0.743594 0.185278 0.078125 0.237222
0 0.344062 0.930278 0.194062 0.139444
0 0.359141 0.315139 0.134531 0.174167
0 0.109844 0.649028 0.067812 0.159167
0 0.394297 0.335000 0.129531 0.211111
0 0.553281 0.494722 0.156250 0.390556
0 0.084531 0.734861 0.050938 0.136389
0 0.156797 0.656528 0.087344 0.111944
0 0.705859 0.831250 0.149219 0.272500
0 0.157578 0.863750 0.097969 0.174167
0 0.448437 0.614028 0.141562 0.398056
0 0.362109 0.576111 0.139219 0.324444
0 0.381484 0.658611 0.147031 0.369444
0 0.456172 0.372778 0.113594 0.264444
0 0.400703 0.215972 0.130469 0.119167
0 0.286016 0.449306 0.135469 0.293611
0 0.291250 0.313750 0.114062 0.185833
0 0.566250 0.817361 0.183438 0.365278
0 0.221953 0.455417 0.044531 0.088611
0 0.268516 0.282500 0.047969 0.073333
0 0.276094 0.639306 0.162187 0.240278
0 0.211094 0.817778 0.125312 0.299444
0 0.176016 0.387639 0.071719 0.127500
0 0.230938 0.275556 0.060937 0.106111
0 0.204453 0.333333 0.068594 0.148333
0 0.127500 0.611667 0.031250 0.075000