0 0.700000 0.785694 0.134688 0.341389
0 0.732187 0.442917 0.121875 0.293056
0 0.428437 0.716667 0.193437 0.326111
0 0.366719 0.772917 0.173437 0.158056
0 0.333828 0.895000 0.196406 0.122222
0 0.525859 0.356250 0.116094 0.241944
0 0.590391 0.355000 0.116094 0.244444
0 0.653438 0.352500 0.110312 0.203889
0 0.530156 0.920694 0.144687 0.071389
0 0.553125 0.221389 0.121875 0.099444
0 0.702109 0.254444 0.147656 0.109444
0 0.682734 0.194583 0.143281 0.081389
0 0.441250 0.269583 0.124687 0.145278
0 0.343828 0.269722 0.081719 0.109444
0 0.386172 0.218611 0.088906 0.048333
0 0.292891 0.623889 0.126094 0.186111
0 0.202734 0.775556 0.154844 0.173333
0 0.123828 0.579306 0.060156 0.168056
0 0.299375 0.313056 0.044375 0.160556
0 0.267188 0.256806 0.063125 0.063611
0 0.230625 0.347361 0.021563 0.040833
0 0.277891 0.325833 0.035781 0.130000
0 0.319453 0.442917 0.133281 0.272500
0 0.243437 0.301528 0.061562 0.071389
0 0.197656 0.640278 0.075938 0.173333
0 0.148203 0.732083 0.060156 0.137500
0 0.348828 0.837639 0.192031 0.155278
0 0.248516 0.351111 0.028594 0.104444
0 0.266484 0.436667 0.050156 0.086667
0 0.172578 0.592083 0.074531 0.127500
0 0.151094 0.543472 0.037187 0.076389
0 0.148203 0.506667 0.025781 0.038333