0 0.698281 0.784583 0.134063 0.339722
0 0.732500 0.438750 0.116875 0.281389
0 0.525078 0.357639 0.115469 0.240833
0 0.594844 0.351111 0.126875 0.233333
0 0.383125 0.848056 0.199687 0.157222
0 0.516484 0.922778 0.112656 0.063333
0 0.192031 0.604861 0.088438 0.136944
0 0.701094 0.273889 0.139688 0.134444
0 0.311875 0.361250 0.111250 0.213056
0 0.442422 0.270000 0.129844 0.157222
0 0.341797 0.270000 0.082656 0.086111
0 0.380234 0.221806 0.082656 0.060833
0 0.329688 0.443750 0.149688 0.195278
0 0.217031 0.806389 0.101250 0.180000
0 0.124375 0.585694 0.055625 0.159722
0 0.300469 0.275139 0.022812 0.065833
0 0.261172 0.267639 0.049844 0.050833
0 0.280547 0.305417 0.028594 0.106389
0 0.244141 0.318194 0.047031 0.091389
0 0.305469 0.210417 0.078438 0.088611
0 0.151484 0.739028 0.064219 0.146944
0 0.334687 0.574167 0.154062 0.167222
0 0.329609 0.891111 0.178281 0.126667
0 0.357422 0.753056 0.191094 0.175000
0 0.266250 0.634028 0.085625 0.235833
0 0.256172 0.356389 0.037031 0.121667
0 0.267734 0.445000 0.051406 0.111667
0 0.226250 0.347500 0.022812 0.058333
0 0.145703 0.505833 0.027031 0.035556
0 0.164141 0.617500 0.027031 0.040556
0 0.152109 0.568056 0.037031 0.098889