0 0.720156 0.788472 0.173125 0.388611
0 0.758359 0.385139 0.126406 0.386389
0 0.410234 0.787778 0.235469 0.301111
0 0.355547 0.863056 0.216719 0.255000
0 0.329766 0.942500 0.223906 0.115000
0 0.518984 0.340694 0.141406 0.277500
0 0.602109 0.326528 0.115156 0.285833
0 0.674687 0.295139 0.158438 0.276389
0 0.729141 0.285139 0.130156 0.265278
0 0.549375 0.198333 0.138125 0.133333
0 0.704609 0.180694 0.171406 0.150833
0 0.690781 0.143194 0.159688 0.083056
0 0.421797 0.245278 0.150156 0.167778
0 0.356172 0.200694 0.106406 0.066389
0 0.332266 0.258889 0.106719 0.121667
0 0.290937 0.615278 0.161875 0.191111
0 0.211953 0.897778 0.154531 0.204444
0 0.088828 0.656111 0.084219 0.193889
0 0.147578 0.702917 0.087344 0.244167
0 0.178750 0.627222 0.108438 0.174444
0 0.311484 0.457361 0.171094 0.236389
0 0.277891 0.316250 0.067344 0.153611
0 0.256094 0.296250 0.060937 0.103056
0 0.236641 0.255139 0.065781 0.106389
0 0.197813 0.355139 0.020625 0.060278
0 0.225937 0.330000 0.051250 0.091111
0 0.273750 0.241528 0.067500 0.065278
0 0.208672 0.402917 0.013594 0.034722
0 0.242266 0.420139 0.058906 0.180278
0 0.128750 0.796667 0.058750 0.130556
0 0.121250 0.592917 0.036562 0.070278
0 0.119063 0.551250 0.015000 0.029167