0 0.710156 0.811111 0.160938 0.372222
0 0.761719 0.412500 0.114062 0.375000
0 0.400781 0.763889 0.226562 0.250000
0 0.343750 0.847222 0.209375 0.233333
0 0.314844 0.937500 0.220312 0.119444
0 0.524219 0.343056 0.132812 0.263889
0 0.607812 0.337500 0.106250 0.275000
0 0.664062 0.305556 0.109375 0.288889
0 0.735938 0.309722 0.128125 0.247222
0 0.607812 0.169444 0.031250 0.055556
0 0.528125 0.218056 0.168750 0.180556
0 0.692969 0.176389 0.173437 0.097222
0 0.432812 0.244444 0.146875 0.166667
0 0.367188 0.206944 0.131250 0.108333
0 0.287500 0.519444 0.162500 0.211111
0 0.196094 0.851389 0.151562 0.197222
0 0.340625 0.295833 0.084375 0.119444
0 0.146875 0.651389 0.112500 0.202778
0 0.283594 0.672222 0.173437 0.177778
0 0.187500 0.697222 0.090625 0.266667
0 0.310156 0.418056 0.145313 0.191667
0 0.277344 0.318056 0.060937 0.175000
0 0.264844 0.306944 0.067187 0.180556
0 0.245312 0.227778 0.062500 0.100000
0 0.204687 0.327778 0.018750 0.061111
0 0.236719 0.295833 0.057813 0.113889
0 0.119531 0.516667 0.017188 0.038889
0 0.292187 0.219444 0.081250 0.072222
0 0.221875 0.377778 0.034375 0.066667
0 0.128906 0.562500 0.060937 0.108333