0 0.691719 0.783472 0.147187 0.340278
0 0.738750 0.419028 0.104375 0.343056
0 0.420156 0.742778 0.207187 0.274444
0 0.356484 0.816389 0.191406 0.213333
0 0.330078 0.899028 0.201406 0.109167
0 0.521641 0.355417 0.121406 0.241389
0 0.598125 0.350139 0.097188 0.251389
0 0.665859 0.322361 0.135781 0.205833
0 0.715859 0.331389 0.118594 0.238889
0 0.553750 0.228472 0.122812 0.109167
0 0.692344 0.233611 0.154375 0.114444
0 0.681641 0.185139 0.132969 0.073611
0 0.437266 0.257778 0.132969 0.132222
0 0.355781 0.266389 0.090000 0.093889
0 0.382266 0.208056 0.091406 0.048333
0 0.288047 0.608194 0.125781 0.157500
0 0.209297 0.813889 0.131406 0.167778
0 0.119375 0.570139 0.060000 0.152500
0 0.273594 0.387083 0.062813 0.193056
0 0.302969 0.281667 0.044375 0.083889
0 0.265156 0.260278 0.060000 0.096667
0 0.230078 0.339028 0.021406 0.050833
0 0.271484 0.312083 0.038594 0.104167
0 0.308594 0.237361 0.052812 0.050833
0 0.312891 0.429167 0.118594 0.261667
0 0.180078 0.645000 0.115781 0.221111
0 0.150078 0.511528 0.024219 0.050833
0 0.204375 0.311111 0.027187 0.030556
0 0.242266 0.356667 0.028594 0.101667
0 0.257969 0.436667 0.040000 0.088889