0 0.729531 0.764583 0.184688 0.403611
0 0.753984 0.357917 0.138281 0.396389
0 0.417812 0.752500 0.239063 0.235556
0 0.367969 0.869861 0.223438 0.260278
0 0.345391 0.945417 0.226719 0.109167
0 0.513516 0.339167 0.149531 0.290000
0 0.596172 0.315833 0.123906 0.295556
0 0.659219 0.281528 0.147812 0.265278
0 0.727344 0.243194 0.139375 0.276944
0 0.516719 0.835000 0.197500 0.330000
0 0.538984 0.189583 0.137344 0.132500
0 0.671484 0.137639 0.175156 0.126944
0 0.416563 0.264583 0.154062 0.198611
0 0.346484 0.241667 0.132031 0.120556
0 0.294297 0.459861 0.127656 0.260833
0 0.220625 0.901111 0.161250 0.197778
0 0.132109 0.843750 0.067969 0.123056
0 0.325703 0.318889 0.081094 0.115000
0 0.163828 0.708472 0.135469 0.219167
0 0.299922 0.661389 0.157344 0.248333
0 0.227109 0.746806 0.101406 0.279722
0 0.337969 0.548472 0.175937 0.205833
0 0.278672 0.344028 0.053281 0.155278
0 0.253359 0.353889 0.068906 0.183333
0 0.231719 0.277083 0.075625 0.124722
0 0.192734 0.376528 0.026406 0.073611
0 0.221719 0.340833 0.065938 0.117222
0 0.132969 0.611667 0.027813 0.049444
0 0.272422 0.261806 0.064844 0.076389
0 0.215625 0.423194 0.040938 0.084722