0 0.554531 0.187083 0.156250 0.088056
0 0.559219 0.235278 0.156250 0.112778
0 0.583984 0.332778 0.168594 0.225556
0 0.668203 0.243333 0.080469 0.217222
0 0.715391 0.280417 0.069531 0.247500
0 0.761094 0.246111 0.061875 0.222778
0 0.200312 0.702778 0.094375 0.283333
0 0.314063 0.464722 0.157812 0.275000
0 0.238203 0.305139 0.052656 0.076944
0 0.407656 0.634028 0.085000 0.360278
0 0.485000 0.362917 0.125312 0.236389
0 0.388203 0.280556 0.136094 0.153889
0 0.712422 0.820694 0.143906 0.343611
0 0.342656 0.254444 0.119063 0.112778
0 0.407656 0.323333 0.150000 0.173333
0 0.474844 0.606250 0.089688 0.349167
0 0.421563 0.200694 0.125312 0.082500
0 0.750937 0.506111 0.085000 0.385000
0 0.243750 0.385000 0.066562 0.159444
0 0.293203 0.346528 0.072656 0.181389
0 0.209609 0.290139 0.041719 0.079722
0 0.262266 0.643611 0.143906 0.286111
0 0.515078 0.756250 0.191719 0.401389
0 0.240547 0.236528 0.051094 0.088056
0 0.314141 0.224306 0.145469 0.200833
0 0.154766 0.585833 0.074219 0.110000
0 0.160156 0.756250 0.063438 0.241944
0 0.076641 0.643472 0.106719 0.126389
0 0.140078 0.666944 0.082031 0.096111
0 0.115234 0.743889 0.047969 0.101667