0 0.498437 0.836111 0.153125 0.305556
0 0.287500 0.290278 0.159375 0.202778
0 0.157812 0.295833 0.068750 0.169444
0 0.235937 0.188889 0.121875 0.105556
0 0.642188 0.701389 0.150000 0.119444
0 0.756250 0.718056 0.071875 0.080556
0 0.587500 0.341667 0.065625 0.088889
0 0.635938 0.368056 0.065625 0.080556
0 0.575781 0.431944 0.060937 0.113889
0 0.696094 0.436111 0.070312 0.138889
0 0.687500 0.484722 0.068750 0.108333
0 0.439063 0.690278 0.181250 0.241667
0 0.178906 0.708333 0.148438 0.455556
0 0.387500 0.298611 0.165625 0.102778
0 0.294531 0.469444 0.167187 0.227778
0 0.341406 0.961111 0.110937 0.066667
0 0.571094 0.933333 0.104688 0.127778
0 0.429688 0.429167 0.137500 0.225000
0 0.518750 0.468056 0.081250 0.252778
0 0.301563 0.745833 0.137500 0.502778
0 0.182812 0.393056 0.106250 0.269444
0 0.218750 0.262500 0.115625 0.213889
0 0.392188 0.395833 0.112500 0.175000
0 0.399219 0.245833 0.114062 0.086111
0 0.741406 0.541667 0.064062 0.105556
0 0.786719 0.604167 0.054688 0.108333
0 0.804688 0.770833 0.065625 0.075000
0 0.517969 0.322222 0.126562 0.150000
0 0.749219 0.630556 0.076563 0.127778