0 0.744141 0.739722 0.180781 0.411667
0 0.741719 0.361250 0.163437 0.355833
0 0.445234 0.756944 0.242344 0.415000
0 0.384922 0.837778 0.202969 0.227778
0 0.362500 0.940694 0.223750 0.118611
0 0.511719 0.336944 0.150313 0.298889
0 0.587656 0.311806 0.164375 0.305833
0 0.603906 0.395694 0.184688 0.330833
0 0.526641 0.182917 0.141406 0.147500
0 0.690937 0.175556 0.169375 0.158889
0 0.663125 0.110833 0.162500 0.135556
0 0.412109 0.267917 0.150469 0.195278
0 0.320312 0.295000 0.091563 0.126667
0 0.350078 0.242083 0.091094 0.091944
0 0.289922 0.702361 0.155156 0.241944
0 0.216250 0.806944 0.160000 0.291111
0 0.103516 0.726389 0.064531 0.139444
0 0.263906 0.366389 0.064687 0.187222
0 0.222812 0.311528 0.073438 0.078611
0 0.237344 0.377500 0.047500 0.118333
0 0.199375 0.386389 0.067500 0.124444
0 0.303125 0.497917 0.179688 0.339722
0 0.186797 0.749722 0.104531 0.212778
0 0.147578 0.867639 0.081094 0.186944
0 0.211953 0.441528 0.052031 0.103611
0 0.372109 0.903056 0.226094 0.193889
0 0.210000 0.398750 0.029063 0.067500
0 0.239141 0.516528 0.056406 0.102500
0 0.156484 0.667639 0.086406 0.119722
0 0.103359 0.636111 0.068906 0.108889