0 0.718516 0.814722 0.166406 0.370556
0 0.771797 0.409583 0.117969 0.387500
0 0.405078 0.736944 0.247031 0.186667
0 0.339609 0.858889 0.216406 0.241111
0 0.309766 0.945278 0.227656 0.109444
0 0.526328 0.338056 0.137344 0.272778
0 0.612578 0.332083 0.109844 0.284167
0 0.679609 0.310694 0.137344 0.246944
0 0.752422 0.286250 0.127656 0.261389
0 0.484297 0.844861 0.195469 0.310278
0 0.562500 0.190139 0.135625 0.109167
0 0.702266 0.165694 0.176094 0.094722
0 0.431797 0.240417 0.148594 0.175278
0 0.361484 0.201528 0.130781 0.097500
0 0.292812 0.414028 0.116250 0.246944
0 0.186250 0.858889 0.155000 0.189444
0 0.099766 0.772917 0.062969 0.114722
0 0.334844 0.276111 0.077500 0.103333
0 0.111953 0.507222 0.022656 0.037222
0 0.141953 0.640833 0.127656 0.201111
0 0.284766 0.622361 0.148594 0.226944
0 0.204062 0.693889 0.087188 0.272778
0 0.331562 0.514583 0.171250 0.178056
0 0.284766 0.287778 0.045156 0.155000
0 0.259687 0.296389 0.056563 0.183889
0 0.241172 0.212917 0.071094 0.114722
0 0.195156 0.310694 0.020938 0.074722
0 0.226641 0.276250 0.061406 0.109167
0 0.116016 0.540417 0.024219 0.045833
0 0.283984 0.205833 0.062969 0.066111
0 0.214531 0.362361 0.037187 0.074722