0 0.705859 0.820278 0.159531 0.359444
0 0.753281 0.465417 0.145313 0.333611
0 0.413047 0.727083 0.222969 0.378056
0 0.343906 0.780556 0.194687 0.192778
0 0.303359 0.909722 0.218281 0.156667
0 0.532734 0.346389 0.135469 0.277222
0 0.610000 0.353611 0.149688 0.281667
0 0.614844 0.441528 0.169063 0.303056
0 0.567578 0.202778 0.136406 0.122778
0 0.728203 0.263472 0.164531 0.128611
0 0.709688 0.189028 0.159062 0.105833
0 0.444922 0.237917 0.142656 0.170278
0 0.352187 0.226389 0.086250 0.111667
0 0.387969 0.187222 0.088125 0.076111
0 0.269141 0.609583 0.144219 0.217500
0 0.160781 0.778333 0.151875 0.212778
0 0.287969 0.271944 0.054375 0.180000
0 0.255156 0.201806 0.070625 0.065833
0 0.260859 0.287222 0.047344 0.154444
0 0.227500 0.258472 0.066875 0.090278
0 0.308750 0.416250 0.163125 0.313611
0 0.162578 0.612917 0.093906 0.198056
0 0.081563 0.513750 0.062813 0.197500
0 0.320000 0.858750 0.218125 0.195278
0 0.231016 0.313194 0.038906 0.134167
0 0.244141 0.407917 0.051406 0.094167
0 0.142813 0.531528 0.064375 0.109167
0 0.106328 0.474861 0.047031 0.101944