0 0.444531 0.183333 0.157812 0.088889
0 0.439844 0.231944 0.157812 0.113889
0 0.414844 0.330556 0.170313 0.227778
0 0.329688 0.240278 0.081250 0.219444
0 0.282031 0.277778 0.070312 0.250000
0 0.235937 0.243056 0.062500 0.225000
0 0.876563 0.775000 0.062500 0.127778
0 0.664844 0.794444 0.139063 0.372222
0 0.691406 0.419444 0.157812 0.194444
0 0.762500 0.311111 0.046875 0.088889
0 0.592969 0.634722 0.085938 0.363889
0 0.514844 0.361111 0.126562 0.238889
0 0.616406 0.280556 0.142187 0.161111
0 0.285156 0.823611 0.145313 0.347222
0 0.639062 0.237500 0.062500 0.136111
0 0.585938 0.320833 0.134375 0.175000
0 0.525000 0.606944 0.090625 0.352778
0 0.246094 0.505556 0.085938 0.388889
0 0.749219 0.383333 0.070312 0.177778
0 0.700781 0.527778 0.132812 0.205556
0 0.781250 0.270833 0.065625 0.108333
0 0.567969 0.198611 0.132812 0.113889
0 0.767969 0.656944 0.082812 0.219444
0 0.478125 0.768056 0.193750 0.402778
0 0.882031 0.537500 0.054688 0.108333
0 0.687500 0.225000 0.068750 0.100000
0 0.625781 0.166667 0.110937 0.122222
0 0.809375 0.594444 0.056250 0.100000
0 0.809375 0.720833 0.093750 0.280556
0 0.920312 0.620833 0.068750 0.208333
0 0.860156 0.679167 0.092188 0.108333