0 0.720547 0.787361 0.173594 0.389167
0 0.758125 0.383889 0.126875 0.386667
0 0.410547 0.788056 0.235781 0.302222
0 0.356016 0.863750 0.217031 0.255833
0 0.330312 0.942639 0.224062 0.114722
0 0.518672 0.340694 0.141719 0.278056
0 0.602031 0.326111 0.115625 0.286111
0 0.674063 0.284722 0.158125 0.257778
0 0.727422 0.284306 0.136719 0.266389
0 0.548984 0.198056 0.138281 0.133889
0 0.681641 0.162917 0.171719 0.156944
0 0.424141 0.234306 0.156719 0.174722
0 0.356797 0.233194 0.123594 0.115833
0 0.357344 0.180278 0.073125 0.049444
0 0.290937 0.545139 0.154688 0.204722
0 0.207422 0.889722 0.152031 0.218333
0 0.334453 0.309444 0.086719 0.125556
0 0.298516 0.691806 0.174219 0.184722
0 0.155000 0.685278 0.136250 0.208333
0 0.307188 0.445972 0.169375 0.223056
0 0.276172 0.343750 0.073281 0.184722
0 0.254141 0.339167 0.063594 0.175556
0 0.236328 0.256111 0.065781 0.106667
0 0.197578 0.357917 0.020781 0.063056
0 0.231094 0.329028 0.060313 0.128056
0 0.122344 0.555417 0.024688 0.041389
0 0.280391 0.241528 0.072344 0.071389
0 0.217656 0.416944 0.029063 0.075000
0 0.117969 0.610000 0.060625 0.092222