0 0.717187 0.811111 0.146875 0.372222
0 0.754687 0.431944 0.128125 0.308333
0 0.527344 0.343056 0.126562 0.263889
0 0.603906 0.336111 0.139063 0.255556
0 0.359375 0.876389 0.225000 0.158333
0 0.528906 0.962500 0.104688 0.069444
0 0.720313 0.251389 0.153125 0.147222
0 0.297656 0.404167 0.126562 0.263889
0 0.442188 0.229167 0.131250 0.163889
0 0.336719 0.241667 0.076563 0.100000
0 0.345313 0.190278 0.050000 0.047222
0 0.260937 0.584722 0.165625 0.208333
0 0.189844 0.841667 0.110937 0.183333
0 0.092969 0.563889 0.057813 0.111111
0 0.290625 0.272222 0.040625 0.138889
0 0.244531 0.236111 0.070312 0.077778
0 0.260156 0.302778 0.035937 0.144444
0 0.219531 0.300000 0.051562 0.100000
0 0.415625 0.227778 0.137500 0.138889
0 0.117969 0.761111 0.070312 0.161111
0 0.220312 0.708333 0.100000 0.188889
0 0.313281 0.927778 0.195312 0.138889
0 0.348438 0.772222 0.200000 0.200000
0 0.150000 0.651389 0.090625 0.219444
0 0.231250 0.338889 0.037500 0.133333
0 0.578906 0.151389 0.173437 0.141667
0 0.201563 0.336111 0.021875 0.061111
0 0.111719 0.505556 0.029687 0.038889
0 0.142187 0.590278 0.043750 0.086111
0 0.117188 0.577778 0.043750 0.105556
0 0.097656 0.619444 0.042188 0.094444
0 0.238281 0.430556 0.051562 0.077778