0 0.289844 0.811111 0.160938 0.372222
0 0.238281 0.412500 0.114062 0.375000
0 0.599219 0.777778 0.226562 0.277778
0 0.656250 0.847222 0.209375 0.233333
0 0.685156 0.937500 0.220312 0.119444
0 0.475781 0.343056 0.132812 0.263889
0 0.392188 0.337500 0.106250 0.275000
0 0.318750 0.304167 0.150000 0.241667
0 0.265625 0.309722 0.128125 0.252778
0 0.440625 0.204167 0.134375 0.119444
0 0.307031 0.183333 0.167187 0.138889
0 0.566406 0.226389 0.151562 0.158333
0 0.633594 0.218056 0.120313 0.102778
0 0.631250 0.165278 0.071875 0.041667
0 0.710156 0.522222 0.148438 0.188889
0 0.805469 0.856944 0.145313 0.202778
0 0.658594 0.291667 0.082812 0.116667
0 0.707812 0.669444 0.168750 0.166667
0 0.850781 0.647222 0.129688 0.194444
0 0.690625 0.425000 0.162500 0.205556
0 0.717969 0.319444 0.067187 0.177778
0 0.739844 0.312500 0.057813 0.169444
0 0.754687 0.227778 0.062500 0.100000
0 0.796875 0.325000 0.018750 0.061111
0 0.762500 0.300000 0.056250 0.122222
0 0.878906 0.513889 0.023438 0.038889
0 0.710156 0.218056 0.070312 0.063889
0 0.778906 0.386111 0.026562 0.072222
0 0.885156 0.568056 0.057813 0.086111