0 0.717187 0.811111 0.146875 0.372222
0 0.753906 0.437500 0.129688 0.319444
0 0.421094 0.736111 0.210938 0.355556
0 0.353906 0.797222 0.189062 0.172222
0 0.317969 0.930556 0.214062 0.133333
0 0.527344 0.343056 0.126562 0.263889
0 0.604688 0.341667 0.140625 0.266667
0 0.661719 0.345833 0.151562 0.213889
0 0.532031 0.958333 0.157812 0.077778
0 0.557031 0.195833 0.132812 0.108333
0 0.719531 0.231944 0.160938 0.119444
0 0.698438 0.166667 0.156250 0.088889
0 0.435156 0.248611 0.135937 0.158333
0 0.327344 0.247222 0.092188 0.127778
0 0.375000 0.193056 0.096875 0.052778
0 0.273438 0.634722 0.137500 0.202778
0 0.203125 0.750000 0.125000 0.311111
0 0.085938 0.600000 0.056250 0.177778
0 0.280469 0.295833 0.048438 0.175000
0 0.245312 0.234722 0.068750 0.069444
0 0.205469 0.336111 0.023438 0.050000
0 0.255469 0.312500 0.039062 0.147222
0 0.302344 0.437500 0.145313 0.297222
0 0.219531 0.283333 0.067187 0.077778
0 0.167969 0.659722 0.079687 0.175000
0 0.115625 0.752778 0.065625 0.150000
0 0.332813 0.865278 0.206250 0.180556
0 0.225000 0.337500 0.031250 0.113889
0 0.244531 0.430556 0.054688 0.094444
0 0.149219 0.601389 0.085938 0.141667
0 0.116406 0.551389 0.035937 0.080556
0 0.114062 0.508333 0.018750 0.038889