0 0.728906 0.816667 0.154688 0.366667
0 0.768437 0.429861 0.135000 0.324722
0 0.528828 0.336528 0.133281 0.278056
0 0.609453 0.329028 0.146406 0.269167
0 0.365234 0.902361 0.230469 0.181389
0 0.519063 0.976111 0.130000 0.047778
0 0.138047 0.611389 0.088906 0.143333
0 0.732187 0.239722 0.161250 0.155000
0 0.699297 0.168194 0.194219 0.116944
0 0.431016 0.236806 0.144844 0.172500
0 0.316641 0.232500 0.083906 0.111111
0 0.364297 0.179722 0.097031 0.064444
0 0.282891 0.434306 0.151406 0.304167
0 0.173437 0.854167 0.116875 0.207778
0 0.066484 0.599722 0.064219 0.184444
0 0.286094 0.269167 0.055937 0.143333
0 0.230156 0.217778 0.069062 0.064444
0 0.252422 0.296944 0.041094 0.152222
0 0.212891 0.269167 0.070781 0.143333
0 0.097656 0.776806 0.074063 0.169722
0 0.465469 0.603889 0.148125 0.298333
0 0.294297 0.936667 0.194219 0.126667
0 0.338906 0.785417 0.227188 0.216389
0 0.224375 0.671389 0.110312 0.228333
0 0.217734 0.349583 0.041094 0.105278
0 0.227734 0.428611 0.051094 0.099444
0 0.184141 0.324722 0.026406 0.067222
0 0.096094 0.583472 0.044375 0.128611
0 0.091094 0.507361 0.031250 0.040833
0 0.112578 0.630556 0.027969 0.064444