0 0.719297 0.821806 0.147344 0.356389
0 0.756875 0.437361 0.128438 0.323056
0 0.527344 0.344028 0.130000 0.264722
0 0.619766 0.341250 0.167656 0.248056
0 0.363594 0.879167 0.210000 0.158889
0 0.530469 0.965278 0.105000 0.069444
0 0.722422 0.252222 0.153594 0.147778
0 0.301719 0.404028 0.126875 0.284167
0 0.409766 0.246667 0.076719 0.158889
0 0.343281 0.245139 0.084687 0.094722
0 0.366719 0.193750 0.090938 0.058611
0 0.271172 0.606111 0.150469 0.175556
0 0.189688 0.840000 0.109688 0.175556
0 0.093984 0.562639 0.050156 0.105833
0 0.290703 0.271667 0.042344 0.142222
0 0.245234 0.236806 0.070469 0.078056
0 0.262578 0.300694 0.042344 0.139167
0 0.220234 0.302361 0.054844 0.103056
0 0.504609 0.208889 0.162969 0.195000
0 0.118359 0.763333 0.070469 0.161667
0 0.223281 0.713056 0.098750 0.217222
0 0.314219 0.930417 0.195938 0.139167
0 0.349531 0.774444 0.200625 0.200556
0 0.147344 0.667222 0.103438 0.231111
0 0.231953 0.339861 0.037656 0.133611
0 0.709922 0.143611 0.162969 0.192222
0 0.202188 0.337083 0.021875 0.061389
0 0.112109 0.506944 0.029844 0.038889
0 0.142578 0.592083 0.043906 0.086389
0 0.117578 0.579583 0.043906 0.105833
0 0.068984 0.647639 0.053281 0.091944
0 0.242891 0.426250 0.043906 0.083611