0 0.585469 0.205278 0.164062 0.136111
0 0.585313 0.254444 0.166563 0.160556
0 0.594141 0.341806 0.199219 0.250278
0 0.693047 0.296389 0.101406 0.241111
0 0.754375 0.325417 0.109688 0.219722
0 0.785000 0.327917 0.083437 0.240833
0 0.274609 0.855417 0.196719 0.209722
0 0.396250 0.249167 0.137500 0.183333
0 0.111484 0.402917 0.047344 0.086389
0 0.426563 0.286806 0.133438 0.219167
0 0.551719 0.523194 0.164688 0.398611
0 0.057813 0.504444 0.049688 0.156111
0 0.127109 0.533333 0.126406 0.193333
0 0.641328 0.891944 0.154531 0.216111
0 0.081328 0.514861 0.070469 0.199722
0 0.431719 0.581667 0.150313 0.405000
0 0.312422 0.447222 0.201406 0.333333
0 0.348828 0.600972 0.161406 0.365833
0 0.467813 0.351806 0.126875 0.273056
0 0.454141 0.169861 0.126094 0.113611
0 0.251250 0.288611 0.080625 0.181667
0 0.340234 0.214722 0.138281 0.236667
0 0.715781 0.523472 0.219687 0.336389
0 0.310625 0.328056 0.136875 0.238889
0 0.194844 0.602361 0.144063 0.341944
0 0.257969 0.211528 0.082812 0.129167
0 0.269219 0.145972 0.068125 0.100833
0 0.213047 0.193333 0.051719 0.101111
0 0.129766 0.434028 0.039844 0.115833