0 0.716328 0.809167 0.146094 0.370000
0 0.760469 0.437639 0.113437 0.317500
0 0.421875 0.742917 0.209687 0.336944
0 0.349609 0.795278 0.198906 0.171111
0 0.319219 0.927917 0.212812 0.132500
0 0.524297 0.344028 0.132031 0.262500
0 0.607500 0.342639 0.105625 0.265278
0 0.706250 0.319028 0.175625 0.163056
0 0.557734 0.205833 0.136719 0.118889
0 0.713984 0.223611 0.150781 0.099444
0 0.700781 0.170000 0.161562 0.091111
0 0.434297 0.233333 0.135156 0.179444
0 0.339453 0.245833 0.072969 0.121667
0 0.365156 0.189167 0.099375 0.085556
0 0.268047 0.650417 0.135156 0.168611
0 0.163828 0.816111 0.128906 0.173889
0 0.096406 0.581389 0.065312 0.179444
0 0.541406 0.534583 0.156875 0.334167
0 0.264141 0.342500 0.024844 0.099444
0 0.239219 0.244444 0.055937 0.102222
0 0.206641 0.328750 0.024844 0.060833
0 0.252578 0.319028 0.038906 0.146389
0 0.296016 0.455833 0.135156 0.287222
0 0.173281 0.660139 0.097812 0.220833
0 0.286719 0.262361 0.054375 0.165833
0 0.335703 0.871389 0.205156 0.190556
0 0.226016 0.338194 0.032656 0.124167
0 0.246250 0.433611 0.048125 0.082778