0 0.289844 0.811111 0.160938 0.372222
0 0.238281 0.412500 0.114062 0.375000
0 0.599219 0.763889 0.226562 0.250000
0 0.656250 0.847222 0.209375 0.233333
0 0.685156 0.937500 0.220312 0.119444
0 0.475781 0.343056 0.132812 0.263889
0 0.392188 0.337500 0.106250 0.275000
0 0.325000 0.322222 0.137500 0.277778
0 0.264062 0.309722 0.128125 0.247222
0 0.440625 0.204167 0.134375 0.119444
0 0.289062 0.168056 0.171875 0.108333
0 0.567187 0.244444 0.146875 0.166667
0 0.633594 0.218056 0.120313 0.102778
0 0.649219 0.173611 0.085938 0.058333
0 0.714063 0.516667 0.153125 0.200000
0 0.803906 0.851389 0.151562 0.197222
0 0.659375 0.295833 0.084375 0.119444
0 0.865625 0.563889 0.056250 0.072222
0 0.716406 0.672222 0.173437 0.177778
0 0.846875 0.654167 0.137500 0.202778
0 0.692969 0.418056 0.148438 0.208333
0 0.723437 0.319444 0.065625 0.183333
0 0.739844 0.312500 0.057813 0.169444
0 0.754687 0.227778 0.062500 0.100000
0 0.798438 0.325000 0.021875 0.061111
0 0.762500 0.300000 0.056250 0.122222
0 0.878906 0.513889 0.023438 0.038889
0 0.707812 0.219444 0.081250 0.072222
0 0.780469 0.393056 0.026562 0.086111
0 0.871094 0.562500 0.060937 0.108333