0 0.498437 0.836111 0.153125 0.305556
0 0.287500 0.290278 0.159375 0.202778
0 0.805469 0.737500 0.057813 0.141667
0 0.536719 0.526389 0.085938 0.175000
0 0.235937 0.188889 0.121875 0.105556
0 0.642969 0.697222 0.160938 0.100000
0 0.631250 0.368056 0.071875 0.080556
0 0.562500 0.400000 0.068750 0.066667
0 0.696094 0.436111 0.070312 0.138889
0 0.686719 0.491667 0.067187 0.122222
0 0.446094 0.702778 0.182812 0.294444
0 0.244531 0.647222 0.279687 0.383333
0 0.378906 0.280556 0.182812 0.138889
0 0.265625 0.402778 0.162500 0.222222
0 0.264062 0.898611 0.125000 0.197222
0 0.571094 0.933333 0.104688 0.127778
0 0.734375 0.591667 0.065625 0.138889
0 0.476562 0.498611 0.112500 0.197222
0 0.189844 0.800000 0.139063 0.394444
0 0.483594 0.363889 0.057813 0.127778
0 0.197656 0.294444 0.076563 0.322222
0 0.248438 0.312500 0.075000 0.169444
0 0.393750 0.400000 0.115625 0.183333
0 0.150000 0.326389 0.059375 0.269444
0 0.401562 0.516667 0.140625 0.277778
0 0.432031 0.247222 0.092188 0.122222
0 0.773438 0.636111 0.031250 0.077778
0 0.750000 0.691667 0.075000 0.105556
0 0.538281 0.311111 0.104688 0.083333
0 0.310937 0.463889 0.112500 0.250000