0 0.282813 0.811111 0.146875 0.372222
0 0.238281 0.437500 0.114062 0.319444
0 0.578906 0.744444 0.210938 0.338889
0 0.651563 0.797222 0.200000 0.172222
0 0.682031 0.930556 0.214062 0.133333
0 0.475781 0.343056 0.132812 0.263889
0 0.392188 0.337500 0.106250 0.275000
0 0.293750 0.300000 0.178125 0.166667
0 0.529687 0.973611 0.125000 0.047222
0 0.442188 0.204167 0.137500 0.119444
0 0.290625 0.220833 0.146875 0.080556
0 0.296094 0.166667 0.154688 0.083333
0 0.566406 0.231944 0.139063 0.180556
0 0.662500 0.234722 0.090625 0.125000
0 0.628125 0.186111 0.090625 0.077778
0 0.739062 0.662500 0.140625 0.186111
0 0.825000 0.831944 0.128125 0.208333
0 0.906250 0.581944 0.065625 0.180556
0 0.585938 0.411111 0.150000 0.255556
0 0.732031 0.333333 0.032813 0.122222
0 0.763281 0.245833 0.057813 0.097222
0 0.795312 0.327778 0.025000 0.061111
0 0.750781 0.316667 0.032813 0.150000
0 0.707812 0.433333 0.109375 0.305556
0 0.842969 0.661111 0.126562 0.222222
0 0.881250 0.751389 0.062500 0.113889
0 0.705469 0.243056 0.051562 0.169444
0 0.667188 0.865278 0.215625 0.180556
0 0.777344 0.337500 0.032813 0.130556
0 0.760938 0.440278 0.043750 0.091667
0 0.860156 0.544444 0.067187 0.083333