0 0.728047 0.815694 0.154219 0.368611
0 0.765078 0.434444 0.139531 0.335556
0 0.417187 0.748056 0.221563 0.373333
0 0.346641 0.799028 0.198594 0.154722
0 0.308984 0.941111 0.224844 0.117778
0 0.528828 0.335278 0.132969 0.277222
0 0.602578 0.333889 0.132969 0.280000
0 0.671562 0.335417 0.090312 0.341389
0 0.533672 0.970278 0.165781 0.059444
0 0.559922 0.180833 0.139531 0.113889
0 0.730625 0.222917 0.169063 0.122500
0 0.708437 0.150000 0.164062 0.093333
0 0.432031 0.236250 0.142813 0.166389
0 0.320391 0.236111 0.093594 0.125556
0 0.362187 0.175000 0.098437 0.055556
0 0.262188 0.641528 0.144375 0.213056
0 0.170313 0.812083 0.183750 0.157500
0 0.068516 0.590417 0.068906 0.192500
0 0.269531 0.285833 0.050938 0.183889
0 0.232656 0.221528 0.072188 0.073056
0 0.192500 0.322222 0.024688 0.046667
0 0.244922 0.300278 0.041094 0.148889
0 0.292578 0.434444 0.152656 0.312222
0 0.205625 0.272500 0.070625 0.081667
0 0.153047 0.660556 0.087031 0.198333
0 0.096484 0.765417 0.068906 0.157500
0 0.326172 0.886528 0.219844 0.178056
0 0.211250 0.329583 0.032813 0.119722
0 0.231875 0.427083 0.057500 0.099167
0 0.124375 0.605139 0.085312 0.145833
0 0.098047 0.545278 0.042656 0.102222
0 0.096484 0.507500 0.029531 0.043889