0 0.554609 0.188333 0.154844 0.087222
0 0.559297 0.235833 0.154844 0.111667
0 0.576172 0.317917 0.179531 0.193611
0 0.667344 0.244167 0.079687 0.215556
0 0.729453 0.271528 0.090469 0.226389
0 0.759453 0.246806 0.061406 0.220833
0 0.316094 0.910833 0.180938 0.152778
0 0.376016 0.287778 0.122656 0.144444
0 0.115234 0.549583 0.039844 0.128056
0 0.408906 0.315278 0.115000 0.182778
0 0.552422 0.506111 0.128906 0.357222
0 0.073125 0.636944 0.035313 0.144444
0 0.162734 0.628750 0.125781 0.139167
0 0.677344 0.867222 0.130312 0.240000
0 0.098359 0.646528 0.058281 0.163611
0 0.441875 0.598750 0.113437 0.368056
0 0.357500 0.545417 0.147187 0.343611
0 0.368203 0.631528 0.122656 0.346389
0 0.455000 0.365556 0.102813 0.240000
0 0.423516 0.200556 0.122656 0.090000
0 0.295469 0.402222 0.115000 0.264444
0 0.318438 0.271528 0.118125 0.199167
0 0.733359 0.461111 0.107344 0.414444
0 0.232578 0.394306 0.038281 0.079167
0 0.290078 0.236111 0.042969 0.062778
0 0.280078 0.590417 0.142656 0.188056
0 0.194922 0.755556 0.110469 0.245556
0 0.219453 0.317778 0.055156 0.084444
0 0.250937 0.222222 0.062813 0.111667
0 0.207969 0.256528 0.035313 0.081944
0 0.131250 0.534722 0.032188 0.092778