0 0.555469 0.183333 0.157812 0.088889
0 0.560156 0.231944 0.157812 0.113889
0 0.585156 0.330556 0.170313 0.227778
0 0.670312 0.240278 0.081250 0.219444
0 0.717969 0.277778 0.070312 0.250000
0 0.764062 0.243056 0.062500 0.225000
0 0.132031 0.659722 0.085938 0.097222
0 0.420312 0.308333 0.143750 0.177778
0 0.075000 0.641667 0.053125 0.144444
0 0.146094 0.597222 0.104688 0.077778
0 0.117969 0.772222 0.060937 0.122222
0 0.303125 0.401389 0.137500 0.180556
0 0.314063 0.913889 0.181250 0.166667
0 0.407031 0.637500 0.085938 0.352778
0 0.478906 0.363889 0.123438 0.244444
0 0.379688 0.287500 0.134375 0.147222
0 0.298438 0.626389 0.171875 0.313889
0 0.345313 0.269444 0.100000 0.138889
0 0.483594 0.609722 0.107813 0.347222
0 0.421094 0.197222 0.126562 0.083333
0 0.732812 0.505556 0.125000 0.388889
0 0.271094 0.355556 0.064062 0.177778
0 0.192969 0.697222 0.098437 0.300000
0 0.207031 0.287500 0.042188 0.080556
0 0.348438 0.847222 0.200000 0.244444
0 0.282031 0.538889 0.126562 0.144444
0 0.319531 0.219444 0.101562 0.105556
0 0.228906 0.291667 0.051562 0.155556
0 0.216406 0.331944 0.032813 0.063889