0 0.729844 0.818194 0.175313 0.363611
0 0.786016 0.404861 0.124219 0.408611
0 0.392813 0.787778 0.246875 0.272222
0 0.330781 0.875694 0.228125 0.248611
0 0.299219 0.955833 0.240000 0.088333
0 0.527344 0.329306 0.144687 0.287500
0 0.618359 0.323056 0.115781 0.299444
0 0.691641 0.306528 0.149844 0.302500
0 0.757891 0.293056 0.139531 0.269444
0 0.564688 0.168889 0.141250 0.130000
0 0.747734 0.130972 0.177031 0.133056
0 0.648984 0.149306 0.051094 0.090833
0 0.427813 0.211389 0.160000 0.208889
0 0.353672 0.187083 0.134531 0.111944
0 0.337500 0.135694 0.095312 0.063611
0 0.264375 0.521389 0.166875 0.230000
0 0.169922 0.882917 0.165156 0.214722
0 0.327344 0.277778 0.091875 0.130000
0 0.111953 0.559167 0.059531 0.075556
0 0.265234 0.687917 0.188906 0.193611
0 0.118828 0.662083 0.131094 0.214722
0 0.289844 0.418611 0.163437 0.217778
0 0.256641 0.305000 0.069844 0.202778
0 0.239609 0.295972 0.062969 0.184722
0 0.223438 0.203611 0.068125 0.108889
0 0.178437 0.306667 0.018750 0.066667
0 0.215000 0.282361 0.061250 0.133056
0 0.088203 0.515417 0.025469 0.042500
0 0.274531 0.194583 0.088438 0.078611
0 0.197969 0.376250 0.034063 0.090833
0 0.096641 0.568472 0.066406 0.118056