0 0.710156 0.811111 0.160938 0.372222
0 0.761719 0.412500 0.114062 0.375000
0 0.413281 0.766667 0.226562 0.300000
0 0.343750 0.847222 0.209375 0.233333
0 0.314844 0.937500 0.220312 0.119444
0 0.524219 0.343056 0.132812 0.263889
0 0.607812 0.337500 0.106250 0.275000
0 0.681250 0.313889 0.150000 0.261111
0 0.736719 0.315278 0.123438 0.252778
0 0.559375 0.204167 0.134375 0.119444
0 0.714844 0.202778 0.167187 0.133333
0 0.702344 0.163889 0.157812 0.066667
0 0.432031 0.233333 0.142187 0.144444
0 0.366406 0.186111 0.104688 0.055556
0 0.340625 0.241667 0.103125 0.111111
0 0.287500 0.593056 0.156250 0.175000
0 0.199219 0.845833 0.132812 0.180556
0 0.090625 0.576389 0.065625 0.180556
0 0.157812 0.576389 0.100000 0.125000
0 0.317188 0.477778 0.178125 0.177778
0 0.289844 0.277778 0.051562 0.111111
0 0.267188 0.284722 0.056250 0.136111
0 0.245312 0.227778 0.062500 0.100000
0 0.206250 0.320833 0.021875 0.058333
0 0.232031 0.301389 0.048438 0.086111
0 0.282813 0.218056 0.065625 0.058333
0 0.220312 0.368056 0.028125 0.063889
0 0.275000 0.404167 0.109375 0.175000
0 0.126562 0.763889 0.081250 0.150000
0 0.117188 0.509722 0.012500 0.025000
0 0.114844 0.554167 0.029687 0.069444