0 0.732187 0.774444 0.165313 0.394444
0 0.749688 0.396528 0.145625 0.339167
0 0.433516 0.748056 0.228281 0.388333
0 0.369844 0.819722 0.197188 0.202222
0 0.340781 0.937222 0.220000 0.125556
0 0.519141 0.339167 0.139531 0.283333
0 0.596094 0.325278 0.153750 0.288333
0 0.653125 0.320139 0.161875 0.237500
0 0.555391 0.949861 0.161094 0.100278
0 0.541094 0.187778 0.137813 0.129444
0 0.704766 0.197500 0.166406 0.145000
0 0.680547 0.135833 0.160156 0.113889
0 0.422500 0.260139 0.143437 0.179722
0 0.315156 0.276389 0.098437 0.142222
0 0.359766 0.214722 0.099219 0.068333
0 0.281328 0.670972 0.147344 0.224167
0 0.217266 0.797222 0.140469 0.330000
0 0.092734 0.666667 0.065156 0.186111
0 0.270937 0.332500 0.057188 0.182222
0 0.232734 0.277083 0.072031 0.080278
0 0.198281 0.384583 0.025938 0.053611
0 0.246797 0.352917 0.046406 0.153056
0 0.300000 0.469722 0.160000 0.319444
0 0.209531 0.329722 0.070938 0.088333
0 0.177578 0.713056 0.088281 0.187222
0 0.130312 0.814167 0.073125 0.160000
0 0.352344 0.890833 0.214688 0.213333
0 0.217891 0.382917 0.037031 0.118611
0 0.242031 0.472361 0.059375 0.103056
0 0.155938 0.657778 0.092812 0.155000
0 0.120625 0.613611 0.040000 0.086111
0 0.116094 0.570833 0.020625 0.041667