0 0.551250 0.190139 0.144375 0.071389
0 0.554922 0.243194 0.154844 0.108611
0 0.587734 0.329167 0.160781 0.201111
0 0.662109 0.251250 0.077344 0.209167
0 0.722344 0.296111 0.087813 0.256667
0 0.751484 0.253889 0.059531 0.214444
0 0.087422 0.633611 0.053594 0.148333
0 0.121641 0.540972 0.041719 0.126944
0 0.159688 0.784583 0.081875 0.153611
0 0.316719 0.898333 0.181563 0.148333
0 0.502031 0.928611 0.064062 0.087222
0 0.315234 0.502500 0.154844 0.235556
0 0.314531 0.314722 0.093750 0.177222
0 0.268437 0.653611 0.114688 0.193333
0 0.372578 0.285556 0.117656 0.156111
0 0.074766 0.669306 0.072969 0.108611
0 0.188750 0.578056 0.050625 0.090000
0 0.483516 0.345139 0.098281 0.206389
0 0.422344 0.395556 0.068437 0.238333
0 0.406094 0.297500 0.101250 0.132222
0 0.544531 0.483889 0.125000 0.277778
0 0.444687 0.576806 0.101250 0.309722
0 0.664375 0.703750 0.212812 0.272500
0 0.673984 0.863750 0.142969 0.216944
0 0.233359 0.388750 0.035781 0.098056
0 0.299531 0.272361 0.087813 0.081944
0 0.334609 0.214028 0.086406 0.050278
0 0.423906 0.214306 0.119063 0.098056
0 0.308516 0.424583 0.129531 0.216944
0 0.251328 0.239306 0.080469 0.116389
0 0.268437 0.374167 0.058125 0.148333
0 0.216953 0.324028 0.029844 0.053056
0 0.139531 0.548889 0.032813 0.111111