0 0.707969 0.819028 0.157500 0.361944
0 0.756875 0.460833 0.135625 0.330556
0 0.531875 0.345833 0.134063 0.275000
0 0.608438 0.345833 0.146250 0.267778
0 0.358516 0.875000 0.243281 0.180000
0 0.504687 0.961667 0.125312 0.076667
0 0.248359 0.627083 0.116719 0.215278
0 0.727188 0.273333 0.157187 0.163889
0 0.697891 0.201111 0.187344 0.127778
0 0.441641 0.242778 0.142031 0.176111
0 0.331719 0.233056 0.089063 0.121667
0 0.380078 0.184444 0.093906 0.072222
0 0.331328 0.517917 0.168594 0.181389
0 0.174766 0.817917 0.115156 0.215278
0 0.084375 0.560694 0.065312 0.158056
0 0.292422 0.265417 0.051406 0.162500
0 0.253281 0.211667 0.070625 0.075556
0 0.265234 0.286806 0.044531 0.142500
0 0.223984 0.277500 0.070469 0.122778
0 0.294844 0.427083 0.125312 0.296389
0 0.148906 0.576250 0.094063 0.130278
0 0.110859 0.725833 0.074844 0.167222
0 0.639297 0.685139 0.266094 0.323056
0 0.290781 0.892639 0.228125 0.192500
0 0.335938 0.763056 0.226250 0.181111
0 0.413516 0.647917 0.234844 0.209722
0 0.232187 0.318333 0.042812 0.133889
0 0.242344 0.404028 0.051250 0.104167
0 0.205781 0.311806 0.025000 0.057500
0 0.118984 0.526389 0.046406 0.098333
0 0.112109 0.470278 0.030781 0.041667
0 0.135391 0.558472 0.068281 0.100278