0 0.552344 0.203194 0.148438 0.083611
0 0.556719 0.248889 0.148438 0.107222
0 0.580313 0.341667 0.160312 0.214444
0 0.660391 0.256528 0.076406 0.206389
0 0.705234 0.292083 0.066094 0.235278
0 0.748594 0.259167 0.058750 0.211667
0 0.139219 0.744028 0.045625 0.109722
0 0.256172 0.860417 0.191094 0.206389
0 0.249453 0.331111 0.057344 0.104444
0 0.442188 0.618750 0.139688 0.360833
0 0.487031 0.383472 0.144063 0.209167
0 0.397266 0.281528 0.111719 0.135833
0 0.702422 0.805556 0.136719 0.326667
0 0.361250 0.245000 0.069062 0.115000
0 0.419297 0.322083 0.126406 0.164722
0 0.300938 0.613472 0.139688 0.235278
0 0.739219 0.506250 0.080937 0.365833
0 0.291406 0.306250 0.058750 0.101944
0 0.641406 0.651389 0.100000 0.337222
0 0.235547 0.285417 0.061719 0.101944
0 0.440000 0.209583 0.120625 0.086389
0 0.216484 0.672361 0.097031 0.290278
0 0.518516 0.728472 0.186719 0.365833
0 0.138516 0.507639 0.061719 0.117500
0 0.326797 0.236944 0.073594 0.088889
0 0.323750 0.474861 0.129375 0.183056
0 0.306172 0.380833 0.082344 0.177778
0 0.245078 0.418611 0.042656 0.148889
0 0.126016 0.579583 0.072031 0.172500
0 0.182656 0.586111 0.100000 0.096667