0 0.699531 0.785000 0.134688 0.341111
0 0.734531 0.427500 0.115937 0.262222
0 0.525469 0.356250 0.115937 0.241944
0 0.595625 0.349583 0.127500 0.234167
0 0.410313 0.819444 0.189062 0.236667
0 0.516875 0.923750 0.113125 0.063611
0 0.268516 0.642361 0.108906 0.203611
0 0.702344 0.272222 0.140313 0.135000
0 0.673672 0.209861 0.168906 0.101944
0 0.440391 0.269583 0.126094 0.150278
0 0.339375 0.269444 0.078750 0.104444
0 0.382266 0.221250 0.084531 0.058611
0 0.348672 0.532917 0.148906 0.142500
0 0.211250 0.818056 0.100312 0.188333
0 0.121641 0.590278 0.055781 0.140000
0 0.304297 0.302500 0.042969 0.145000
0 0.266953 0.256806 0.062969 0.063611
0 0.279844 0.324167 0.037187 0.127222
0 0.241875 0.319306 0.061562 0.106944
0 0.313516 0.438750 0.101719 0.264722
0 0.190391 0.613194 0.084531 0.129722
0 0.150312 0.739167 0.064375 0.147778
0 0.649375 0.628611 0.223438 0.262222
0 0.326484 0.869028 0.190469 0.173056
0 0.357891 0.759583 0.193281 0.163056
0 0.425234 0.642361 0.210469 0.173056
0 0.250547 0.356250 0.035781 0.119722
0 0.262031 0.433611 0.044375 0.091667
0 0.226172 0.352083 0.021406 0.050833
0 0.152422 0.556111 0.040156 0.086667
0 0.144531 0.505000 0.027187 0.035556
0 0.168203 0.583889 0.060156 0.086667