0 0.710156 0.811111 0.160938 0.372222
0 0.761719 0.412500 0.114062 0.375000
0 0.413281 0.766667 0.226562 0.300000
0 0.343750 0.847222 0.209375 0.233333
0 0.314844 0.937500 0.220312 0.119444
0 0.524219 0.343056 0.132812 0.263889
0 0.607812 0.337500 0.106250 0.275000
0 0.681250 0.313889 0.150000 0.261111
0 0.733594 0.311111 0.120313 0.250000
0 0.559375 0.204167 0.134375 0.119444
0 0.712500 0.209722 0.171875 0.130556
0 0.704688 0.161111 0.156250 0.083333
0 0.432031 0.236111 0.145313 0.144444
0 0.342969 0.245833 0.098437 0.102778
0 0.366406 0.187500 0.107813 0.063889
0 0.297656 0.565278 0.179688 0.241667
0 0.184375 0.848611 0.140625 0.175000
0 0.288281 0.291667 0.054688 0.127778
0 0.264844 0.306944 0.054688 0.175000
0 0.243750 0.238889 0.065625 0.105556
0 0.203125 0.325000 0.018750 0.066667
0 0.245312 0.297222 0.053125 0.133333
0 0.289844 0.208333 0.060937 0.050000
0 0.293750 0.411111 0.121875 0.255556
0 0.154688 0.663889 0.121875 0.227778
0 0.124219 0.763889 0.076563 0.150000
0 0.083594 0.566667 0.064062 0.194444
0 0.126562 0.551389 0.034375 0.091667
0 0.218750 0.344444 0.031250 0.111111
0 0.235937 0.431944 0.043750 0.097222