0 0.575625 0.196806 0.162500 0.120833
0 0.577266 0.246111 0.164219 0.145556
0 0.595547 0.349167 0.183906 0.261111
0 0.686094 0.277083 0.095000 0.234722
0 0.731016 0.324167 0.086094 0.262778
0 0.778984 0.299028 0.076719 0.236389
0 0.101172 0.693056 0.061406 0.118889
0 0.211484 0.823472 0.185781 0.218056
0 0.314922 0.384722 0.168906 0.217222
0 0.251484 0.258472 0.052344 0.098056
0 0.398906 0.614861 0.109062 0.379167
0 0.494219 0.358889 0.141250 0.263333
0 0.398672 0.258194 0.151719 0.189167
0 0.692344 0.839028 0.166875 0.321944
0 0.370859 0.203472 0.080781 0.133611
0 0.426328 0.304306 0.144844 0.201389
0 0.468203 0.601111 0.112969 0.368889
0 0.751875 0.557500 0.110625 0.403889
0 0.260078 0.333056 0.081406 0.191111
0 0.293828 0.549722 0.155469 0.222778
0 0.235469 0.214722 0.072188 0.121111
0 0.452031 0.186528 0.139375 0.140278
0 0.221328 0.635417 0.138906 0.273611
0 0.504297 0.770833 0.218594 0.440000
0 0.119453 0.436667 0.065469 0.136111
0 0.327031 0.187500 0.087188 0.116111
0 0.418594 0.144722 0.111875 0.142778
0 0.149063 0.514167 0.085625 0.115556
0 0.154844 0.617500 0.100625 0.252222
0 0.064531 0.544167 0.069375 0.172222