0 0.722266 0.799583 0.152969 0.379722
0 0.753438 0.418611 0.133125 0.315000
0 0.524844 0.341528 0.130937 0.270278
0 0.601172 0.330833 0.143281 0.262778
0 0.397188 0.901250 0.234063 0.192500
0 0.525547 0.961250 0.124531 0.075833
0 0.213906 0.737361 0.117188 0.200278
0 0.716172 0.240139 0.155469 0.155278
0 0.683672 0.173611 0.186094 0.120556
0 0.430234 0.252222 0.140156 0.171111
0 0.320156 0.257778 0.087813 0.118333
0 0.366172 0.202639 0.093281 0.068611
0 0.307344 0.433472 0.162187 0.277500
0 0.197969 0.860278 0.112500 0.194444
0 0.093828 0.610278 0.065156 0.164444
0 0.289531 0.292778 0.047500 0.132778
0 0.241016 0.248194 0.069844 0.073056
0 0.254844 0.283472 0.036875 0.060278
0 0.218594 0.309167 0.054688 0.097222
0 0.244453 0.354861 0.095781 0.126944
0 0.154922 0.662500 0.098281 0.188333
0 0.122422 0.780972 0.072969 0.164722
0 0.535313 0.606528 0.205938 0.282500
0 0.320469 0.931389 0.200625 0.137222
0 0.347656 0.785833 0.226250 0.189444
0 0.258750 0.662778 0.184062 0.187222
0 0.222578 0.365972 0.039844 0.149167
0 0.240469 0.448194 0.050000 0.099722
0 0.198281 0.354444 0.024375 0.056667
0 0.121562 0.580833 0.045312 0.096667
0 0.112031 0.525833 0.030312 0.040556
0 0.145234 0.599167 0.035156 0.046111