0 0.692578 0.823194 0.180156 0.353611
0 0.765234 0.457083 0.133594 0.392500
0 0.399375 0.750972 0.241562 0.336944
0 0.325938 0.819306 0.220938 0.267500
0 0.292344 0.904167 0.225625 0.156111
0 0.532500 0.347778 0.146250 0.285000
0 0.616016 0.356389 0.120469 0.291667
0 0.691484 0.338472 0.159844 0.249167
0 0.745391 0.357639 0.142969 0.281944
0 0.574922 0.215556 0.140156 0.141667
0 0.727031 0.246944 0.178125 0.158889
0 0.721875 0.197222 0.160000 0.109444
0 0.446484 0.225833 0.152344 0.168333
0 0.357187 0.220556 0.103438 0.118889
0 0.389453 0.161667 0.102344 0.069444
0 0.259141 0.587500 0.148281 0.206111
0 0.165781 0.789444 0.152812 0.206667
0 0.263125 0.337083 0.089688 0.206944
0 0.297422 0.222778 0.049531 0.090556
0 0.258906 0.196667 0.070938 0.116111
0 0.215937 0.278750 0.023438 0.064167
0 0.262813 0.254722 0.048438 0.126111
0 0.306328 0.174167 0.063281 0.060000
0 0.302031 0.386806 0.137500 0.321944
0 0.143828 0.600139 0.138906 0.261944
0 0.103594 0.693750 0.061250 0.106389
0 0.119531 0.452222 0.027187 0.048333
0 0.097969 0.416528 0.047188 0.131389
0 0.094297 0.513611 0.064844 0.117778
0 0.228359 0.297639 0.037031 0.115833
0 0.240781 0.387639 0.048750 0.104167