0 0.555469 0.183333 0.157812 0.088889
0 0.560156 0.231944 0.157812 0.113889
0 0.585156 0.330556 0.170313 0.227778
0 0.670312 0.240278 0.081250 0.219444
0 0.717969 0.277778 0.070312 0.250000
0 0.764062 0.243056 0.062500 0.225000
0 0.114062 0.768056 0.043750 0.108333
0 0.271875 0.873611 0.131250 0.247222
0 0.298438 0.472222 0.131250 0.266667
0 0.237500 0.311111 0.046875 0.088889
0 0.407031 0.634722 0.085938 0.363889
0 0.485156 0.361111 0.126562 0.238889
0 0.387500 0.277778 0.137500 0.155556
0 0.714844 0.823611 0.145313 0.347222
0 0.353906 0.243056 0.092188 0.113889
0 0.407031 0.320833 0.151562 0.175000
0 0.475000 0.606944 0.090625 0.352778
0 0.753906 0.505556 0.085938 0.388889
0 0.239844 0.388889 0.073438 0.144444
0 0.366406 0.380556 0.092188 0.272222
0 0.207031 0.287500 0.042188 0.080556
0 0.441406 0.175000 0.117188 0.122222
0 0.208594 0.668056 0.092188 0.225000
0 0.521875 0.768056 0.193750 0.402778
0 0.083594 0.544444 0.073438 0.138889
0 0.332031 0.191667 0.129688 0.172222
0 0.148438 0.579167 0.078125 0.108333
0 0.161719 0.747222 0.085938 0.272222
0 0.072656 0.644444 0.107813 0.127778
0 0.138281 0.675000 0.092188 0.094444