0 0.710156 0.811111 0.160938 0.372222
0 0.761719 0.412500 0.114062 0.375000
0 0.400781 0.763889 0.226562 0.250000
0 0.349219 0.854167 0.214062 0.219444
0 0.314844 0.937500 0.220312 0.119444
0 0.524219 0.343056 0.132812 0.263889
0 0.607812 0.337500 0.106250 0.275000
0 0.670312 0.316667 0.131250 0.244444
0 0.743750 0.279167 0.118750 0.225000
0 0.557031 0.875000 0.110937 0.244444
0 0.556250 0.201389 0.134375 0.108333
0 0.694531 0.176389 0.170313 0.091667
0 0.432812 0.229167 0.143750 0.175000
0 0.357812 0.198611 0.134375 0.152778
0 0.306250 0.398611 0.118750 0.241667
0 0.190625 0.855556 0.150000 0.194444
0 0.114844 0.754167 0.070312 0.113889
0 0.341406 0.275000 0.079687 0.116667
0 0.059375 0.661111 0.071875 0.111111
0 0.142969 0.619444 0.110937 0.183333
0 0.289062 0.613889 0.137500 0.227778
0 0.207031 0.693056 0.079687 0.263889
0 0.343750 0.508333 0.168750 0.188889
0 0.290625 0.305556 0.043750 0.144444
0 0.260156 0.272222 0.054688 0.161111
0 0.241406 0.350000 0.048438 0.138889
0 0.203906 0.252778 0.076563 0.111111
0 0.207031 0.316667 0.026562 0.072222
0 0.128125 0.536111 0.025000 0.061111
0 0.225781 0.329167 0.042188 0.119444
0 0.286719 0.218056 0.039062 0.047222