0 0.722656 0.811111 0.135937 0.372222
0 0.761719 0.433333 0.114062 0.333333
0 0.421094 0.758333 0.210938 0.316667
0 0.344531 0.837500 0.207813 0.252778
0 0.317969 0.930556 0.214062 0.133333
0 0.524219 0.343056 0.132812 0.263889
0 0.607812 0.337500 0.106250 0.275000
0 0.647656 0.297222 0.064062 0.138889
0 0.694531 0.336111 0.176563 0.322222
0 0.559375 0.204167 0.134375 0.119444
0 0.710156 0.209722 0.160938 0.091667
0 0.700000 0.161111 0.150000 0.061111
0 0.433594 0.231944 0.139063 0.180556
0 0.339062 0.229167 0.078125 0.113889
0 0.369531 0.188889 0.082812 0.055556
0 0.264844 0.651389 0.139063 0.202778
0 0.182812 0.844444 0.143750 0.183333
0 0.094531 0.583333 0.076563 0.200000
0 0.317188 0.468056 0.162500 0.225000
0 0.281250 0.290278 0.056250 0.152778
0 0.254688 0.226389 0.059375 0.091667
0 0.204687 0.327778 0.028125 0.055556
0 0.253125 0.315278 0.050000 0.152778
0 0.286719 0.215278 0.051562 0.058333
0 0.307031 0.368056 0.129688 0.236111
0 0.146875 0.613889 0.112500 0.116667
0 0.218750 0.243056 0.071875 0.086111
0 0.155469 0.695833 0.129688 0.158333
0 0.220312 0.336111 0.031250 0.105556
0 0.230469 0.431944 0.039062 0.097222
0 0.141406 0.550000 0.060937 0.066667