0 0.553906 0.176389 0.151562 0.075000
0 0.557813 0.231944 0.162500 0.113889
0 0.592187 0.322222 0.168750 0.211111
0 0.670312 0.240278 0.081250 0.219444
0 0.733594 0.287500 0.092188 0.269444
0 0.764062 0.243056 0.062500 0.225000
0 0.067187 0.641667 0.056250 0.155556
0 0.103125 0.544444 0.043750 0.133333
0 0.142969 0.800000 0.085938 0.161111
0 0.307812 0.919444 0.190625 0.155556
0 0.502344 0.951389 0.067187 0.091667
0 0.306250 0.504167 0.162500 0.247222
0 0.305469 0.313889 0.098437 0.172222
0 0.257031 0.662500 0.120313 0.202778
0 0.366406 0.276389 0.123438 0.163889
0 0.053906 0.679167 0.076563 0.113889
0 0.173437 0.577778 0.053125 0.083333
0 0.482812 0.338889 0.103125 0.216667
0 0.418750 0.381944 0.071875 0.230556
0 0.401562 0.302778 0.106250 0.166667
0 0.558594 0.506944 0.142187 0.363889
0 0.442188 0.593056 0.125000 0.347222
0 0.672656 0.715278 0.223438 0.286111
0 0.682813 0.883333 0.150000 0.227778
0 0.220312 0.384722 0.037500 0.102778
0 0.299219 0.252778 0.095312 0.105556
0 0.326562 0.201389 0.090625 0.052778
0 0.420312 0.201389 0.125000 0.102778
0 0.299219 0.422222 0.135937 0.227778
0 0.239063 0.227778 0.084375 0.122222
0 0.239063 0.381944 0.053125 0.063889
0 0.221875 0.273611 0.106250 0.125000
0 0.121875 0.552778 0.034375 0.116667