0 0.444531 0.183333 0.157812 0.088889
0 0.439844 0.231944 0.157812 0.113889
0 0.414844 0.330556 0.170313 0.227778
0 0.329688 0.240278 0.081250 0.219444
0 0.282031 0.277778 0.070312 0.250000
0 0.235937 0.243056 0.062500 0.225000
0 0.873437 0.766667 0.068750 0.133333
0 0.759375 0.886111 0.203125 0.216667
0 0.766406 0.319444 0.060937 0.111111
0 0.561719 0.625000 0.148438 0.383333
0 0.514062 0.375000 0.153125 0.222222
0 0.614062 0.283333 0.131250 0.166667
0 0.285156 0.823611 0.145313 0.347222
0 0.600000 0.226389 0.112500 0.125000
0 0.591406 0.315278 0.160938 0.186111
0 0.727344 0.651389 0.139063 0.269444
0 0.243750 0.497222 0.084375 0.327778
0 0.721875 0.293056 0.062500 0.108333
0 0.362500 0.630556 0.134375 0.377778
0 0.781250 0.270833 0.065625 0.108333
0 0.538281 0.190278 0.076563 0.091667
0 0.814844 0.691667 0.098437 0.288889
0 0.480469 0.741667 0.198437 0.388889
0 0.882031 0.515278 0.042188 0.063889
0 0.677344 0.219444 0.092188 0.094444
0 0.684375 0.491667 0.153125 0.255556
0 0.719531 0.373611 0.089063 0.197222
0 0.776563 0.415278 0.043750 0.158333
0 0.944531 0.666667 0.089063 0.127778
0 0.830469 0.600000 0.098437 0.100000