0 0.555469 0.183333 0.157812 0.088889
0 0.560156 0.231944 0.157812 0.113889
0 0.585156 0.330556 0.170313 0.227778
0 0.670312 0.240278 0.081250 0.219444
0 0.717969 0.277778 0.070312 0.250000
0 0.764062 0.243056 0.062500 0.225000
0 0.121875 0.775000 0.071875 0.122222
0 0.327344 0.804167 0.104688 0.352778
0 0.308594 0.419444 0.157812 0.194444
0 0.237500 0.311111 0.046875 0.088889
0 0.407031 0.634722 0.085938 0.363889
0 0.485156 0.361111 0.126562 0.238889
0 0.383594 0.280556 0.142187 0.161111
0 0.714844 0.823611 0.145313 0.347222
0 0.350000 0.237500 0.068750 0.136111
0 0.414062 0.320833 0.134375 0.175000
0 0.475000 0.606944 0.090625 0.352778
0 0.753906 0.505556 0.085938 0.388889
0 0.250781 0.383333 0.070312 0.177778
0 0.302344 0.545833 0.142187 0.180556
0 0.218750 0.270833 0.065625 0.108333
0 0.432031 0.198611 0.132812 0.113889
0 0.235937 0.661111 0.090625 0.250000
0 0.521875 0.768056 0.193750 0.402778
0 0.117969 0.515278 0.057813 0.125000
0 0.307812 0.225000 0.081250 0.100000
0 0.379688 0.152778 0.112500 0.100000
0 0.196875 0.590278 0.059375 0.091667
0 0.181250 0.740278 0.087500 0.302778
0 0.080469 0.620833 0.092188 0.175000
0 0.139844 0.679167 0.092188 0.108333