0 0.714297 0.814306 0.163281 0.371389
0 0.766641 0.413056 0.115781 0.380556
0 0.413047 0.772222 0.229844 0.304444
0 0.347266 0.844028 0.202969 0.256389
0 0.316406 0.935417 0.217188 0.129167
0 0.525625 0.342500 0.134688 0.267778
0 0.610469 0.336667 0.107813 0.278889
0 0.685781 0.294444 0.147500 0.278889
0 0.741250 0.315833 0.131562 0.265000
0 0.561328 0.201667 0.136406 0.121111
0 0.712578 0.179028 0.166406 0.138056
0 0.693594 0.159444 0.131562 0.070556
0 0.432031 0.234167 0.147500 0.146667
0 0.341641 0.243750 0.099844 0.104167
0 0.371016 0.179028 0.101406 0.053611
0 0.266484 0.622917 0.139531 0.174722
0 0.179141 0.851111 0.145781 0.186111
0 0.096797 0.542639 0.057031 0.098611
0 0.251328 0.383333 0.077656 0.202778
0 0.283828 0.264861 0.053906 0.101389
0 0.260859 0.196111 0.033281 0.031111
0 0.200625 0.324028 0.023750 0.061944
0 0.250625 0.293333 0.041250 0.107222
0 0.289297 0.211528 0.058594 0.056389
0 0.292578 0.428472 0.125156 0.287500
0 0.146719 0.663750 0.128438 0.245278
0 0.115000 0.515972 0.023750 0.050833
0 0.209297 0.252361 0.101406 0.104167
0 0.080937 0.665139 0.066562 0.180278
0 0.215703 0.343889 0.031719 0.112778
0 0.233125 0.432639 0.044375 0.098611