0 0.710156 0.811111 0.160938 0.372222
0 0.761719 0.412500 0.114062 0.375000
0 0.400781 0.777778 0.226562 0.277778
0 0.343750 0.847222 0.209375 0.233333
0 0.314844 0.937500 0.220312 0.119444
0 0.524219 0.343056 0.132812 0.263889
0 0.607812 0.337500 0.106250 0.275000
0 0.681250 0.304167 0.150000 0.241667
0 0.734375 0.309722 0.128125 0.252778
0 0.559375 0.204167 0.134375 0.119444
0 0.694531 0.179167 0.157812 0.130556
0 0.433594 0.226389 0.151562 0.158333
0 0.343750 0.212500 0.106250 0.086111
0 0.382031 0.180556 0.073438 0.061111
0 0.289844 0.522222 0.148438 0.188889
0 0.194531 0.856944 0.145313 0.202778
0 0.341406 0.291667 0.082812 0.116667
0 0.111719 0.754167 0.060937 0.141667
0 0.292187 0.669444 0.168750 0.166667
0 0.145313 0.651389 0.121875 0.197222
0 0.309375 0.425000 0.162500 0.205556
0 0.282031 0.319444 0.067187 0.177778
0 0.260156 0.312500 0.057813 0.169444
0 0.245312 0.227778 0.062500 0.100000
0 0.203906 0.323611 0.017188 0.058333
0 0.237500 0.300000 0.056250 0.122222
0 0.121094 0.513889 0.023438 0.038889
0 0.282813 0.220833 0.059375 0.058333
0 0.219531 0.387500 0.026562 0.075000
0 0.115625 0.566667 0.053125 0.094444