0 0.555625 0.183333 0.157812 0.088889
0 0.560312 0.231944 0.157812 0.113889
0 0.670625 0.240278 0.081250 0.219444
0 0.733906 0.288889 0.092188 0.272222
0 0.764375 0.243056 0.062500 0.225000
0 0.586094 0.326389 0.168750 0.213889
0 0.312734 0.919722 0.184531 0.155556
0 0.373594 0.284722 0.125000 0.147222
0 0.102344 0.560000 0.057813 0.147222
0 0.407188 0.312500 0.117188 0.186111
0 0.553281 0.507361 0.131250 0.364167
0 0.071094 0.639167 0.042188 0.127778
0 0.148438 0.578056 0.081250 0.094444
0 0.680781 0.875278 0.132812 0.244444
0 0.137500 0.790556 0.087500 0.125000
0 0.440781 0.601806 0.115625 0.375278
0 0.357969 0.544722 0.118750 0.300000
0 0.371250 0.630972 0.123438 0.344722
0 0.465781 0.363889 0.096875 0.244444
0 0.422031 0.195833 0.125000 0.091667
0 0.291563 0.401389 0.117188 0.269444
0 0.306406 0.268056 0.103125 0.163889
0 0.551719 0.830972 0.146875 0.333611
0 0.227500 0.393333 0.039062 0.080556
0 0.272813 0.583611 0.145313 0.188889
0 0.150000 0.721111 0.093750 0.236111
0 0.203906 0.266667 0.098437 0.177778
0 0.242344 0.261111 0.096875 0.144444
0 0.121875 0.528056 0.021875 0.066667