0 0.725625 0.817778 0.172187 0.364444
0 0.780859 0.408194 0.122031 0.401389
0 0.394531 0.799167 0.242500 0.297222
0 0.333437 0.873472 0.224062 0.249722
0 0.302578 0.953056 0.235781 0.093889
0 0.526719 0.333750 0.142187 0.282500
0 0.616094 0.328056 0.113750 0.294444
0 0.694766 0.302500 0.160469 0.279444
0 0.753203 0.298056 0.130469 0.270556
0 0.564219 0.185278 0.143750 0.127778
0 0.728203 0.176111 0.173906 0.127778
0 0.718906 0.142083 0.172187 0.071389
0 0.426328 0.220972 0.155469 0.163611
0 0.357734 0.165833 0.112031 0.059444
0 0.330156 0.225278 0.110312 0.118889
0 0.267500 0.586389 0.175625 0.205000
0 0.178828 0.895556 0.158906 0.205000
0 0.229922 0.308611 0.097031 0.118889
0 0.129453 0.704028 0.093594 0.267500
0 0.140391 0.588194 0.092031 0.154722
0 0.301797 0.431944 0.187344 0.211111
0 0.275859 0.270000 0.045156 0.118889
0 0.244062 0.250694 0.051875 0.080278
0 0.228125 0.210417 0.066875 0.106944
0 0.179688 0.308611 0.020000 0.059444
0 0.205625 0.280139 0.038437 0.056389
0 0.091016 0.512222 0.016719 0.026667
0 0.278359 0.197083 0.073594 0.062500
0 0.192266 0.359167 0.011719 0.035556
0 0.092656 0.558333 0.043438 0.095000
0 0.221563 0.400833 0.046875 0.160556
0 0.084375 0.787222 0.043438 0.083333