0 0.551250 0.190139 0.144375 0.071389
0 0.557266 0.243194 0.150469 0.108611
0 0.592266 0.329167 0.154844 0.201111
0 0.662188 0.251250 0.077500 0.209167
0 0.722500 0.296111 0.087813 0.256667
0 0.751484 0.253889 0.059531 0.214444
0 0.087422 0.633889 0.053594 0.148333
0 0.121797 0.540972 0.041719 0.126944
0 0.161094 0.628472 0.099687 0.153611
0 0.159688 0.784583 0.081875 0.153611
0 0.316797 0.898611 0.181719 0.148333
0 0.502188 0.928889 0.064062 0.087222
0 0.308516 0.552778 0.141406 0.177222
0 0.314531 0.321250 0.093750 0.164167
0 0.270625 0.653611 0.107187 0.193333
0 0.372578 0.285556 0.117656 0.156111
0 0.397891 0.304167 0.105781 0.166667
0 0.495391 0.345139 0.122031 0.206389
0 0.422500 0.398194 0.068437 0.164167
0 0.518594 0.505278 0.165313 0.235556
0 0.438828 0.580694 0.092344 0.306944
0 0.674141 0.864028 0.142969 0.216944
0 0.697266 0.714444 0.150469 0.426111
0 0.401719 0.302917 0.134063 0.174722
0 0.258672 0.250000 0.071406 0.068889
0 0.302656 0.270972 0.087813 0.084722
0 0.333125 0.220694 0.089375 0.063611
0 0.425547 0.210278 0.098281 0.090000
0 0.310000 0.448472 0.132500 0.233056
0 0.258047 0.390000 0.067031 0.132222
0 0.208828 0.308056 0.046094 0.068889