0 0.555469 0.183333 0.157812 0.088889
0 0.560156 0.231944 0.157812 0.113889
0 0.577344 0.315278 0.182812 0.197222
0 0.670312 0.240278 0.081250 0.219444
0 0.733594 0.254167 0.092188 0.202778
0 0.764062 0.243056 0.062500 0.225000
0 0.307812 0.919444 0.190625 0.155556
0 0.373437 0.284722 0.125000 0.147222
0 0.107813 0.544444 0.040625 0.116667
0 0.407031 0.312500 0.117188 0.186111
0 0.553125 0.506944 0.131250 0.363889
0 0.064844 0.640278 0.035937 0.147222
0 0.226562 0.388889 0.043750 0.172222
0 0.131250 0.666667 0.103125 0.161111
0 0.680469 0.875000 0.132812 0.244444
0 0.088281 0.626389 0.032813 0.163889
0 0.440625 0.601389 0.115625 0.375000
0 0.310156 0.505556 0.176563 0.283333
0 0.360938 0.645833 0.131250 0.330556
0 0.453906 0.363889 0.104688 0.244444
0 0.422656 0.188889 0.120313 0.077778
0 0.314844 0.268056 0.120313 0.202778
0 0.707031 0.448611 0.170313 0.291667
0 0.302344 0.387500 0.126562 0.202778
0 0.164062 0.308333 0.040625 0.077778
0 0.209375 0.694444 0.115625 0.311111
0 0.285156 0.236111 0.129688 0.127778
0 0.142969 0.595833 0.067187 0.125000
0 0.227344 0.263889 0.079687 0.133333
0 0.128125 0.544444 0.037500 0.122222