0 0.289844 0.811111 0.160938 0.372222
0 0.238281 0.412500 0.114062 0.375000
0 0.599219 0.777778 0.226562 0.277778
0 0.656250 0.847222 0.209375 0.233333
0 0.685156 0.937500 0.220312 0.119444
0 0.475781 0.343056 0.132812 0.263889
0 0.392188 0.337500 0.106250 0.275000
0 0.318750 0.313889 0.150000 0.261111
0 0.264062 0.309722 0.121875 0.252778
0 0.440625 0.204167 0.134375 0.119444
0 0.286719 0.200000 0.160938 0.127778
0 0.298438 0.163889 0.156250 0.072222
0 0.569531 0.237500 0.145313 0.152778
0 0.633594 0.186111 0.104688 0.055556
0 0.659375 0.241667 0.103125 0.111111
0 0.714063 0.583333 0.159375 0.161111
0 0.800781 0.868056 0.148438 0.191667
0 0.881250 0.541667 0.059375 0.127778
0 0.848437 0.690278 0.096875 0.252778
0 0.828125 0.584722 0.081250 0.141667
0 0.688281 0.438889 0.170313 0.211111
0 0.717187 0.301389 0.062500 0.158333
0 0.740625 0.279167 0.056250 0.086111
0 0.754687 0.227778 0.062500 0.100000
0 0.799219 0.322222 0.020313 0.055556
0 0.764844 0.293056 0.054688 0.108333
0 0.707812 0.215278 0.068750 0.058333
0 0.787500 0.372222 0.018750 0.044444
0 0.753906 0.397222 0.051562 0.166667
0 0.895312 0.733333 0.028125 0.083333