0 0.559609 0.164861 0.168281 0.094722
0 0.564609 0.216806 0.168281 0.121389
0 0.582969 0.305694 0.195000 0.210278
0 0.682109 0.225694 0.086719 0.234167
0 0.749609 0.276250 0.098281 0.287500
0 0.782109 0.228611 0.066719 0.240000
0 0.136328 0.705694 0.101719 0.234167
0 0.295391 0.933611 0.203281 0.132778
0 0.365391 0.273194 0.133281 0.156944
0 0.082109 0.550000 0.043281 0.124444
0 0.401250 0.302917 0.125000 0.198611
0 0.557188 0.510139 0.140000 0.388056
0 0.036328 0.652361 0.038281 0.156944
0 0.208828 0.384306 0.046719 0.183611
0 0.083828 0.551667 0.063281 0.097778
0 0.695469 0.895000 0.160000 0.210000
0 0.057266 0.667083 0.056719 0.216389
0 0.437109 0.610833 0.123281 0.400000
0 0.287969 0.505694 0.155000 0.254722
0 0.352187 0.658194 0.140000 0.352500
0 0.122266 0.601944 0.066719 0.097778
0 0.451328 0.357639 0.111719 0.260833
0 0.417891 0.170972 0.128281 0.083056
0 0.300391 0.259722 0.103281 0.213333
0 0.688750 0.511528 0.256562 0.254722
0 0.188906 0.243611 0.080000 0.186667
0 0.277969 0.225694 0.055000 0.074167
0 0.306328 0.391528 0.121719 0.192500
0 0.190547 0.710139 0.123281 0.331944
0 0.208906 0.255278 0.090000 0.168889
0 0.102109 0.527917 0.023281 0.074167