0 0.711953 0.803889 0.143594 0.363889
0 0.742500 0.438889 0.137500 0.312222
0 0.526406 0.346528 0.123750 0.258056
0 0.601250 0.345000 0.135937 0.260556
0 0.352266 0.874722 0.252031 0.146667
0 0.517188 0.951944 0.120625 0.067778
0 0.306562 0.486250 0.139063 0.249722
0 0.715000 0.237917 0.149688 0.133056
0 0.684453 0.190417 0.180156 0.108611
0 0.435469 0.254306 0.134375 0.160278
0 0.327188 0.254028 0.082500 0.105833
0 0.375234 0.202639 0.090156 0.062500
0 0.269062 0.643750 0.152812 0.157500
0 0.213281 0.806667 0.135937 0.141111
0 0.095703 0.596389 0.059531 0.149444
0 0.290391 0.289306 0.045781 0.154722
0 0.250781 0.240556 0.067187 0.067778
0 0.262187 0.316528 0.038125 0.138611
0 0.227109 0.293472 0.059531 0.086944
0 0.308047 0.392500 0.129844 0.236111
0 0.175156 0.661389 0.080937 0.198333
0 0.126250 0.755139 0.068750 0.157500
0 0.333203 0.788889 0.167969 0.116667
0 0.324141 0.929028 0.198594 0.114167
0 0.353828 0.755139 0.193906 0.135833
0 0.419453 0.700694 0.193906 0.304167
0 0.233203 0.343611 0.032031 0.116667
0 0.246172 0.433472 0.045781 0.089722
0 0.150000 0.597778 0.082500 0.146667
0 0.206484 0.339583 0.021406 0.065278
0 0.116406 0.505417 0.027500 0.038056
0 0.127109 0.571667 0.048906 0.116667