0 0.742188 0.760833 0.160312 0.398889
0 0.755312 0.377500 0.135937 0.355556
0 0.439219 0.773472 0.230938 0.359722
0 0.368594 0.860278 0.223438 0.279444
0 0.348594 0.938750 0.221563 0.122500
0 0.513359 0.338889 0.149844 0.290556
0 0.596016 0.315417 0.124219 0.295833
0 0.672578 0.240000 0.157344 0.243333
0 0.712344 0.244028 0.150938 0.239167
0 0.538750 0.193472 0.141562 0.147500
0 0.688437 0.162500 0.166875 0.139444
0 0.676250 0.120278 0.154688 0.093333
0 0.415781 0.248194 0.150313 0.209167
0 0.321094 0.267500 0.092812 0.128889
0 0.351406 0.216111 0.087188 0.067778
0 0.277266 0.693750 0.150156 0.228056
0 0.208672 0.901944 0.155156 0.196111
0 0.103281 0.670000 0.089688 0.215000
0 0.314297 0.512361 0.179531 0.278056
0 0.268594 0.338889 0.066250 0.163889
0 0.237891 0.281389 0.065156 0.103889
0 0.196563 0.390833 0.031875 0.063889
0 0.241016 0.372917 0.051094 0.165833
0 0.268828 0.263333 0.055156 0.068889
0 0.297422 0.415278 0.145469 0.248889
0 0.161719 0.707917 0.115000 0.160833
0 0.193359 0.310417 0.062031 0.124722
0 0.168750 0.787222 0.128125 0.174444
0 0.211172 0.397639 0.038281 0.111389
0 0.227891 0.490556 0.045469 0.105000
0 0.152109 0.624583 0.074219 0.078611