0 0.289844 0.811111 0.160938 0.372222
0 0.256250 0.412500 0.150000 0.375000
0 0.599219 0.763889 0.226562 0.250000
0 0.651563 0.861111 0.240625 0.205556
0 0.685156 0.937500 0.220312 0.119444
0 0.475781 0.343056 0.132812 0.263889
0 0.413281 0.355556 0.092188 0.266667
0 0.347656 0.294444 0.085938 0.294444
0 0.251563 0.279167 0.112500 0.230556
0 0.306250 0.193056 0.156250 0.191667
0 0.443750 0.201389 0.134375 0.108333
0 0.242969 0.159722 0.042188 0.052778
0 0.567187 0.226389 0.140625 0.169444
0 0.633594 0.202778 0.101562 0.094444
0 0.697656 0.455556 0.132812 0.211111
0 0.662500 0.494444 0.165625 0.200000
0 0.814844 0.837500 0.135937 0.186111
0 0.887500 0.755556 0.071875 0.133333
0 0.658594 0.275000 0.079687 0.116667
0 0.750781 0.758333 0.148438 0.266667
0 0.846875 0.629167 0.115625 0.169444
0 0.710938 0.611111 0.137500 0.150000
0 0.795312 0.680556 0.065625 0.227778
0 0.696875 0.359722 0.118750 0.230556
0 0.714844 0.280556 0.035937 0.105556
0 0.727344 0.218056 0.085938 0.097222
0 0.754687 0.333333 0.056250 0.161111
0 0.780469 0.245833 0.045312 0.091667
0 0.792969 0.308333 0.023438 0.055556
0 0.870313 0.538889 0.034375 0.072222
0 0.779687 0.333333 0.040625 0.100000