0 0.730000 0.763056 0.185312 0.404444
0 0.753750 0.356250 0.139063 0.396944
0 0.419609 0.783472 0.242031 0.297500
0 0.368828 0.870000 0.223906 0.260000
0 0.346406 0.945694 0.226875 0.108611
0 0.513281 0.339028 0.150000 0.290833
0 0.595781 0.315278 0.124375 0.296111
0 0.654453 0.285694 0.145781 0.273611
0 0.710234 0.238611 0.151406 0.245000
0 0.538281 0.189444 0.137500 0.133333
0 0.391484 0.512639 0.169219 0.259722
0 0.670781 0.136528 0.175313 0.128056
0 0.411328 0.264722 0.157969 0.208333
0 0.349766 0.240278 0.140469 0.131111
0 0.273828 0.564861 0.144531 0.256944
0 0.220703 0.904583 0.165469 0.190833
0 0.126562 0.836667 0.066250 0.117778
0 0.325703 0.325417 0.091406 0.128611
0 0.167031 0.726806 0.124687 0.233611
0 0.289375 0.709861 0.199687 0.236389
0 0.212734 0.760278 0.092656 0.278333
0 0.295312 0.442639 0.129062 0.210278
0 0.267344 0.357917 0.071875 0.178611
0 0.247813 0.336806 0.071250 0.145833
0 0.228203 0.281111 0.069531 0.121111
0 0.193359 0.392361 0.019844 0.066944
0 0.224609 0.354722 0.065156 0.125556
0 0.269062 0.267917 0.058125 0.066944
0 0.216406 0.440278 0.049375 0.116667
0 0.123672 0.635556 0.062344 0.149444