0 0.717187 0.811111 0.146875 0.372222
0 0.754687 0.431944 0.128125 0.308333
0 0.527344 0.343056 0.126562 0.263889
0 0.603906 0.336111 0.139063 0.255556
0 0.359375 0.876389 0.225000 0.158333
0 0.528906 0.962500 0.104688 0.069444
0 0.720313 0.251389 0.153125 0.147222
0 0.300781 0.404167 0.117188 0.263889
0 0.443750 0.244444 0.121875 0.172222
0 0.314063 0.247222 0.078125 0.088889
0 0.264844 0.588889 0.142187 0.211111
0 0.189844 0.841667 0.110937 0.183333
0 0.089063 0.588889 0.065625 0.161111
0 0.288281 0.277778 0.039062 0.133333
0 0.244531 0.236111 0.070312 0.077778
0 0.260156 0.298611 0.032813 0.141667
0 0.219531 0.300000 0.051562 0.100000
0 0.385156 0.181944 0.120313 0.069444
0 0.117969 0.761111 0.070312 0.161111
0 0.217188 0.709722 0.100000 0.186111
0 0.313281 0.927778 0.195312 0.138889
0 0.343750 0.776389 0.209375 0.191667
0 0.160156 0.687500 0.079687 0.263889
0 0.231250 0.333333 0.040625 0.127778
0 0.392188 0.258333 0.159375 0.161111
0 0.201563 0.336111 0.021875 0.061111
0 0.111719 0.505556 0.029687 0.038889
0 0.142187 0.590278 0.043750 0.086111
0 0.117188 0.577778 0.043750 0.105556
0 0.233594 0.423611 0.045312 0.080556