0 0.721562 0.814306 0.149688 0.371389
0 0.753516 0.437500 0.143281 0.325556
0 0.528125 0.341389 0.129062 0.268889
0 0.606172 0.332778 0.141719 0.257778
0 0.356250 0.900417 0.243750 0.158611
0 0.518516 0.968611 0.125781 0.062778
0 0.290859 0.478750 0.141719 0.277500
0 0.724766 0.235000 0.156094 0.124444
0 0.693047 0.178611 0.187969 0.113333
0 0.433359 0.245139 0.140156 0.166944
0 0.321172 0.245000 0.087656 0.116111
0 0.368828 0.189722 0.093906 0.062222
0 0.266094 0.632917 0.149688 0.184167
0 0.203281 0.816944 0.145000 0.178333
0 0.079062 0.601806 0.062187 0.155833
0 0.282031 0.281806 0.047813 0.161389
0 0.240625 0.230972 0.070000 0.070833
0 0.252656 0.310278 0.036562 0.144444
0 0.216094 0.286111 0.062187 0.090556
0 0.298047 0.390972 0.140156 0.249167
0 0.164297 0.675556 0.089219 0.201111
0 0.110859 0.767361 0.071719 0.164167
0 0.323516 0.798611 0.172031 0.124444
0 0.310703 0.930417 0.210156 0.139167
0 0.351406 0.774583 0.199063 0.155833
0 0.416563 0.726389 0.202188 0.348333
0 0.219922 0.335694 0.038281 0.133056
0 0.235156 0.429167 0.046250 0.087778
0 0.195234 0.337222 0.023906 0.056667
0 0.111641 0.566528 0.041406 0.101944
0 0.104531 0.507083 0.030312 0.039722
0 0.125937 0.593333 0.050938 0.110556