0 0.444531 0.183333 0.157812 0.088889
0 0.439844 0.231944 0.157812 0.113889
0 0.414844 0.330556 0.170313 0.227778
0 0.329688 0.240278 0.081250 0.219444
0 0.282031 0.277778 0.070312 0.250000
0 0.235937 0.243056 0.062500 0.225000
0 0.885938 0.762500 0.046875 0.102778
0 0.757812 0.887500 0.168750 0.186111
0 0.692187 0.454167 0.150000 0.302778
0 0.762500 0.311111 0.046875 0.088889
0 0.592969 0.634722 0.085938 0.363889
0 0.514844 0.361111 0.126562 0.238889
0 0.612500 0.277778 0.137500 0.155556
0 0.285156 0.823611 0.145313 0.347222
0 0.649219 0.241667 0.098437 0.133333
0 0.592969 0.320833 0.151562 0.175000
0 0.525000 0.606944 0.090625 0.352778
0 0.246094 0.505556 0.085938 0.388889
0 0.759375 0.391667 0.056250 0.138889
0 0.705469 0.306944 0.051562 0.119444
0 0.792969 0.287500 0.042188 0.080556
0 0.560156 0.169444 0.120313 0.111111
0 0.786719 0.700000 0.110937 0.205556
0 0.478125 0.768056 0.193750 0.402778
0 0.898438 0.527778 0.071875 0.111111
0 0.685156 0.213889 0.129688 0.183333
0 0.848437 0.580556 0.071875 0.111111
0 0.832812 0.759722 0.093750 0.247222
0 0.927344 0.644444 0.107813 0.127778
0 0.861719 0.686111 0.082812 0.094444