0 0.730391 0.779722 0.162969 0.391667
0 0.758125 0.401111 0.127812 0.334444
0 0.432188 0.754861 0.225312 0.367500
0 0.362109 0.817639 0.207031 0.199722
0 0.337656 0.936667 0.219375 0.126667
0 0.517188 0.340278 0.144063 0.281667
0 0.600469 0.327083 0.117813 0.280833
0 0.699531 0.282500 0.180000 0.185000
0 0.544453 0.196944 0.142344 0.138333
0 0.703047 0.185972 0.159219 0.135278
0 0.686172 0.140972 0.166094 0.114167
0 0.422344 0.253194 0.142500 0.176944
0 0.327422 0.268056 0.078594 0.132222
0 0.350625 0.207500 0.103438 0.100000
0 0.273828 0.683750 0.142969 0.188056
0 0.210234 0.804167 0.128594 0.351111
0 0.098594 0.638750 0.073438 0.189167
0 0.503437 0.349167 0.145937 0.323333
0 0.254531 0.338056 0.040625 0.146111
0 0.226875 0.280694 0.060625 0.110278
0 0.198047 0.369722 0.027656 0.064444
0 0.243516 0.353611 0.045469 0.152222
0 0.267812 0.231667 0.074063 0.098333
0 0.296172 0.463194 0.146719 0.304167
0 0.170625 0.703750 0.090312 0.219167
0 0.140469 0.819444 0.077187 0.167778
0 0.277422 0.288889 0.054844 0.189444
0 0.349141 0.897361 0.214844 0.200833
0 0.216328 0.376806 0.038281 0.129167
0 0.238359 0.468472 0.050781 0.098056