0 0.549375 0.180278 0.159375 0.098333
0 0.555078 0.228611 0.159844 0.123333
0 0.581953 0.325556 0.174531 0.237778
0 0.665312 0.230139 0.085312 0.224167
0 0.713594 0.264861 0.075000 0.254167
0 0.758984 0.227361 0.066719 0.228611
0 0.119453 0.796528 0.042344 0.094167
0 0.277969 0.824583 0.106250 0.339167
0 0.297969 0.484444 0.136250 0.274444
0 0.234141 0.326944 0.048594 0.091667
0 0.409687 0.640278 0.092812 0.368889
0 0.482500 0.362083 0.130937 0.246389
0 0.383281 0.284583 0.140313 0.163611
0 0.720938 0.810694 0.151875 0.355833
0 0.352969 0.246111 0.086563 0.124444
0 0.403672 0.326389 0.154844 0.183889
0 0.477031 0.608472 0.097188 0.358056
0 0.753828 0.490278 0.093281 0.393889
0 0.241094 0.408472 0.057500 0.150278
0 0.349453 0.476944 0.148594 0.272222
0 0.203281 0.305139 0.043750 0.083056
0 0.431250 0.169028 0.120938 0.126389
0 0.228594 0.695556 0.102813 0.319444
0 0.526875 0.766528 0.201250 0.414167
0 0.087891 0.571944 0.079219 0.148889
0 0.321016 0.211944 0.134531 0.188333
0 0.158672 0.599722 0.087969 0.118889
0 0.164531 0.785556 0.098437 0.258333
0 0.075703 0.669861 0.110156 0.134167
0 0.136406 0.696806 0.089375 0.105278