0 0.710156 0.811111 0.160938 0.372222
0 0.743750 0.412500 0.150000 0.375000
0 0.400781 0.763889 0.226562 0.250000
0 0.348438 0.861111 0.240625 0.205556
0 0.314844 0.937500 0.220312 0.119444
0 0.524219 0.343056 0.132812 0.263889
0 0.586719 0.355556 0.092188 0.266667
0 0.652344 0.294444 0.085938 0.294444
0 0.748437 0.279167 0.112500 0.230556
0 0.693750 0.193056 0.156250 0.191667
0 0.556250 0.201389 0.134375 0.108333
0 0.757031 0.159722 0.042188 0.052778
0 0.432812 0.226389 0.140625 0.169444
0 0.366406 0.202778 0.101562 0.094444
0 0.302344 0.455556 0.132812 0.211111
0 0.337500 0.494444 0.165625 0.200000
0 0.185156 0.837500 0.135937 0.186111
0 0.112500 0.755556 0.071875 0.133333
0 0.341406 0.275000 0.079687 0.116667
0 0.249219 0.758333 0.148438 0.266667
0 0.153125 0.629167 0.115625 0.169444
0 0.289062 0.611111 0.137500 0.150000
0 0.204687 0.680556 0.065625 0.227778
0 0.303125 0.359722 0.118750 0.230556
0 0.285156 0.280556 0.035937 0.105556
0 0.272656 0.218056 0.085938 0.097222
0 0.245312 0.333333 0.056250 0.161111
0 0.219531 0.245833 0.045312 0.091667
0 0.207031 0.308333 0.023438 0.055556
0 0.129688 0.538889 0.034375 0.072222
0 0.220312 0.333333 0.040625 0.100000