0 0.533359 0.173611 0.162656 0.122222
0 0.541406 0.220833 0.164375 0.147222
0 0.572969 0.313333 0.184688 0.262778
0 0.651250 0.205417 0.095625 0.235278
0 0.701094 0.232222 0.086875 0.263333
0 0.744531 0.187917 0.077500 0.236944
0 0.181406 0.798750 0.105000 0.305278
0 0.407734 0.327083 0.154844 0.207500
0 0.093281 0.720139 0.076563 0.179722
0 0.149922 0.651806 0.101406 0.098056
0 0.162031 0.860417 0.091563 0.153056
0 0.299219 0.464028 0.151562 0.247500
0 0.343750 0.924306 0.191250 0.151389
0 0.417031 0.656528 0.109375 0.368611
0 0.469766 0.369444 0.139219 0.269444
0 0.366094 0.315139 0.143437 0.175278
0 0.362187 0.828056 0.195000 0.343889
0 0.329766 0.303472 0.110156 0.156944
0 0.490391 0.600000 0.132031 0.387222
0 0.400938 0.216389 0.131250 0.110000
0 0.745469 0.452083 0.122812 0.406944
0 0.270000 0.429861 0.072188 0.205833
0 0.334531 0.600417 0.154375 0.223611
0 0.194609 0.352361 0.047344 0.089167
0 0.243047 0.733611 0.119219 0.289444
0 0.457891 0.812778 0.162031 0.374444
0 0.301641 0.260556 0.107969 0.126667
0 0.223047 0.340694 0.076719 0.182500
0 0.207031 0.394444 0.036875 0.070556
0 0.128828 0.597778 0.025469 0.060000