0 0.561797 0.153750 0.172969 0.097500
0 0.566953 0.206806 0.172969 0.124722
0 0.594375 0.315139 0.186563 0.249722
0 0.687656 0.216111 0.089063 0.240556
0 0.739922 0.257222 0.077031 0.273889
0 0.790312 0.219167 0.068437 0.246667
0 0.080781 0.800417 0.060000 0.118611
0 0.209922 0.908611 0.191719 0.182778
0 0.291328 0.416944 0.172969 0.203889
0 0.213359 0.293750 0.051406 0.097500
0 0.399141 0.648194 0.094219 0.398611
0 0.484844 0.348333 0.138750 0.261667
0 0.373516 0.260278 0.155781 0.176667
0 0.736484 0.832500 0.159219 0.335000
0 0.339297 0.206806 0.080469 0.130833
0 0.406875 0.304167 0.147187 0.191667
0 0.473594 0.617778 0.099375 0.386667
0 0.779297 0.506667 0.094219 0.426111
0 0.227891 0.372917 0.077031 0.194722
0 0.280156 0.601250 0.157500 0.213056
0 0.192812 0.249583 0.071875 0.118611
0 0.426484 0.170417 0.145469 0.124722
0 0.207344 0.710556 0.135313 0.273889
0 0.525078 0.786806 0.212344 0.426389
0 0.082422 0.517361 0.063281 0.136944
0 0.290469 0.199167 0.089063 0.109444
0 0.387188 0.132222 0.114688 0.133889
0 0.120078 0.595000 0.087344 0.109444
0 0.133828 0.705972 0.094219 0.258611
0 0.032500 0.646944 0.065000 0.176667