0 0.289844 0.811111 0.160938 0.372222
0 0.238281 0.412500 0.114062 0.375000
0 0.586719 0.766667 0.226562 0.300000
0 0.656250 0.847222 0.209375 0.233333
0 0.685156 0.937500 0.220312 0.119444
0 0.475781 0.343056 0.132812 0.263889
0 0.392188 0.337500 0.106250 0.275000
0 0.318750 0.313889 0.150000 0.261111
0 0.263281 0.315278 0.123438 0.252778
0 0.440625 0.204167 0.134375 0.119444
0 0.285156 0.202778 0.167187 0.133333
0 0.297656 0.163889 0.157812 0.066667
0 0.567969 0.233333 0.142187 0.144444
0 0.633594 0.186111 0.104688 0.055556
0 0.659375 0.241667 0.103125 0.111111
0 0.708594 0.584722 0.135937 0.186111
0 0.800781 0.845833 0.132812 0.180556
0 0.909375 0.576389 0.065625 0.180556
0 0.833594 0.577778 0.110937 0.138889
0 0.689844 0.491667 0.167187 0.183333
0 0.708594 0.280556 0.048438 0.105556
0 0.735938 0.288889 0.056250 0.144444
0 0.754687 0.227778 0.062500 0.100000
0 0.794531 0.323611 0.023438 0.058333
0 0.767969 0.301389 0.048438 0.086111
0 0.713281 0.215278 0.067187 0.063889
0 0.772656 0.379167 0.045312 0.069444
0 0.717969 0.387500 0.114062 0.197222
0 0.873437 0.763889 0.081250 0.150000
0 0.884375 0.509722 0.018750 0.030556
0 0.884375 0.552778 0.031250 0.066667
0 0.770312 0.437500 0.031250 0.069444