0 0.551641 0.182778 0.142031 0.047222
0 0.556719 0.247222 0.149375 0.107778
0 0.591562 0.312917 0.153750 0.160278
0 0.661094 0.255278 0.076875 0.207778
0 0.720938 0.298750 0.087188 0.252500
0 0.749766 0.257917 0.059219 0.213056
0 0.090234 0.635000 0.053281 0.147222
0 0.124141 0.543056 0.041406 0.126111
0 0.163281 0.629861 0.099062 0.152500
0 0.161953 0.785139 0.081406 0.152500
0 0.317891 0.898056 0.180469 0.147222
0 0.502109 0.928333 0.063594 0.086667
0 0.293594 0.655972 0.122812 0.268056
0 0.315625 0.324861 0.093125 0.163056
0 0.252188 0.670694 0.078438 0.260278
0 0.373437 0.289444 0.116875 0.155000
0 0.398594 0.307778 0.105000 0.165556
0 0.495312 0.348611 0.121250 0.205000
0 0.422891 0.355139 0.067969 0.170833
0 0.521250 0.527222 0.161250 0.194444
0 0.411094 0.499861 0.109375 0.360278
0 0.667734 0.861250 0.152344 0.220833
0 0.647656 0.744306 0.236563 0.291944
0 0.652891 0.445833 0.146406 0.341667
0 0.239609 0.251389 0.059219 0.110556
0 0.366719 0.200139 0.106563 0.134167
0 0.307578 0.260556 0.053281 0.097222
0 0.449453 0.207917 0.073906 0.091944
0 0.311250 0.450972 0.131562 0.231389
0 0.242422 0.382778 0.047344 0.078889
0 0.210703 0.311667 0.045781 0.068333