0 0.444531 0.183333 0.157812 0.088889
0 0.439844 0.231944 0.157812 0.113889
0 0.422656 0.315278 0.182812 0.197222
0 0.329688 0.240278 0.081250 0.219444
0 0.266406 0.268056 0.092188 0.230556
0 0.235937 0.243056 0.062500 0.225000
0 0.687500 0.919444 0.184375 0.155556
0 0.626563 0.284722 0.125000 0.147222
0 0.896875 0.558333 0.046875 0.144444
0 0.592969 0.312500 0.117188 0.186111
0 0.446875 0.506944 0.131250 0.363889
0 0.935156 0.640278 0.035937 0.147222
0 0.853125 0.637500 0.125000 0.136111
0 0.319531 0.875000 0.132812 0.244444
0 0.897656 0.748611 0.076563 0.180556
0 0.559375 0.601389 0.115625 0.375000
0 0.632812 0.531944 0.159375 0.325000
0 0.634375 0.634722 0.125000 0.352778
0 0.546094 0.363889 0.104688 0.244444
0 0.578125 0.195833 0.125000 0.091667
0 0.708594 0.401389 0.117188 0.269444
0 0.693750 0.268056 0.103125 0.163889
0 0.263281 0.488889 0.092188 0.466667
0 0.772656 0.393056 0.039062 0.080556
0 0.714063 0.231944 0.043750 0.063889
0 0.725781 0.580556 0.142187 0.138889
0 0.791406 0.736111 0.157812 0.266667
0 0.785937 0.315278 0.056250 0.086111
0 0.753906 0.204167 0.057813 0.086111
0 0.786719 0.261111 0.070312 0.111111
0 0.875781 0.543056 0.032813 0.091667