0 0.742734 0.744583 0.178906 0.409722
0 0.739375 0.366806 0.167813 0.355833
0 0.512734 0.337361 0.148906 0.296944
0 0.588125 0.313889 0.161562 0.303333
0 0.428281 0.895139 0.270625 0.209722
0 0.572891 0.937500 0.129844 0.123333
0 0.303672 0.543194 0.163594 0.293056
0 0.692969 0.171944 0.163437 0.178333
0 0.657344 0.128889 0.183125 0.162778
0 0.412344 0.270972 0.150625 0.201389
0 0.297812 0.308472 0.104688 0.142500
0 0.342500 0.234722 0.097812 0.084444
0 0.288672 0.698194 0.154219 0.239722
0 0.237344 0.887778 0.159375 0.214444
0 0.103359 0.714306 0.076406 0.176944
0 0.269063 0.349306 0.060625 0.169722
0 0.224453 0.311667 0.074219 0.088333
0 0.239922 0.384444 0.048594 0.152778
0 0.205547 0.372083 0.068281 0.105278
0 0.290937 0.465417 0.153438 0.263611
0 0.192109 0.757500 0.116094 0.233889
0 0.146875 0.867639 0.084062 0.179167
0 0.358672 0.880556 0.190781 0.165000
0 0.357734 0.938056 0.220781 0.123889
0 0.381641 0.804861 0.195156 0.179722
0 0.214297 0.424306 0.041719 0.126944
0 0.439453 0.709167 0.224844 0.305556
0 0.239219 0.505833 0.057500 0.102222
0 0.156094 0.701944 0.092812 0.160556
0 0.187188 0.422500 0.027187 0.066667
0 0.131328 0.683472 0.055781 0.133611
0 0.113437 0.618472 0.031250 0.046389