0 0.532500 0.173472 0.162812 0.123611
0 0.540625 0.220694 0.164688 0.148611
0 0.572422 0.312639 0.185156 0.264167
0 0.650469 0.204028 0.096250 0.235833
0 0.700313 0.230556 0.087500 0.263889
0 0.743672 0.185556 0.077969 0.237222
0 0.121406 0.745694 0.101250 0.115278
0 0.186641 0.774306 0.111094 0.293611
0 0.302891 0.519583 0.157656 0.285278
0 0.226172 0.338056 0.050469 0.043889
0 0.416875 0.647778 0.109062 0.350000
0 0.472734 0.371667 0.144844 0.255000
0 0.370000 0.313750 0.155625 0.214167
0 0.736172 0.772778 0.168906 0.377222
0 0.321563 0.295417 0.120938 0.154722
0 0.395000 0.343333 0.162812 0.207778
0 0.482812 0.611806 0.115000 0.370278
0 0.400078 0.217500 0.131406 0.111111
0 0.752266 0.448333 0.112969 0.405000
0 0.270391 0.417639 0.097969 0.217500
0 0.238594 0.370278 0.089063 0.093333
0 0.194297 0.355278 0.047656 0.089444
0 0.270469 0.704583 0.135000 0.309722
0 0.536016 0.749583 0.225781 0.446944
0 0.301016 0.262361 0.108281 0.127500
0 0.220547 0.315417 0.082969 0.178611
0 0.127266 0.594583 0.054219 0.074722
0 0.158594 0.648889 0.084375 0.092222
0 0.155000 0.772917 0.134688 0.282500
0 0.223438 0.475972 0.058750 0.159722