0 0.701484 0.823194 0.164219 0.353611
0 0.754453 0.475833 0.147656 0.338333
0 0.410000 0.723333 0.227188 0.386111
0 0.340859 0.761528 0.195469 0.175278
0 0.297969 0.901528 0.219687 0.165278
0 0.534844 0.347778 0.138750 0.282222
0 0.613437 0.358472 0.155938 0.287500
0 0.615391 0.530000 0.204844 0.435000
0 0.509844 0.955417 0.160938 0.089167
0 0.571406 0.205694 0.137500 0.128056
0 0.731484 0.268889 0.165781 0.137778
0 0.713750 0.198056 0.160000 0.112222
0 0.447578 0.236944 0.146094 0.178889
0 0.341641 0.223472 0.094531 0.132500
0 0.384062 0.171389 0.095937 0.066667
0 0.267734 0.599722 0.146719 0.222778
0 0.186406 0.758889 0.150625 0.176667
0 0.086484 0.523472 0.074219 0.192500
0 0.291016 0.263333 0.056719 0.181667
0 0.259063 0.197083 0.071875 0.079722
0 0.267109 0.273472 0.045781 0.146944
0 0.306094 0.407639 0.159062 0.318056
0 0.232344 0.244722 0.067812 0.092778
0 0.163437 0.602083 0.091563 0.200833
0 0.104922 0.693611 0.072656 0.159444
0 0.317266 0.841667 0.216719 0.200556
0 0.233750 0.296389 0.036562 0.118333
0 0.248750 0.392083 0.059062 0.102500
0 0.138672 0.545417 0.087656 0.150833
0 0.116484 0.484861 0.045156 0.103056
0 0.116719 0.448750 0.030000 0.045833