0 0.727031 0.816528 0.153438 0.366944
0 0.762813 0.437361 0.140313 0.333611
0 0.417812 0.757778 0.220312 0.353889
0 0.341953 0.812917 0.208906 0.179722
0 0.310234 0.941250 0.223594 0.117500
0 0.528750 0.338889 0.132187 0.275556
0 0.609531 0.337222 0.104375 0.278333
0 0.661797 0.375139 0.120781 0.243611
0 0.559844 0.185139 0.138750 0.113056
0 0.729453 0.215556 0.167969 0.116111
0 0.709766 0.148611 0.167969 0.081111
0 0.437344 0.234167 0.125625 0.159444
0 0.321563 0.180833 0.066875 0.063889
0 0.380312 0.177639 0.073438 0.046389
0 0.263672 0.650556 0.143594 0.197222
0 0.176328 0.749167 0.151719 0.290000
0 0.076016 0.588194 0.068594 0.188611
0 0.324844 0.259028 0.132187 0.139167
0 0.264453 0.289583 0.047344 0.176944
0 0.190234 0.325694 0.026094 0.069722
0 0.237578 0.309583 0.039219 0.153611
0 0.215547 0.253333 0.053906 0.116111
0 0.300391 0.427083 0.158281 0.295833
0 0.149375 0.668056 0.088125 0.185556
0 0.093906 0.769583 0.058750 0.162500
0 0.287344 0.282222 0.044062 0.168333
0 0.319922 0.891250 0.203906 0.179722
0 0.211406 0.332917 0.035937 0.124722
0 0.230937 0.435833 0.052187 0.092778
0 0.139609 0.547639 0.071719 0.072500