0 0.724609 0.794306 0.155781 0.383056
0 0.753672 0.418056 0.134219 0.328889
0 0.523438 0.341111 0.132812 0.273333
0 0.599922 0.328194 0.145156 0.265833
0 0.368828 0.898056 0.222344 0.175000
0 0.529062 0.960694 0.125000 0.078611
0 0.266328 0.602639 0.153906 0.180833
0 0.713750 0.222222 0.155938 0.133889
0 0.681250 0.169167 0.186875 0.125000
0 0.428359 0.253750 0.141406 0.174167
0 0.318359 0.262361 0.088594 0.120278
0 0.363828 0.204583 0.093594 0.068056
0 0.249922 0.765139 0.143594 0.268611
0 0.188828 0.856111 0.100156 0.210000
0 0.089453 0.630000 0.064531 0.157222
0 0.280937 0.301111 0.050625 0.161667
0 0.239063 0.254583 0.070312 0.074722
0 0.254922 0.327083 0.043906 0.141944
0 0.216172 0.310278 0.062969 0.093333
0 0.297344 0.426528 0.135937 0.270833
0 0.156016 0.665417 0.105156 0.163056
0 0.124609 0.790139 0.074219 0.166389
0 0.537734 0.732222 0.180156 0.426667
0 0.334141 0.937639 0.196719 0.124722
0 0.349922 0.793611 0.218281 0.196667
0 0.417812 0.692500 0.188437 0.252778
0 0.223750 0.363889 0.042188 0.133333
0 0.238359 0.447639 0.050781 0.103611
0 0.197188 0.361944 0.024688 0.057222
0 0.120703 0.592917 0.042969 0.103056
0 0.112187 0.535278 0.030625 0.041111
0 0.140000 0.619444 0.067812 0.099444