0 0.548828 0.179861 0.159531 0.099167
0 0.554609 0.228194 0.160156 0.124167
0 0.581562 0.325000 0.175000 0.238889
0 0.664766 0.229306 0.085781 0.224722
0 0.713203 0.263611 0.075469 0.254444
0 0.758594 0.225833 0.067187 0.228889
0 0.121172 0.668333 0.070156 0.146111
0 0.321250 0.915556 0.187812 0.168889
0 0.403047 0.314583 0.120781 0.185278
0 0.078203 0.669444 0.056094 0.147778
0 0.160078 0.579306 0.084844 0.102500
0 0.147344 0.795694 0.110312 0.129167
0 0.382031 0.468889 0.121875 0.163333
0 0.392969 0.650278 0.121562 0.371111
0 0.476094 0.365417 0.128438 0.252500
0 0.376953 0.295417 0.134219 0.155833
0 0.303437 0.449167 0.147187 0.181667
0 0.339687 0.311667 0.116250 0.193333
0 0.487500 0.609167 0.171250 0.360556
0 0.414922 0.202778 0.128281 0.091667
0 0.748359 0.489167 0.120469 0.396111
0 0.245469 0.365417 0.075000 0.157500
0 0.285703 0.643472 0.138906 0.228056
0 0.202500 0.294444 0.044375 0.108333
0 0.355781 0.857083 0.205000 0.257500
0 0.346641 0.571250 0.154531 0.231944
0 0.313906 0.231667 0.103750 0.112222
0 0.221875 0.247361 0.075938 0.124167