0 0.547891 0.179444 0.159844 0.100556
0 0.553750 0.227500 0.160312 0.125556
0 0.572891 0.309583 0.187344 0.210833
0 0.663984 0.227639 0.086406 0.225278
0 0.727656 0.241111 0.097188 0.217778
0 0.757656 0.223333 0.067812 0.229444
0 0.322734 0.924306 0.187969 0.151389
0 0.368437 0.294306 0.128438 0.156389
0 0.109219 0.574028 0.043438 0.119722
0 0.402656 0.319583 0.121562 0.194722
0 0.553203 0.502778 0.139844 0.373333
0 0.068594 0.672917 0.039375 0.149722
0 0.224219 0.409583 0.047813 0.175278
0 0.136719 0.674583 0.113125 0.169167
0 0.689219 0.860972 0.138437 0.254167
0 0.090859 0.693472 0.040156 0.183056
0 0.443125 0.605833 0.124375 0.383333
0 0.310469 0.519861 0.183125 0.296389
0 0.364531 0.656111 0.139063 0.340000
0 0.450703 0.367500 0.110469 0.252222
0 0.415391 0.195000 0.122031 0.086667
0 0.309531 0.282222 0.125000 0.211667
0 0.700000 0.460000 0.180000 0.296111
0 0.299141 0.406806 0.120469 0.219722
0 0.214297 0.716111 0.122969 0.319444
0 0.251563 0.278333 0.107813 0.143889
0 0.146016 0.611250 0.074219 0.108056
0 0.214766 0.275278 0.065469 0.129444
0 0.172578 0.311806 0.049844 0.061944
0 0.127109 0.566806 0.038594 0.113611