0 0.289844 0.811111 0.160938 0.372222
0 0.238281 0.412500 0.114062 0.375000
0 0.599219 0.777778 0.226562 0.277778
0 0.656250 0.847222 0.209375 0.233333
0 0.685156 0.937500 0.220312 0.119444
0 0.475781 0.343056 0.132812 0.263889
0 0.392188 0.337500 0.106250 0.275000
0 0.318750 0.313889 0.150000 0.261111
0 0.264062 0.309722 0.121875 0.252778
0 0.440625 0.204167 0.134375 0.119444
0 0.290625 0.201389 0.165625 0.113889
0 0.306250 0.161111 0.143750 0.072222
0 0.569531 0.237500 0.145313 0.152778
0 0.633594 0.186111 0.104688 0.055556
0 0.659375 0.241667 0.103125 0.111111
0 0.717187 0.566667 0.159375 0.205556
0 0.800781 0.868056 0.148438 0.191667
0 0.726562 0.297222 0.100000 0.155556
0 0.852344 0.691667 0.089063 0.238889
0 0.835938 0.580556 0.087500 0.133333
0 0.685937 0.434722 0.175000 0.202778
0 0.747656 0.261111 0.051562 0.083333
0 0.754687 0.227778 0.062500 0.100000
0 0.797656 0.323611 0.020313 0.058333
0 0.772656 0.302778 0.035937 0.061111
0 0.878906 0.513889 0.023438 0.038889
0 0.707812 0.215278 0.068750 0.058333
0 0.788281 0.365278 0.010937 0.025000
0 0.879687 0.559722 0.037500 0.075000
0 0.759375 0.405556 0.046875 0.166667