0 0.560000 0.148194 0.165625 0.081944
0 0.568594 0.209167 0.169063 0.124444
0 0.606953 0.307639 0.177656 0.230833
0 0.687187 0.218194 0.088750 0.239722
0 0.756484 0.269722 0.100781 0.294444
0 0.789766 0.221250 0.068281 0.245833
0 0.030703 0.656944 0.061406 0.170000
0 0.067344 0.550694 0.047813 0.145833
0 0.112656 0.650833 0.114375 0.176111
0 0.110859 0.830000 0.093906 0.176111
0 0.291016 0.937639 0.208281 0.124722
0 0.503750 0.972639 0.073438 0.054722
0 0.281719 0.538333 0.162187 0.255000
0 0.288516 0.291111 0.107656 0.203333
0 0.238203 0.679722 0.122969 0.221667
0 0.355078 0.257639 0.134844 0.179167
0 0.482266 0.325833 0.112656 0.236667
0 0.412422 0.372917 0.078594 0.251944
0 0.393516 0.271111 0.116094 0.151667
0 0.522422 0.509583 0.189531 0.270278
0 0.429375 0.606667 0.133125 0.318889
0 0.700859 0.898194 0.163906 0.203611
0 0.723984 0.758611 0.199844 0.464444
0 0.175000 0.293889 0.058125 0.118333
0 0.224453 0.216667 0.082031 0.078889
0 0.271484 0.233194 0.100781 0.075833
0 0.311562 0.175833 0.099062 0.057778
0 0.415703 0.171111 0.112656 0.103333
0 0.290156 0.429306 0.165625 0.224722
0 0.231406 0.380417 0.102500 0.109167
0 0.084531 0.549167 0.047813 0.124444