0 0.717187 0.811111 0.146875 0.372222
0 0.753125 0.437500 0.131250 0.319444
0 0.421094 0.744444 0.210938 0.338889
0 0.348438 0.797222 0.200000 0.172222
0 0.317969 0.930556 0.214062 0.133333
0 0.527344 0.343056 0.126562 0.263889
0 0.607812 0.341667 0.106250 0.266667
0 0.691406 0.302778 0.160938 0.194444
0 0.557031 0.195833 0.132812 0.108333
0 0.719531 0.211111 0.160938 0.100000
0 0.700781 0.161111 0.160938 0.077778
0 0.439844 0.244444 0.117188 0.161111
0 0.341406 0.226389 0.079687 0.141667
0 0.371094 0.180556 0.082812 0.055556
0 0.273438 0.641667 0.137500 0.188889
0 0.205469 0.726389 0.142187 0.263889
0 0.093750 0.581944 0.065625 0.180556
0 0.421875 0.234722 0.128125 0.158333
0 0.270313 0.298611 0.037500 0.158333
0 0.237500 0.243056 0.056250 0.102778
0 0.204687 0.327778 0.025000 0.061111
0 0.248438 0.315278 0.037500 0.147222
0 0.273438 0.225000 0.065625 0.077778
0 0.303125 0.427778 0.140625 0.283333
0 0.165625 0.650000 0.084375 0.188889
0 0.121875 0.768056 0.075000 0.163889
0 0.298438 0.273611 0.043750 0.169444
0 0.327344 0.872222 0.195312 0.172222
0 0.222656 0.337500 0.032813 0.125000
0 0.242188 0.436111 0.050000 0.088889
0 0.141406 0.556944 0.070312 0.080556