0 0.729766 0.816389 0.155156 0.367222
0 0.762891 0.434583 0.148594 0.337500
0 0.529219 0.334722 0.133750 0.278889
0 0.610078 0.333472 0.147031 0.281944
0 0.336797 0.910139 0.264219 0.179167
0 0.519297 0.976389 0.130469 0.047222
0 0.283203 0.477222 0.147031 0.287778
0 0.733125 0.224583 0.161875 0.129167
0 0.700078 0.165972 0.194844 0.117500
0 0.430938 0.235000 0.145313 0.173333
0 0.314453 0.234861 0.090781 0.120278
0 0.364063 0.177917 0.097500 0.064722
0 0.257578 0.637083 0.155156 0.190833
0 0.192344 0.828056 0.150313 0.185000
0 0.063438 0.604861 0.064375 0.161389
0 0.274141 0.273056 0.049531 0.167222
0 0.231172 0.220278 0.072656 0.073333
0 0.243516 0.302361 0.037969 0.149722
0 0.205469 0.277500 0.064375 0.093889
0 0.298047 0.381806 0.130469 0.231944
0 0.149375 0.669444 0.097500 0.226111
0 0.096562 0.776528 0.074375 0.170278
0 0.314531 0.817639 0.173437 0.117500
0 0.306250 0.950000 0.209687 0.100000
0 0.346719 0.773611 0.208125 0.152778
0 0.413594 0.734167 0.209687 0.361111
0 0.209687 0.329028 0.039688 0.138056
0 0.225313 0.425833 0.047813 0.091111
0 0.184141 0.330417 0.024844 0.058611
0 0.100625 0.575556 0.052812 0.126111
0 0.089922 0.506667 0.031406 0.041111
0 0.112187 0.596111 0.052812 0.114444