0 0.725000 0.793056 0.156250 0.383889
0 0.749688 0.417222 0.142500 0.330000
0 0.427266 0.742222 0.219844 0.372222
0 0.356172 0.809167 0.204219 0.188333
0 0.329297 0.934861 0.217344 0.130278
0 0.523359 0.341111 0.133281 0.273889
0 0.600547 0.333333 0.147344 0.277778
0 0.607891 0.407778 0.162031 0.301111
0 0.549141 0.191389 0.135469 0.118889
0 0.712578 0.221250 0.163594 0.124167
0 0.691875 0.145139 0.162812 0.090833
0 0.427969 0.252778 0.141562 0.172222
0 0.329062 0.240000 0.088125 0.153889
0 0.371250 0.204583 0.081250 0.067500
0 0.277031 0.652917 0.142500 0.213611
0 0.192422 0.733472 0.131094 0.309722
0 0.096328 0.614861 0.070156 0.185833
0 0.267031 0.321667 0.038125 0.147222
0 0.238672 0.251667 0.070469 0.072222
0 0.245625 0.337083 0.044375 0.147500
0 0.208359 0.320694 0.054219 0.109722
0 0.295391 0.454167 0.141094 0.280000
0 0.161250 0.681806 0.071563 0.180278
0 0.126797 0.798611 0.068281 0.168889
0 0.298438 0.293889 0.052187 0.153889
0 0.342734 0.891111 0.216719 0.189444
0 0.219453 0.360139 0.040469 0.122500
0 0.241719 0.461389 0.050938 0.101111
0 0.157812 0.576528 0.061250 0.079722
0 0.118438 0.565833 0.030625 0.099444