0 0.736797 0.762222 0.171094 0.401111
0 0.749297 0.383194 0.147344 0.344167
0 0.516484 0.338472 0.143594 0.289167
0 0.592109 0.315139 0.155469 0.283611
0 0.387578 0.906250 0.229531 0.187500
0 0.549219 0.953750 0.127188 0.092500
0 0.248906 0.660694 0.130312 0.229167
0 0.699141 0.178472 0.160781 0.184167
0 0.666250 0.145000 0.190625 0.150000
0 0.417734 0.264444 0.147656 0.192222
0 0.308359 0.288194 0.092969 0.131389
0 0.351328 0.225833 0.095781 0.083333
0 0.321875 0.588889 0.104688 0.234444
0 0.215391 0.893611 0.115781 0.212778
0 0.096406 0.686528 0.070938 0.164722
0 0.272891 0.332222 0.057344 0.167222
0 0.229141 0.291250 0.072969 0.083611
0 0.248125 0.361389 0.049688 0.146667
0 0.208750 0.350417 0.066562 0.101389
0 0.295781 0.447500 0.152188 0.280000
0 0.159297 0.684028 0.117031 0.169167
0 0.138516 0.841111 0.080781 0.175000
0 0.573984 0.728750 0.209844 0.341389
0 0.349531 0.942222 0.204062 0.115556
0 0.360859 0.823889 0.221406 0.221667
0 0.415000 0.707361 0.194062 0.245833
0 0.218672 0.402639 0.047656 0.138056
0 0.236797 0.484306 0.054844 0.109722
0 0.191953 0.404306 0.027031 0.060278
0 0.125937 0.645417 0.047188 0.108056
0 0.115000 0.588889 0.032188 0.045000
0 0.146406 0.668889 0.071563 0.107778