0 0.531797 0.173194 0.162969 0.124722
0 0.540078 0.220278 0.164844 0.149444
0 0.571953 0.312361 0.185469 0.265278
0 0.649844 0.203194 0.096562 0.236389
0 0.699922 0.229306 0.087969 0.264167
0 0.742969 0.184306 0.078438 0.237500
0 0.170234 0.805278 0.085469 0.271667
0 0.121953 0.609028 0.041406 0.066389
0 0.406953 0.328333 0.155469 0.209444
0 0.147891 0.865139 0.060469 0.138611
0 0.298984 0.466944 0.152344 0.249444
0 0.343672 0.895972 0.196094 0.208056
0 0.416563 0.640000 0.108438 0.333889
0 0.469219 0.369861 0.140313 0.270833
0 0.365156 0.317083 0.144063 0.176944
0 0.640156 0.841250 0.344687 0.256389
0 0.330859 0.311111 0.106719 0.146667
0 0.490937 0.600139 0.133750 0.388611
0 0.399531 0.218194 0.131562 0.111944
0 0.745234 0.448472 0.124531 0.408056
0 0.268750 0.419444 0.090000 0.188889
0 0.292578 0.635139 0.154531 0.236389
0 0.193984 0.357083 0.047656 0.089722
0 0.243672 0.795278 0.130781 0.306667
0 0.414219 0.811389 0.200937 0.371667
0 0.300625 0.263472 0.108438 0.128056
0 0.221406 0.333750 0.079063 0.205278
0 0.098047 0.743472 0.104531 0.156944
0 0.206562 0.398750 0.037187 0.070833
0 0.162266 0.654306 0.096406 0.130833