0 0.733828 0.818056 0.157344 0.363889
0 0.781406 0.435278 0.122188 0.342222
0 0.416563 0.764028 0.225937 0.363056
0 0.338828 0.820556 0.214219 0.184444
0 0.306172 0.945972 0.229219 0.108056
0 0.527031 0.334028 0.142187 0.282500
0 0.616562 0.310278 0.113750 0.241111
0 0.722813 0.307222 0.189062 0.175556
0 0.562969 0.185417 0.147187 0.128056
0 0.731172 0.204722 0.162344 0.107222
0 0.717031 0.146528 0.174063 0.098056
0 0.432500 0.210694 0.147187 0.196389
0 0.327969 0.226944 0.085312 0.133889
0 0.355547 0.167500 0.107031 0.092222
0 0.250937 0.664306 0.145625 0.181389
0 0.138828 0.842917 0.138906 0.187500
0 0.066094 0.590000 0.070312 0.193333
0 0.556406 0.543750 0.207500 0.374722
0 0.248438 0.331111 0.033437 0.116111
0 0.220000 0.226944 0.060313 0.110000
0 0.184766 0.317778 0.026719 0.065556
0 0.234219 0.307222 0.041875 0.157778
0 0.286875 0.457639 0.137187 0.315278
0 0.148828 0.674861 0.105469 0.238056
0 0.279375 0.243472 0.061875 0.220278
0 0.324609 0.896528 0.209219 0.187500
0 0.205703 0.328056 0.035156 0.133889
0 0.223359 0.433750 0.050156 0.095278