0 0.549609 0.213750 0.143281 0.080833
0 0.553828 0.257778 0.143281 0.103333
0 0.576562 0.339722 0.154688 0.191667
0 0.653906 0.265417 0.073750 0.199167
0 0.711250 0.309444 0.083750 0.247222
0 0.738984 0.267917 0.056719 0.204167
0 0.142422 0.551667 0.038281 0.131111
0 0.328984 0.881944 0.167344 0.141111
0 0.414766 0.330833 0.106406 0.168889
0 0.553047 0.507361 0.130469 0.330278
0 0.113359 0.629722 0.048281 0.131111
0 0.186484 0.570556 0.072344 0.098333
0 0.173594 0.748194 0.097812 0.110833
0 0.445312 0.593333 0.105000 0.340556
0 0.364531 0.513750 0.139063 0.216944
0 0.386406 0.619722 0.126250 0.307778
0 0.468047 0.377639 0.087969 0.221944
0 0.391484 0.303194 0.119219 0.143611
0 0.316328 0.435556 0.124844 0.206667
0 0.346719 0.307083 0.092188 0.161389
0 0.677266 0.779861 0.174531 0.254722
0 0.427578 0.221250 0.114844 0.085833
0 0.253906 0.678889 0.102188 0.280000
0 0.277266 0.397639 0.069531 0.176389
0 0.304922 0.609722 0.099219 0.186667
0 0.727578 0.491111 0.093594 0.332778
0 0.233203 0.296806 0.038281 0.095833
0 0.255234 0.267917 0.019844 0.058056
0 0.308516 0.262778 0.103594 0.148889