0 0.735078 0.817917 0.158594 0.364167
0 0.783125 0.433194 0.123125 0.344722
0 0.415391 0.764583 0.227656 0.365833
0 0.337031 0.821528 0.215937 0.185833
0 0.304141 0.946806 0.231094 0.106389
0 0.526797 0.331250 0.143281 0.284722
0 0.617031 0.330000 0.114688 0.287778
0 0.724062 0.304306 0.190625 0.176944
0 0.563125 0.181389 0.148438 0.128889
0 0.726641 0.199583 0.158594 0.086944
0 0.720703 0.141111 0.167031 0.090000
0 0.431562 0.206944 0.148438 0.197778
0 0.325156 0.214444 0.097812 0.135000
0 0.362344 0.161944 0.097812 0.083889
0 0.245938 0.659722 0.148438 0.197778
0 0.135469 0.844167 0.140000 0.188889
0 0.062109 0.589444 0.070781 0.195000
0 0.575703 0.683611 0.227656 0.371667
0 0.257812 0.301250 0.050625 0.170833
0 0.217266 0.223472 0.060781 0.110833
0 0.181953 0.314861 0.027031 0.065833
0 0.229922 0.302917 0.035469 0.161944
0 0.279687 0.455833 0.131562 0.317778
0 0.143906 0.674722 0.109688 0.240000
0 0.089063 0.772083 0.067500 0.123056
0 0.300000 0.262361 0.114688 0.170833
0 0.302500 0.884583 0.207500 0.185833
0 0.201328 0.325417 0.035469 0.140833
0 0.220625 0.431806 0.050625 0.095833
0 0.116172 0.565139 0.077656 0.116944