0 0.444531 0.183333 0.157812 0.088889
0 0.439844 0.231944 0.157812 0.113889
0 0.414844 0.330556 0.170313 0.227778
0 0.329688 0.240278 0.081250 0.219444
0 0.282031 0.277778 0.070312 0.250000
0 0.235937 0.243056 0.062500 0.225000
0 0.871875 0.784722 0.071875 0.141667
0 0.770312 0.891667 0.153125 0.183333
0 0.691406 0.443056 0.157812 0.147222
0 0.766406 0.319444 0.060937 0.111111
0 0.592969 0.634722 0.085938 0.363889
0 0.514844 0.361111 0.126562 0.238889
0 0.636719 0.269444 0.101562 0.172222
0 0.285156 0.823611 0.145313 0.347222
0 0.647656 0.233333 0.067187 0.127778
0 0.630469 0.334722 0.098437 0.158333
0 0.525000 0.606944 0.090625 0.352778
0 0.246094 0.505556 0.085938 0.388889
0 0.732031 0.247222 0.089063 0.105556
0 0.706250 0.597222 0.140625 0.188889
0 0.781250 0.270833 0.065625 0.108333
0 0.567969 0.198611 0.132812 0.113889
0 0.799219 0.706944 0.107813 0.308333
0 0.480469 0.752778 0.198437 0.411111
0 0.882031 0.515278 0.057813 0.125000
0 0.684375 0.219444 0.062500 0.094444
0 0.569531 0.300000 0.098437 0.277778
0 0.732812 0.368056 0.056250 0.186111
0 0.771094 0.412500 0.045312 0.158333
0 0.924219 0.666667 0.092188 0.138889
0 0.846875 0.644444 0.115625 0.155556