0 0.557891 0.178333 0.160781 0.090556
0 0.562734 0.228056 0.160781 0.116111
0 0.595313 0.319722 0.171875 0.215000
0 0.674844 0.236528 0.082812 0.223611
0 0.739297 0.284444 0.093906 0.274444
0 0.770234 0.239306 0.063594 0.229167
0 0.060703 0.645000 0.057344 0.158333
0 0.097266 0.546250 0.044531 0.135833
0 0.137031 0.790833 0.089063 0.183889
0 0.305625 0.924444 0.194062 0.151111
0 0.253906 0.681806 0.122500 0.237500
0 0.365391 0.273194 0.125781 0.166944
0 0.342266 0.342361 0.111406 0.141389
0 0.145000 0.623889 0.105000 0.121667
0 0.116328 0.537778 0.060469 0.090556
0 0.401172 0.300139 0.108281 0.169722
0 0.561016 0.508056 0.144844 0.370556
0 0.310469 0.567361 0.175000 0.229167
0 0.232500 0.381944 0.054062 0.186667
0 0.367656 0.212361 0.105000 0.175278
0 0.687656 0.887639 0.152812 0.224722
0 0.664453 0.720139 0.252969 0.291389
0 0.452813 0.367778 0.103438 0.248889
0 0.440937 0.604028 0.117813 0.381944
0 0.222969 0.383472 0.050938 0.104722
0 0.273828 0.342639 0.060469 0.192500
0 0.420234 0.196806 0.127344 0.104722
0 0.220547 0.237917 0.062031 0.107500
0 0.301641 0.230833 0.046094 0.059444
0 0.306562 0.449861 0.135313 0.169722
0 0.265156 0.219306 0.049375 0.110278