0 0.557891 0.177083 0.162031 0.091389
0 0.562734 0.227083 0.162031 0.116944
0 0.588359 0.328333 0.174844 0.233889
0 0.675937 0.235694 0.083437 0.225278
0 0.724844 0.274167 0.072188 0.256667
0 0.772109 0.238611 0.064219 0.231111
0 0.118984 0.781944 0.067344 0.125556
0 0.223281 0.904722 0.157187 0.188333
0 0.304453 0.423889 0.162031 0.191111
0 0.227422 0.317083 0.062656 0.114167
0 0.405547 0.640694 0.088281 0.373611
0 0.485781 0.359583 0.130000 0.245278
0 0.381484 0.276944 0.146094 0.165556
0 0.721641 0.828194 0.149219 0.343611
0 0.349375 0.235694 0.069062 0.116944
0 0.412734 0.318472 0.137969 0.179722
0 0.475312 0.612222 0.093125 0.362222
0 0.761797 0.508056 0.088281 0.399444
0 0.230547 0.386944 0.065781 0.105556
0 0.288438 0.592361 0.142813 0.179722
0 0.212109 0.267083 0.067344 0.111389
0 0.431172 0.192917 0.136406 0.116944
0 0.214609 0.715000 0.123594 0.316667
0 0.521094 0.761944 0.203750 0.422222
0 0.108594 0.518056 0.059375 0.128333
0 0.303594 0.220000 0.083437 0.102778
0 0.395000 0.164444 0.109062 0.145556
0 0.102188 0.535278 0.036875 0.065556
0 0.115156 0.565139 0.033750 0.142500
0 0.052422 0.632222 0.065781 0.168333
0 0.162500 0.592361 0.057813 0.116944