0 0.726641 0.772222 0.181094 0.398889
0 0.755391 0.366389 0.134531 0.393333
0 0.428672 0.780833 0.242344 0.338889
0 0.368203 0.859583 0.213281 0.280833
0 0.343047 0.937639 0.220469 0.124722
0 0.515234 0.339444 0.147031 0.286111
0 0.598125 0.319028 0.121250 0.292500
0 0.670312 0.275694 0.160312 0.250278
0 0.725313 0.275556 0.143750 0.282778
0 0.542422 0.195000 0.140469 0.142778
0 0.693594 0.173611 0.175000 0.154444
0 0.683125 0.128194 0.165313 0.092500
0 0.417578 0.249444 0.152656 0.169444
0 0.329531 0.274861 0.103750 0.119722
0 0.354687 0.206250 0.102500 0.070278
0 0.276719 0.659861 0.146562 0.195833
0 0.203672 0.897500 0.153281 0.205000
0 0.101406 0.629722 0.065938 0.159444
0 0.250156 0.427361 0.088125 0.223611
0 0.273672 0.301667 0.052031 0.105000
0 0.230313 0.285833 0.071250 0.116667
0 0.197187 0.379722 0.026875 0.067778
0 0.241484 0.342500 0.046719 0.117778
0 0.276406 0.252500 0.060625 0.065556
0 0.292422 0.465972 0.137656 0.311944
0 0.161484 0.720972 0.139531 0.263056
0 0.120703 0.581667 0.025781 0.048333
0 0.173984 0.344583 0.049219 0.055278
0 0.095547 0.721667 0.060469 0.172222
0 0.211484 0.395278 0.037344 0.116111
0 0.233437 0.479167 0.049062 0.104444