0 0.560156 0.160694 0.169375 0.095278
0 0.565156 0.212778 0.169375 0.122222
0 0.592031 0.318611 0.182812 0.244444
0 0.683437 0.221667 0.087188 0.235556
0 0.734609 0.261944 0.075469 0.268333
0 0.783984 0.224583 0.067031 0.241389
0 0.088984 0.777639 0.052031 0.125278
0 0.222266 0.896389 0.217969 0.207222
0 0.214766 0.306806 0.065469 0.119167
0 0.434531 0.634583 0.159375 0.411389
0 0.485625 0.366528 0.164375 0.238611
0 0.383281 0.250000 0.127500 0.155000
0 0.731250 0.830694 0.155938 0.338611
0 0.348828 0.217361 0.072031 0.125278
0 0.408516 0.296389 0.144219 0.187778
0 0.258359 0.639167 0.139219 0.235556
0 0.773125 0.506389 0.092188 0.417222
0 0.260859 0.275417 0.067031 0.092500
0 0.644844 0.652500 0.127500 0.375556
0 0.198828 0.254583 0.070469 0.116389
0 0.431875 0.168056 0.137500 0.098333
0 0.190469 0.710694 0.110625 0.330833
0 0.521641 0.759722 0.212969 0.417222
0 0.088203 0.507917 0.070469 0.134167
0 0.302891 0.199306 0.083906 0.101389
0 0.299375 0.434861 0.147500 0.280278
0 0.286016 0.351389 0.117344 0.220556
0 0.209766 0.406667 0.048594 0.170000
0 0.066328 0.655556 0.117344 0.196667
0 0.136797 0.569167 0.083906 0.137222