0 0.553516 0.192083 0.153281 0.086389
0 0.558047 0.239167 0.153281 0.110556
0 0.582422 0.334722 0.165469 0.221111
0 0.665078 0.247083 0.078906 0.213056
0 0.711328 0.283611 0.068281 0.242778
0 0.756094 0.249861 0.060625 0.218611
0 0.136953 0.758333 0.066719 0.129444
0 0.247656 0.874306 0.197188 0.210278
0 0.240859 0.324167 0.059219 0.107778
0 0.439766 0.620833 0.144219 0.372222
0 0.485938 0.378194 0.148750 0.215833
0 0.388906 0.289028 0.127500 0.161944
0 0.708203 0.813611 0.141094 0.337222
0 0.403359 0.229722 0.101719 0.151111
0 0.410781 0.320139 0.156250 0.180833
0 0.275859 0.640972 0.122969 0.266944
0 0.746250 0.505000 0.083437 0.377778
0 0.284062 0.298472 0.060625 0.105278
0 0.645312 0.653056 0.106250 0.350556
0 0.226562 0.276806 0.063750 0.105278
0 0.466172 0.198611 0.066719 0.088889
0 0.193906 0.685556 0.095625 0.280556
0 0.518516 0.734167 0.192656 0.377778
0 0.121875 0.500833 0.042500 0.072778
0 0.320625 0.226944 0.075938 0.091667
0 0.317578 0.494028 0.151719 0.231944
0 0.297812 0.378056 0.081875 0.188889
0 0.231094 0.417222 0.042500 0.153889
0 0.078594 0.651806 0.083437 0.143056
0 0.162812 0.591111 0.106250 0.107778