0 0.547969 0.179444 0.159688 0.100556
0 0.553750 0.227778 0.160312 0.125556
0 0.581016 0.324306 0.175469 0.240278
0 0.664062 0.227917 0.086250 0.225278
0 0.712578 0.261944 0.076094 0.255000
0 0.757734 0.223611 0.067656 0.229444
0 0.119922 0.800694 0.066406 0.110278
0 0.302266 0.737222 0.107656 0.340556
0 0.306562 0.457361 0.154688 0.219167
0 0.233359 0.330556 0.048906 0.092222
0 0.410313 0.641389 0.094375 0.370000
0 0.481953 0.362361 0.132031 0.248056
0 0.382422 0.286389 0.141094 0.165556
0 0.722266 0.807500 0.153281 0.357778
0 0.353906 0.239583 0.091563 0.114722
0 0.402891 0.327778 0.155469 0.186111
0 0.477500 0.608750 0.098750 0.359167
0 0.753750 0.486667 0.095000 0.395000
0 0.231328 0.414306 0.061719 0.170833
0 0.315938 0.523333 0.126250 0.200556
0 0.202344 0.309306 0.044062 0.083611
0 0.430781 0.178333 0.126562 0.145000
0 0.244453 0.671944 0.127031 0.231111
0 0.528047 0.766111 0.202969 0.416667
0 0.102891 0.572639 0.074844 0.135833
0 0.319688 0.213194 0.138750 0.204167
0 0.166875 0.602639 0.060313 0.115278
0 0.184531 0.787361 0.112500 0.279722
0 0.076484 0.675833 0.110781 0.135556
0 0.146406 0.694306 0.089688 0.103611