0 0.714375 0.807500 0.144687 0.366667
0 0.745234 0.439306 0.138594 0.314722
0 0.527344 0.346389 0.124687 0.260000
0 0.602891 0.345000 0.137031 0.262778
0 0.346484 0.882639 0.243281 0.166944
0 0.518125 0.956667 0.121562 0.068333
0 0.304219 0.488750 0.149375 0.249167
0 0.717500 0.236806 0.150938 0.134167
0 0.686797 0.188889 0.181719 0.109444
0 0.435859 0.253194 0.135469 0.161389
0 0.327344 0.253333 0.084687 0.112222
0 0.374922 0.201250 0.090781 0.063056
0 0.274062 0.636389 0.141562 0.177778
0 0.211797 0.810278 0.137031 0.142222
0 0.093281 0.598056 0.060000 0.150556
0 0.289531 0.288889 0.046250 0.156111
0 0.249531 0.239444 0.067812 0.068333
0 0.261094 0.316111 0.038437 0.139444
0 0.225625 0.292917 0.060000 0.087500
0 0.307188 0.390000 0.121562 0.221667
0 0.173359 0.658472 0.090781 0.210833
0 0.123984 0.758194 0.069219 0.158611
0 0.328125 0.789861 0.172500 0.101389
0 0.326406 0.936111 0.206250 0.109444
0 0.357266 0.755556 0.193906 0.142222
0 0.419609 0.703611 0.195469 0.306667
0 0.231797 0.343611 0.032344 0.117778
0 0.245000 0.434028 0.046250 0.090278
0 0.205625 0.342361 0.023125 0.054722
0 0.143281 0.577778 0.064687 0.120556
0 0.113984 0.506389 0.027656 0.038333
0 0.127891 0.570833 0.049219 0.117778