0 0.551641 0.202917 0.148281 0.083611
0 0.556172 0.248472 0.148281 0.106944
0 0.579531 0.341250 0.160000 0.214167
0 0.659609 0.256389 0.076406 0.206111
0 0.704453 0.291667 0.066094 0.235000
0 0.747812 0.259028 0.058750 0.211389
0 0.140469 0.634861 0.063125 0.133056
0 0.323359 0.886806 0.173281 0.161944
0 0.412266 0.320139 0.110156 0.166944
0 0.100156 0.633750 0.050000 0.135833
0 0.178750 0.554028 0.077812 0.091389
0 0.162500 0.756389 0.101250 0.115000
0 0.389375 0.463889 0.111563 0.146111
0 0.396094 0.634861 0.107187 0.341944
0 0.479687 0.372639 0.115937 0.229722
0 0.387891 0.300833 0.123281 0.138333
0 0.316016 0.440417 0.135156 0.161944
0 0.352734 0.313889 0.105781 0.175000
0 0.200078 0.330833 0.026406 0.062778
0 0.485703 0.602222 0.154219 0.328889
0 0.425391 0.215833 0.118906 0.078333
0 0.733047 0.505833 0.105781 0.365556
0 0.261016 0.349028 0.072031 0.135833
0 0.297734 0.634861 0.133594 0.211389
0 0.224219 0.289028 0.039688 0.099167
0 0.357109 0.826806 0.187969 0.229722
0 0.338828 0.557778 0.110156 0.208889
0 0.329922 0.236806 0.095469 0.099167
0 0.251484 0.249861 0.070469 0.125278