0 0.289844 0.811111 0.160938 0.372222
0 0.238281 0.412500 0.114062 0.375000
0 0.599219 0.777778 0.226562 0.277778
0 0.656250 0.847222 0.209375 0.233333
0 0.685156 0.937500 0.220312 0.119444
0 0.475781 0.343056 0.132812 0.263889
0 0.392188 0.337500 0.106250 0.275000
0 0.318750 0.304167 0.150000 0.241667
0 0.264062 0.309722 0.128125 0.247222
0 0.440625 0.204167 0.134375 0.119444
0 0.301563 0.181944 0.162500 0.125000
0 0.565625 0.229167 0.153125 0.163889
0 0.633594 0.218056 0.120313 0.102778
0 0.641406 0.172222 0.085938 0.055556
0 0.710156 0.516667 0.157812 0.188889
0 0.799219 0.831944 0.142187 0.236111
0 0.884375 0.751389 0.050000 0.108333
0 0.658594 0.291667 0.082812 0.116667
0 0.870313 0.568056 0.053125 0.063889
0 0.716406 0.672222 0.173437 0.177778
0 0.846094 0.644444 0.129688 0.188889
0 0.690625 0.425000 0.162500 0.205556
0 0.717969 0.319444 0.067187 0.177778
0 0.739844 0.312500 0.057813 0.169444
0 0.754687 0.227778 0.062500 0.100000
0 0.796875 0.323611 0.015625 0.058333
0 0.762500 0.300000 0.056250 0.122222
0 0.878906 0.513889 0.023438 0.038889
0 0.707812 0.219444 0.081250 0.072222
0 0.781250 0.387500 0.028125 0.075000
0 0.871094 0.562500 0.060937 0.108333