0 0.277344 0.811111 0.135937 0.372222
0 0.238281 0.438889 0.114062 0.316667
0 0.578906 0.758333 0.210938 0.316667
0 0.657031 0.837500 0.210938 0.252778
0 0.682031 0.930556 0.214062 0.133333
0 0.475781 0.343056 0.132812 0.263889
0 0.392188 0.337500 0.106250 0.275000
0 0.303125 0.293056 0.159375 0.180556
0 0.332031 0.411111 0.142187 0.372222
0 0.440625 0.204167 0.134375 0.119444
0 0.285938 0.215278 0.168750 0.080556
0 0.298438 0.161111 0.153125 0.061111
0 0.566406 0.231944 0.139063 0.180556
0 0.660937 0.229167 0.078125 0.113889
0 0.629687 0.188889 0.081250 0.055556
0 0.739062 0.662500 0.140625 0.186111
0 0.817187 0.844444 0.143750 0.183333
0 0.905469 0.583333 0.076563 0.200000
0 0.685156 0.468056 0.170313 0.225000
0 0.718750 0.290278 0.056250 0.152778
0 0.745313 0.226389 0.059375 0.091667
0 0.795312 0.327778 0.025000 0.061111
0 0.746875 0.315278 0.043750 0.147222
0 0.713281 0.215278 0.051562 0.058333
0 0.693750 0.369444 0.121875 0.227778
0 0.850781 0.620833 0.114062 0.119444
0 0.885938 0.750000 0.050000 0.105556
0 0.789062 0.245833 0.062500 0.086111
0 0.842187 0.712500 0.125000 0.152778
0 0.779687 0.336111 0.031250 0.105556
0 0.769531 0.431944 0.039062 0.097222
0 0.857031 0.550000 0.076563 0.072222