0 0.444531 0.183333 0.157812 0.088889
0 0.439844 0.231944 0.157812 0.113889
0 0.407813 0.322222 0.168750 0.211111
0 0.329688 0.240278 0.081250 0.219444
0 0.266406 0.287500 0.092188 0.269444
0 0.235937 0.243056 0.062500 0.225000
0 0.932813 0.641667 0.056250 0.155556
0 0.896875 0.544444 0.043750 0.133333
0 0.692187 0.919444 0.190625 0.155556
0 0.742969 0.693056 0.120313 0.263889
0 0.633594 0.276389 0.123438 0.163889
0 0.687500 0.365278 0.140625 0.119444
0 0.927344 0.683333 0.067187 0.127778
0 0.850781 0.637500 0.104688 0.113889
0 0.598437 0.302778 0.106250 0.166667
0 0.441406 0.506944 0.142187 0.363889
0 0.773438 0.383333 0.043750 0.183333
0 0.844531 0.526389 0.079687 0.080556
0 0.339844 0.715278 0.248438 0.286111
0 0.317188 0.883333 0.150000 0.227778
0 0.664062 0.575000 0.178125 0.227778
0 0.559375 0.601389 0.115625 0.375000
0 0.632031 0.219444 0.101562 0.183333
0 0.723437 0.344444 0.059375 0.188889
0 0.546875 0.370833 0.103125 0.230556
0 0.579688 0.201389 0.125000 0.102778
0 0.785937 0.250000 0.065625 0.155556
0 0.692187 0.245833 0.059375 0.080556
0 0.687500 0.445833 0.134375 0.213889
0 0.732031 0.223611 0.048438 0.108333
0 0.880469 0.541667 0.026562 0.116667