0 0.289844 0.811111 0.160938 0.372222
0 0.238281 0.412500 0.114062 0.375000
0 0.599219 0.763889 0.226562 0.250000
0 0.656250 0.847222 0.209375 0.233333
0 0.685156 0.937500 0.220312 0.119444
0 0.475781 0.343056 0.132812 0.263889
0 0.392188 0.337500 0.106250 0.275000
0 0.329688 0.316667 0.131250 0.244444
0 0.256250 0.279167 0.118750 0.225000
0 0.554688 0.986111 0.062500 0.022222
0 0.441406 0.201389 0.129688 0.108333
0 0.305469 0.176389 0.170313 0.091667
0 0.567187 0.248611 0.143750 0.169444
0 0.635156 0.211111 0.126562 0.094444
0 0.693750 0.405556 0.125000 0.244444
0 0.809375 0.855556 0.150000 0.194444
0 0.888281 0.763889 0.060937 0.111111
0 0.660937 0.283333 0.075000 0.100000
0 0.878125 0.509722 0.021875 0.047222
0 0.847656 0.636111 0.123438 0.194444
0 0.710938 0.613889 0.137500 0.227778
0 0.792969 0.693056 0.079687 0.263889
0 0.668750 0.506944 0.162500 0.197222
0 0.706250 0.298611 0.040625 0.147222
0 0.736719 0.308333 0.045312 0.205556
0 0.763281 0.361111 0.035937 0.122222
0 0.751563 0.222222 0.068750 0.111111
0 0.794531 0.319444 0.023438 0.077778
0 0.871094 0.538889 0.026562 0.044444
0 0.710156 0.215278 0.060937 0.063889
0 0.774219 0.329167 0.042188 0.119444