0 0.574688 0.194583 0.154062 0.114167
0 0.586797 0.245556 0.138281 0.136111
0 0.601406 0.338889 0.179375 0.238889
0 0.683594 0.270556 0.092812 0.232222
0 0.743984 0.328333 0.106406 0.283889
0 0.776719 0.289306 0.074375 0.234722
0 0.061563 0.566944 0.064375 0.164444
0 0.102578 0.476528 0.050781 0.140278
0 0.128359 0.737500 0.094219 0.175000
0 0.285938 0.884583 0.198125 0.187500
0 0.304688 0.512361 0.170313 0.185278
0 0.248203 0.641111 0.132969 0.263889
0 0.379141 0.254583 0.131719 0.184167
0 0.318437 0.647361 0.144063 0.298611
0 0.148125 0.577778 0.117500 0.148889
0 0.422578 0.379306 0.089844 0.264722
0 0.120938 0.455694 0.057500 0.094722
0 0.422031 0.288333 0.133438 0.187222
0 0.557969 0.516806 0.161250 0.386389
0 0.253516 0.340556 0.079844 0.194444
0 0.480547 0.221667 0.112656 0.202778
0 0.660156 0.743750 0.237812 0.323056
0 0.661250 0.893333 0.161562 0.213333
0 0.439687 0.584444 0.135937 0.373889
0 0.234062 0.338472 0.055313 0.110833
0 0.352891 0.202778 0.062344 0.183333
0 0.436875 0.189028 0.130000 0.123611
0 0.258672 0.218611 0.057031 0.113889
0 0.304297 0.388333 0.147656 0.250000
0 0.298594 0.189167 0.077500 0.122778