0 0.717187 0.811111 0.146875 0.372222
0 0.761719 0.437500 0.114062 0.319444
0 0.421094 0.744444 0.210938 0.338889
0 0.348438 0.797222 0.200000 0.172222
0 0.317969 0.930556 0.214062 0.133333
0 0.524219 0.343056 0.132812 0.263889
0 0.607812 0.341667 0.106250 0.266667
0 0.708594 0.311111 0.173437 0.161111
0 0.557813 0.204167 0.137500 0.119444
0 0.716406 0.215278 0.154688 0.113889
0 0.701562 0.168056 0.162500 0.091667
0 0.433594 0.243056 0.135937 0.158333
0 0.338281 0.244444 0.073438 0.122222
0 0.364063 0.187500 0.100000 0.086111
0 0.266406 0.651389 0.135937 0.169444
0 0.197656 0.762500 0.114062 0.336111
0 0.093750 0.581944 0.065625 0.180556
0 0.510156 0.350000 0.132812 0.305556
0 0.262500 0.304167 0.034375 0.141667
0 0.237500 0.243056 0.056250 0.102778
0 0.204687 0.327778 0.025000 0.061111
0 0.250781 0.318056 0.039062 0.147222
0 0.280469 0.200000 0.070312 0.088889
0 0.298438 0.434722 0.134375 0.286111
0 0.162500 0.656944 0.081250 0.208333
0 0.127344 0.768056 0.070312 0.158333
0 0.287500 0.258333 0.046875 0.183333
0 0.332031 0.875000 0.207813 0.172222
0 0.222656 0.337500 0.032813 0.125000
0 0.240625 0.431944 0.046875 0.091667