0 0.711328 0.808472 0.162344 0.374167
0 0.761406 0.409306 0.115625 0.376389
0 0.401953 0.778889 0.227656 0.280556
0 0.345156 0.849028 0.210312 0.235833
0 0.316641 0.939306 0.220781 0.121389
0 0.523672 0.342778 0.133906 0.265556
0 0.607109 0.336250 0.107344 0.276389
0 0.680469 0.301806 0.150938 0.243611
0 0.733594 0.306944 0.129062 0.254444
0 0.558203 0.203333 0.134844 0.121111
0 0.712812 0.168194 0.150625 0.154722
0 0.643281 0.160694 0.058125 0.064722
0 0.432500 0.227361 0.152188 0.160278
0 0.344219 0.213194 0.109688 0.079167
0 0.374531 0.187778 0.083125 0.062222
0 0.289922 0.524861 0.149219 0.190833
0 0.196016 0.860972 0.146094 0.204722
0 0.340547 0.293611 0.083281 0.117778
0 0.290469 0.672222 0.174063 0.168889
0 0.148203 0.653056 0.124219 0.210000
0 0.309141 0.427361 0.163281 0.207500
0 0.281328 0.322083 0.067969 0.178611
0 0.259375 0.315694 0.058437 0.170278
0 0.244297 0.230972 0.062969 0.100833
0 0.202500 0.330139 0.019062 0.064167
0 0.236641 0.303472 0.056719 0.123056
0 0.121172 0.518750 0.023594 0.039167
0 0.276172 0.225000 0.051719 0.056111
0 0.119062 0.563056 0.034687 0.078333
0 0.235469 0.388194 0.056563 0.081389