0 0.698203 0.825139 0.167344 0.349722
0 0.750781 0.482778 0.158125 0.343333
0 0.536094 0.348750 0.140937 0.285278
0 0.612422 0.361389 0.153594 0.290556
0 0.328125 0.854028 0.265000 0.195833
0 0.491328 0.958889 0.126719 0.082222
0 0.304141 0.450556 0.156094 0.280000
0 0.734453 0.273194 0.160156 0.163056
0 0.706172 0.219167 0.189844 0.143889
0 0.448984 0.238056 0.146094 0.187778
0 0.338672 0.217917 0.090156 0.123056
0 0.386797 0.175000 0.097031 0.083333
0 0.258750 0.598611 0.146250 0.190556
0 0.190625 0.759444 0.146562 0.168889
0 0.083281 0.523472 0.069375 0.163056
0 0.299375 0.247222 0.055625 0.166111
0 0.261797 0.190139 0.072344 0.081389
0 0.268281 0.268056 0.042500 0.150000
0 0.234609 0.239444 0.065781 0.099444
0 0.312031 0.355417 0.150625 0.265278
0 0.163750 0.598056 0.106563 0.221667
0 0.105078 0.690694 0.079219 0.173056
0 0.313594 0.763611 0.177812 0.150000
0 0.297422 0.908611 0.208281 0.144444
0 0.335781 0.732778 0.199687 0.156667
0 0.235391 0.294167 0.037969 0.124444
0 0.409297 0.698611 0.220781 0.335556
0 0.245938 0.385417 0.051875 0.099722
0 0.138281 0.534722 0.092500 0.164444
0 0.210938 0.282639 0.025625 0.070278
0 0.116562 0.504167 0.056563 0.127778
0 0.109453 0.434722 0.030156 0.043889