0 0.581406 0.201528 0.163437 0.129722
0 0.581875 0.250833 0.165625 0.154444
0 0.599141 0.346667 0.186094 0.253889
0 0.690156 0.288194 0.098750 0.238611
0 0.748672 0.353194 0.113906 0.293611
0 0.782656 0.315972 0.080625 0.239167
0 0.101328 0.449444 0.042969 0.151111
0 0.279531 0.865139 0.195312 0.202500
0 0.390625 0.234722 0.120625 0.193333
0 0.423672 0.290000 0.131406 0.215000
0 0.558203 0.522500 0.172656 0.397778
0 0.067500 0.533194 0.063750 0.145833
0 0.147500 0.483056 0.098750 0.131111
0 0.122656 0.674444 0.116875 0.149444
0 0.432891 0.584583 0.145781 0.401389
0 0.342812 0.471944 0.190000 0.281667
0 0.366250 0.596250 0.165938 0.371944
0 0.477344 0.356111 0.116250 0.267222
0 0.306719 0.375278 0.155000 0.261667
0 0.351875 0.244167 0.115312 0.202778
0 0.432969 0.965278 0.063438 0.054444
0 0.649844 0.836528 0.254688 0.326944
0 0.447813 0.174306 0.133125 0.126944
0 0.209687 0.625972 0.120000 0.276389
0 0.256719 0.322500 0.097188 0.203333
0 0.261953 0.576667 0.123906 0.269444
0 0.748828 0.566528 0.134531 0.411944
0 0.229219 0.200000 0.050625 0.115556
0 0.252891 0.172639 0.036094 0.068611
0 0.306797 0.188472 0.111719 0.177500