0 0.557578 0.172917 0.163281 0.091944
0 0.562422 0.223333 0.163281 0.117778
0 0.588281 0.325278 0.176250 0.235556
0 0.676250 0.231806 0.084062 0.226944
0 0.725625 0.270694 0.072813 0.258611
0 0.773281 0.234722 0.064687 0.232778
0 0.104766 0.697500 0.062969 0.146667
0 0.182422 0.741944 0.127656 0.247222
0 0.296484 0.474722 0.145469 0.264444
0 0.226875 0.296667 0.055000 0.080556
0 0.403984 0.639861 0.088906 0.376389
0 0.481484 0.362500 0.134219 0.235556
0 0.380469 0.279306 0.148750 0.189722
0 0.722344 0.827917 0.150313 0.344167
0 0.332734 0.244861 0.117969 0.126389
0 0.403906 0.315278 0.156875 0.181111
0 0.474219 0.611389 0.093750 0.365000
0 0.418438 0.187222 0.130937 0.086111
0 0.762734 0.506389 0.088906 0.402222
0 0.235781 0.366944 0.056563 0.117778
0 0.282578 0.354167 0.062969 0.183889
0 0.192969 0.290833 0.035625 0.063333
0 0.245469 0.664444 0.121250 0.333333
0 0.518750 0.765139 0.205313 0.419722
0 0.313437 0.210417 0.105000 0.109167
0 0.220391 0.239028 0.100156 0.155278
0 0.105703 0.525000 0.042031 0.048889
0 0.137187 0.576667 0.085625 0.083333
0 0.167109 0.685972 0.135781 0.209722
0 0.061953 0.599861 0.080781 0.221389