0 0.555078 0.183333 0.157656 0.088889
0 0.559766 0.231944 0.157656 0.113889
0 0.584766 0.330139 0.170156 0.227500
0 0.669844 0.240139 0.081250 0.219167
0 0.717500 0.277639 0.070312 0.249722
0 0.763594 0.242917 0.062500 0.224722
0 0.119531 0.788333 0.054688 0.150000
0 0.229453 0.877083 0.152969 0.210833
0 0.233438 0.319167 0.060937 0.111111
0 0.421484 0.634306 0.115469 0.363611
0 0.491797 0.360694 0.140469 0.216389
0 0.387109 0.277500 0.118594 0.166667
0 0.714297 0.822917 0.145156 0.346944
0 0.358438 0.236111 0.067187 0.116667
0 0.421484 0.294167 0.149844 0.150000
0 0.378672 0.435833 0.160781 0.177778
0 0.753437 0.505139 0.085938 0.388611
0 0.276406 0.290000 0.062500 0.086111
0 0.320078 0.573194 0.140469 0.246944
0 0.218594 0.270556 0.065625 0.108333
0 0.435547 0.188889 0.127969 0.094444
0 0.203672 0.617778 0.123281 0.191667
0 0.519141 0.752361 0.198281 0.410833
0 0.115625 0.506667 0.065625 0.125000
0 0.315469 0.219444 0.078125 0.094444
0 0.312266 0.417639 0.137344 0.219167
0 0.292031 0.350972 0.093750 0.208056
0 0.228750 0.412222 0.045312 0.158333
0 0.193672 0.753611 0.171719 0.180556
0 0.084375 0.664722 0.093750 0.163889
0 0.147578 0.669167 0.132656 0.183333