0 0.289844 0.811111 0.160938 0.372222
0 0.238281 0.412500 0.114062 0.375000
0 0.599219 0.763889 0.226562 0.250000
0 0.663281 0.847222 0.217188 0.233333
0 0.685156 0.937500 0.220312 0.119444
0 0.475781 0.343056 0.132812 0.263889
0 0.392188 0.337500 0.106250 0.275000
0 0.329688 0.316667 0.131250 0.244444
0 0.256250 0.279167 0.118750 0.225000
0 0.464062 0.954167 0.140625 0.086111
0 0.443750 0.201389 0.134375 0.108333
0 0.305469 0.176389 0.170313 0.091667
0 0.567187 0.229167 0.143750 0.175000
0 0.635156 0.191667 0.126562 0.138889
0 0.693750 0.405556 0.125000 0.244444
0 0.809375 0.855556 0.150000 0.194444
0 0.888281 0.763889 0.060937 0.111111
0 0.658594 0.275000 0.079687 0.116667
0 0.907813 0.590278 0.075000 0.158333
0 0.850000 0.647222 0.115625 0.194444
0 0.710938 0.613889 0.137500 0.227778
0 0.792969 0.693056 0.079687 0.263889
0 0.660156 0.506944 0.179688 0.197222
0 0.710156 0.302778 0.042188 0.150000
0 0.740625 0.287500 0.053125 0.191667
0 0.762500 0.366667 0.037500 0.100000
0 0.753906 0.216667 0.092188 0.122222
0 0.793750 0.312500 0.025000 0.075000
0 0.871875 0.536111 0.025000 0.061111
0 0.774219 0.329167 0.042188 0.119444
0 0.706250 0.215278 0.053125 0.058333