0 0.543516 0.177500 0.160781 0.107222
0 0.561641 0.223889 0.138281 0.129444
0 0.593906 0.310694 0.146562 0.226944
0 0.660234 0.220694 0.089219 0.228611
0 0.725156 0.261806 0.102188 0.282500
0 0.753828 0.212361 0.070781 0.231944
0 0.328672 0.926111 0.189844 0.147778
0 0.366797 0.286111 0.093906 0.185000
0 0.105469 0.606528 0.063125 0.153611
0 0.400234 0.323889 0.123906 0.199444
0 0.553203 0.500694 0.144531 0.378611
0 0.077187 0.689306 0.046875 0.132500
0 0.151719 0.608056 0.083750 0.081667
0 0.694141 0.852778 0.141719 0.259444
0 0.129375 0.805556 0.047188 0.099444
0 0.444531 0.608056 0.129375 0.387778
0 0.348906 0.562361 0.151562 0.315833
0 0.376328 0.645556 0.136094 0.358333
0 0.460547 0.368194 0.105781 0.255278
0 0.410625 0.205556 0.128125 0.106111
0 0.288203 0.426389 0.127031 0.282778
0 0.260078 0.385000 0.089219 0.184444
0 0.550859 0.855972 0.144219 0.287500
0 0.230703 0.419167 0.057031 0.114444
0 0.289141 0.619722 0.153281 0.238889
0 0.191172 0.784444 0.130469 0.252778
0 0.465703 0.231389 0.135469 0.176111
0 0.183516 0.309167 0.077031 0.108333
0 0.240547 0.263472 0.077969 0.091944
0 0.289687 0.280000 0.129688 0.147778
0 0.129766 0.564583 0.033594 0.067500