0 0.717187 0.811111 0.146875 0.372222
0 0.755469 0.437500 0.126562 0.319444
0 0.527344 0.343056 0.126562 0.263889
0 0.603906 0.336111 0.139063 0.255556
0 0.360156 0.887500 0.220312 0.158333
0 0.517969 0.962500 0.123438 0.069444
0 0.250000 0.586111 0.121875 0.177778
0 0.720313 0.238889 0.153125 0.122222
0 0.689063 0.183333 0.184375 0.111111
0 0.434375 0.248611 0.137500 0.163889
0 0.324219 0.248611 0.085938 0.113889
0 0.371094 0.195833 0.092188 0.063889
0 0.296875 0.611111 0.165625 0.300000
0 0.191406 0.837500 0.110937 0.197222
0 0.086719 0.598611 0.060937 0.152778
0 0.285938 0.284722 0.046875 0.158333
0 0.245312 0.234722 0.068750 0.069444
0 0.259375 0.308333 0.040625 0.138889
0 0.221094 0.288889 0.060937 0.088889
0 0.300781 0.413889 0.135937 0.255556
0 0.153125 0.616667 0.100000 0.138889
0 0.117969 0.761111 0.070312 0.161111
0 0.553125 0.759722 0.209375 0.347222
0 0.321094 0.936111 0.195312 0.122222
0 0.342969 0.788889 0.210938 0.177778
0 0.413281 0.665278 0.164062 0.225000
0 0.227344 0.343056 0.039062 0.130556
0 0.239844 0.427778 0.048438 0.100000
0 0.200781 0.338889 0.023438 0.055556
0 0.118750 0.563889 0.040625 0.100000
0 0.111719 0.505556 0.029687 0.038889
0 0.137500 0.591667 0.065625 0.094444