0 0.709375 0.809306 0.160000 0.370278
0 0.760625 0.412778 0.113437 0.372778
0 0.401719 0.762361 0.225312 0.248611
0 0.344922 0.845139 0.208281 0.231944
0 0.316250 0.935000 0.219062 0.118889
0 0.524453 0.344028 0.132031 0.262500
0 0.607500 0.338333 0.105625 0.273333
0 0.674297 0.323056 0.136719 0.276111
0 0.734922 0.310694 0.127344 0.245833
0 0.559297 0.205833 0.133594 0.118889
0 0.710156 0.170000 0.170938 0.107778
0 0.433516 0.245972 0.146094 0.165833
0 0.367500 0.219722 0.119687 0.102222
0 0.351953 0.175417 0.085469 0.058056
0 0.287578 0.516667 0.152344 0.198889
0 0.198203 0.849444 0.150781 0.196111
0 0.341797 0.296944 0.083906 0.118889
0 0.136719 0.563472 0.055937 0.071944
0 0.285156 0.671111 0.172500 0.176667
0 0.155391 0.653333 0.136719 0.201667
0 0.308516 0.418611 0.147656 0.207222
0 0.278125 0.320278 0.065312 0.182222
0 0.261875 0.313472 0.057500 0.168611
0 0.247031 0.229167 0.062187 0.099444
0 0.203516 0.325972 0.021719 0.060833
0 0.239375 0.301111 0.055937 0.121667
0 0.123516 0.513750 0.023281 0.038611
0 0.293672 0.220972 0.080781 0.071944
0 0.221484 0.393611 0.026406 0.085556
0 0.131250 0.562222 0.060625 0.107778