0 0.746719 0.747083 0.166250 0.404722
0 0.752891 0.362917 0.141406 0.360278
0 0.444219 0.776806 0.235625 0.370278
0 0.375391 0.861250 0.227031 0.277500
0 0.357109 0.940000 0.222969 0.120000
0 0.510391 0.338472 0.153906 0.296944
0 0.592578 0.310000 0.128594 0.300556
0 0.628594 0.259583 0.075313 0.154722
0 0.678125 0.285139 0.202188 0.366389
0 0.533281 0.191389 0.143125 0.154444
0 0.682656 0.155972 0.166875 0.134167
0 0.668594 0.110833 0.153438 0.101111
0 0.411328 0.253056 0.152969 0.216111
0 0.317734 0.276111 0.087031 0.133889
0 0.344375 0.227917 0.086563 0.077500
0 0.280547 0.713472 0.154844 0.238056
0 0.216094 0.908194 0.157812 0.183611
0 0.106406 0.692500 0.092812 0.218333
0 0.316484 0.517917 0.179844 0.266389
0 0.265781 0.352083 0.068750 0.166389
0 0.234063 0.296111 0.066562 0.106667
0 0.193281 0.409861 0.032500 0.062500
0 0.240156 0.384444 0.062500 0.164444
0 0.264688 0.276389 0.055937 0.071667
0 0.297969 0.422083 0.148438 0.268611
0 0.160781 0.708472 0.121250 0.145833
0 0.200000 0.322361 0.078438 0.104722
0 0.176328 0.786944 0.141719 0.191667
0 0.209531 0.413889 0.040000 0.112778
0 0.227891 0.505833 0.047031 0.106667
0 0.149844 0.646806 0.065938 0.082500