0 0.555469 0.183333 0.157812 0.088889
0 0.560156 0.231944 0.157812 0.113889
0 0.577344 0.315278 0.182812 0.197222
0 0.670312 0.240278 0.081250 0.219444
0 0.733594 0.268056 0.092188 0.230556
0 0.764062 0.243056 0.062500 0.225000
0 0.312500 0.919444 0.184375 0.155556
0 0.373437 0.284722 0.125000 0.147222
0 0.107813 0.545833 0.040625 0.119444
0 0.407031 0.312500 0.117188 0.186111
0 0.553125 0.506944 0.131250 0.363889
0 0.064844 0.640278 0.035937 0.147222
0 0.150000 0.633333 0.134375 0.133333
0 0.680469 0.875000 0.132812 0.244444
0 0.089063 0.666667 0.043750 0.166667
0 0.440625 0.601389 0.115625 0.375000
0 0.349219 0.552778 0.114062 0.327778
0 0.365625 0.634722 0.125000 0.352778
0 0.453906 0.363889 0.104688 0.244444
0 0.421875 0.195833 0.125000 0.091667
0 0.291406 0.401389 0.117188 0.269444
0 0.314844 0.268056 0.120313 0.202778
0 0.739062 0.480556 0.112500 0.400000
0 0.227344 0.393056 0.039062 0.080556
0 0.285938 0.231944 0.043750 0.063889
0 0.279687 0.591667 0.153125 0.177778
0 0.179688 0.755556 0.121875 0.238889
0 0.214062 0.315278 0.056250 0.086111
0 0.246094 0.213889 0.060937 0.105556
0 0.209375 0.248611 0.065625 0.108333
0 0.122656 0.506944 0.023438 0.047222