0 0.730234 0.819722 0.176094 0.360556
0 0.786641 0.406806 0.124844 0.410278
0 0.405391 0.794444 0.247969 0.328333
0 0.329219 0.877500 0.229063 0.245000
0 0.297734 0.958056 0.241094 0.083889
0 0.526719 0.331111 0.145313 0.288889
0 0.618281 0.324861 0.116250 0.300833
0 0.699531 0.291389 0.162500 0.246111
0 0.759375 0.302083 0.141875 0.285833
0 0.565234 0.179028 0.147031 0.130833
0 0.732812 0.185000 0.188125 0.142778
0 0.724219 0.131944 0.170938 0.091111
0 0.425937 0.214028 0.159062 0.158056
0 0.328359 0.224583 0.107656 0.112500
0 0.360000 0.160833 0.109375 0.070000
0 0.278750 0.574167 0.196563 0.264444
0 0.153984 0.876667 0.165781 0.231111
0 0.041172 0.637917 0.056406 0.094167
0 0.277109 0.245833 0.059844 0.161111
0 0.244688 0.291389 0.035937 0.142778
0 0.219844 0.216944 0.071875 0.115556
0 0.175391 0.315833 0.023906 0.076111
0 0.227578 0.289861 0.046094 0.164167
0 0.270391 0.183472 0.066719 0.054722
0 0.278828 0.403889 0.128281 0.288889
0 0.115547 0.683611 0.150469 0.252222
0 0.077969 0.777917 0.068437 0.112500
0 0.052344 0.516389 0.061562 0.155000
0 0.080469 0.551389 0.042812 0.115556
0 0.192578 0.332500 0.034219 0.121667
0 0.211250 0.428194 0.047813 0.106389