0 0.721016 0.814167 0.148906 0.371667
0 0.752734 0.438056 0.142656 0.323889
0 0.528516 0.342361 0.128281 0.267500
0 0.606172 0.340972 0.141094 0.270278
0 0.354219 0.897222 0.242500 0.160556
0 0.518984 0.967639 0.125156 0.064722
0 0.292422 0.478889 0.141094 0.276111
0 0.724219 0.236667 0.155313 0.123889
0 0.692578 0.180278 0.187031 0.112778
0 0.434219 0.246389 0.139375 0.166111
0 0.322500 0.246667 0.087188 0.115556
0 0.370000 0.191528 0.093437 0.061944
0 0.267891 0.632361 0.148906 0.183056
0 0.205234 0.815694 0.144219 0.177500
0 0.081641 0.601389 0.061719 0.155000
0 0.283750 0.283056 0.047500 0.160556
0 0.242500 0.232500 0.069687 0.070556
0 0.254453 0.311250 0.036406 0.143611
0 0.217891 0.287222 0.061719 0.090000
0 0.309141 0.375972 0.120469 0.222500
0 0.165625 0.666111 0.090312 0.205556
0 0.113281 0.766111 0.071250 0.163333
0 0.358125 0.776111 0.199687 0.160556
0 0.321641 0.930972 0.196406 0.138056
0 0.352656 0.773333 0.198125 0.155000
0 0.417656 0.725417 0.201250 0.346389
0 0.221953 0.336806 0.037969 0.132500
0 0.237031 0.429722 0.045937 0.087222
0 0.197344 0.338194 0.023750 0.056389
0 0.114219 0.566250 0.041250 0.101389
0 0.107109 0.507222 0.030156 0.039444
0 0.128438 0.592917 0.050625 0.109722