0 0.735234 0.818611 0.158281 0.362778
0 0.771484 0.435417 0.146406 0.344167
0 0.416328 0.766250 0.227344 0.365278
0 0.337891 0.822778 0.215469 0.185556
0 0.305156 0.947361 0.230625 0.105278
0 0.530703 0.333611 0.136406 0.284444
0 0.605625 0.331944 0.138125 0.287222
0 0.619922 0.412917 0.166719 0.311389
0 0.562656 0.175000 0.143125 0.116667
0 0.737812 0.221250 0.173437 0.119722
0 0.717656 0.137500 0.173437 0.083889
0 0.430469 0.230417 0.148125 0.173611
0 0.324531 0.207917 0.090938 0.158611
0 0.376719 0.168889 0.077500 0.062778
0 0.257188 0.647917 0.148125 0.218611
0 0.143437 0.801944 0.126250 0.287222
0 0.063516 0.590833 0.070781 0.194444
0 0.255391 0.290000 0.037031 0.155556
0 0.226875 0.212361 0.074063 0.071944
0 0.231875 0.305000 0.043750 0.155556
0 0.192266 0.282639 0.058906 0.110833
0 0.288359 0.427917 0.153281 0.311389
0 0.146875 0.664444 0.085938 0.215556
0 0.290000 0.263333 0.052187 0.161667
0 0.320234 0.906944 0.227344 0.186111
0 0.203203 0.327639 0.037031 0.128611
0 0.224375 0.438194 0.052187 0.104722
0 0.120000 0.547639 0.069062 0.065833