0 0.536484 0.156250 0.152031 0.075278
0 0.554141 0.221667 0.146094 0.137222
0 0.592344 0.305694 0.162187 0.235833
0 0.655703 0.212778 0.092656 0.232222
0 0.721250 0.248889 0.106250 0.283889
0 0.749141 0.199444 0.074219 0.234444
0 0.076719 0.714167 0.064375 0.164444
0 0.107344 0.611389 0.050625 0.140000
0 0.153438 0.695694 0.112813 0.178056
0 0.160703 0.859167 0.094219 0.175000
0 0.331094 0.928194 0.198125 0.143611
0 0.526484 0.948750 0.071719 0.102500
0 0.296484 0.626806 0.141719 0.226944
0 0.296406 0.347639 0.107187 0.188056
0 0.269219 0.702361 0.122812 0.220833
0 0.355078 0.300139 0.131719 0.184167
0 0.382578 0.314861 0.119844 0.193056
0 0.486797 0.340417 0.139219 0.237500
0 0.410938 0.360417 0.081250 0.191944
0 0.519844 0.503611 0.185938 0.275556
0 0.440078 0.584167 0.146094 0.367222
0 0.716484 0.834167 0.164531 0.280000
0 0.723437 0.670000 0.199687 0.475000
0 0.503906 0.266389 0.149688 0.176111
0 0.209141 0.299722 0.088906 0.132778
0 0.291172 0.249583 0.110469 0.191389
0 0.341094 0.215833 0.028437 0.040556
0 0.408516 0.198750 0.109844 0.092500
0 0.298906 0.481250 0.151562 0.266944
0 0.234609 0.426528 0.069531 0.118611
0 0.185234 0.352500 0.052031 0.080000