0 0.713438 0.813194 0.162812 0.373611
0 0.765625 0.411528 0.115312 0.379167
0 0.400625 0.734722 0.229063 0.188333
0 0.342891 0.851250 0.211719 0.235833
0 0.313750 0.941111 0.222812 0.117778
0 0.525469 0.341528 0.134375 0.266944
0 0.610000 0.335694 0.107500 0.278056
0 0.675625 0.314722 0.134375 0.241667
0 0.746641 0.290833 0.124844 0.255556
0 0.492188 0.831528 0.169063 0.336944
0 0.561016 0.196667 0.132656 0.106667
0 0.697656 0.172778 0.172187 0.092778
0 0.428359 0.244306 0.148594 0.179722
0 0.368281 0.206389 0.135937 0.103889
0 0.297031 0.415833 0.113750 0.241667
0 0.192891 0.851250 0.151719 0.185278
0 0.102813 0.755556 0.060000 0.106667
0 0.338203 0.280833 0.075781 0.101111
0 0.149453 0.637778 0.124844 0.196667
0 0.289219 0.619583 0.145313 0.221944
0 0.210156 0.689861 0.085312 0.266944
0 0.335000 0.514028 0.167500 0.174167
0 0.290703 0.290694 0.047344 0.131944
0 0.263125 0.299306 0.058437 0.176944
0 0.243359 0.220556 0.063281 0.109444
0 0.202266 0.316250 0.018906 0.064722
0 0.232344 0.280833 0.060000 0.106667
0 0.285312 0.216389 0.055313 0.056111
0 0.221328 0.370972 0.044219 0.112500
0 0.123281 0.526806 0.025312 0.070278