0 0.542812 0.177222 0.160938 0.108333
0 0.549375 0.225000 0.161875 0.133333
0 0.578203 0.320417 0.178906 0.248611
0 0.659531 0.219583 0.089688 0.229167
0 0.708594 0.250972 0.080000 0.258056
0 0.753281 0.210556 0.071250 0.232222
0 0.140625 0.720694 0.122188 0.109167
0 0.405078 0.319722 0.134844 0.193333
0 0.081719 0.694583 0.058750 0.150833
0 0.150469 0.652361 0.109062 0.090833
0 0.153047 0.816389 0.112344 0.135556
0 0.305078 0.523194 0.162344 0.183056
0 0.330859 0.920833 0.187344 0.158333
0 0.407969 0.649306 0.090312 0.361389
0 0.473594 0.366806 0.132812 0.259167
0 0.371484 0.303194 0.139844 0.163611
0 0.319063 0.401528 0.163750 0.216389
0 0.334453 0.314722 0.115781 0.180000
0 0.487969 0.611528 0.121250 0.359722
0 0.409297 0.207778 0.129531 0.098889
0 0.732422 0.476528 0.140156 0.403611
0 0.253984 0.379167 0.082344 0.200556
0 0.270547 0.679028 0.139219 0.226944
0 0.199375 0.324722 0.045312 0.085556
0 0.362578 0.865278 0.209219 0.268889
0 0.335938 0.689028 0.156562 0.231944
0 0.308828 0.242639 0.105469 0.118056
0 0.215937 0.308611 0.047500 0.141111
0 0.212812 0.370278 0.039688 0.062778