0 0.501563 0.836111 0.153125 0.305556
0 0.712500 0.290278 0.159375 0.202778
0 0.194531 0.737500 0.057813 0.141667
0 0.463281 0.526389 0.085938 0.175000
0 0.764062 0.188889 0.121875 0.105556
0 0.357031 0.697222 0.160938 0.100000
0 0.368750 0.368056 0.071875 0.080556
0 0.437500 0.400000 0.068750 0.066667
0 0.303906 0.436111 0.070312 0.138889
0 0.313281 0.491667 0.067187 0.122222
0 0.564844 0.706944 0.198437 0.236111
0 0.760938 0.594444 0.268750 0.277778
0 0.621094 0.280556 0.182812 0.138889
0 0.736719 0.395833 0.157812 0.208333
0 0.729688 0.905556 0.128125 0.183333
0 0.428906 0.933333 0.104688 0.127778
0 0.267188 0.588889 0.065625 0.144444
0 0.634375 0.538889 0.196875 0.188889
0 0.810156 0.800000 0.139063 0.394444
0 0.501563 0.388889 0.087500 0.177778
0 0.802344 0.294444 0.076563 0.322222
0 0.751563 0.312500 0.075000 0.169444
0 0.585938 0.365278 0.093750 0.113889
0 0.846094 0.326389 0.060937 0.191667
0 0.582812 0.480556 0.196875 0.150000
0 0.585938 0.248611 0.109375 0.113889
0 0.226562 0.622222 0.031250 0.077778
0 0.250000 0.691667 0.075000 0.105556
0 0.461719 0.311111 0.104688 0.083333
0 0.648438 0.408333 0.181250 0.116667