0 0.553125 0.183333 0.162500 0.088889
0 0.557813 0.231944 0.162500 0.113889
0 0.592187 0.322222 0.168750 0.211111
0 0.670312 0.240278 0.081250 0.219444
0 0.733594 0.287500 0.092188 0.269444
0 0.764062 0.243056 0.062500 0.225000
0 0.067187 0.641667 0.056250 0.155556
0 0.103125 0.544444 0.043750 0.133333
0 0.142969 0.800000 0.085938 0.161111
0 0.307812 0.919444 0.190625 0.155556
0 0.483594 0.951389 0.107813 0.091667
0 0.306250 0.545833 0.162500 0.158333
0 0.257031 0.662500 0.120313 0.202778
0 0.366406 0.276389 0.123438 0.163889
0 0.150000 0.593056 0.084375 0.075000
0 0.482812 0.338889 0.103125 0.216667
0 0.144531 0.663889 0.110937 0.105556
0 0.416406 0.393056 0.076563 0.252778
0 0.401562 0.302778 0.106250 0.166667
0 0.558594 0.506944 0.142187 0.363889
0 0.260937 0.380556 0.068750 0.188889
0 0.425000 0.595833 0.128125 0.358333
0 0.672656 0.715278 0.223438 0.286111
0 0.682813 0.883333 0.150000 0.227778
0 0.226562 0.384722 0.050000 0.102778
0 0.323437 0.225000 0.096875 0.100000
0 0.420312 0.201389 0.125000 0.102778
0 0.299219 0.422222 0.135937 0.227778
0 0.203125 0.268056 0.053125 0.058333
0 0.243750 0.294444 0.096875 0.088889
0 0.122656 0.523611 0.032813 0.063889
0 0.261719 0.209722 0.076563 0.119444