0 0.544609 0.178056 0.160469 0.105556
0 0.551016 0.226111 0.161406 0.130556
0 0.579297 0.321667 0.177656 0.245556
0 0.661250 0.222500 0.088438 0.227778
0 0.710078 0.254861 0.078594 0.256944
0 0.754844 0.215417 0.070000 0.231389
0 0.123594 0.803194 0.050313 0.107500
0 0.255781 0.906250 0.174687 0.187500
0 0.306562 0.474722 0.160000 0.318333
0 0.231641 0.339306 0.049844 0.093611
0 0.411719 0.644583 0.098125 0.372500
0 0.480469 0.362917 0.134375 0.251944
0 0.380156 0.290278 0.142500 0.170000
0 0.725391 0.800278 0.156719 0.362222
0 0.342344 0.258194 0.102813 0.143611
0 0.401094 0.330972 0.157187 0.190833
0 0.478672 0.609583 0.102344 0.361944
0 0.753672 0.478333 0.098906 0.397222
0 0.237422 0.419583 0.060781 0.144722
0 0.288359 0.329306 0.055469 0.124722
0 0.200391 0.319167 0.044844 0.085000
0 0.428828 0.176667 0.123906 0.123889
0 0.220547 0.730139 0.117656 0.216944
0 0.530859 0.765278 0.207031 0.422778
0 0.103203 0.570139 0.075469 0.118611
0 0.305469 0.234306 0.135625 0.196944
0 0.154922 0.617639 0.075469 0.118611
0 0.176563 0.794722 0.101875 0.256667
0 0.078281 0.689861 0.111875 0.139167
0 0.145234 0.724306 0.085781 0.103056