0 0.581250 0.201389 0.163437 0.129444
0 0.581875 0.250694 0.165625 0.154167
0 0.598359 0.354722 0.187344 0.270000
0 0.690078 0.287778 0.098594 0.238333
0 0.734062 0.337639 0.090312 0.265833
0 0.782578 0.315278 0.080469 0.238889
0 0.108438 0.665556 0.079063 0.150000
0 0.211797 0.809722 0.219219 0.270556
0 0.251484 0.251250 0.069531 0.125833
0 0.428594 0.607361 0.178750 0.418056
0 0.496562 0.372778 0.170000 0.260000
0 0.407188 0.250556 0.137500 0.197778
0 0.685547 0.842917 0.172656 0.314167
0 0.380625 0.200000 0.072813 0.129444
0 0.425000 0.293194 0.174687 0.226389
0 0.268437 0.585694 0.135313 0.280278
0 0.750703 0.572222 0.117344 0.407222
0 0.297734 0.237083 0.070781 0.123611
0 0.631250 0.695139 0.145937 0.388056
0 0.240859 0.199444 0.073906 0.124444
0 0.462500 0.176944 0.134375 0.124444
0 0.172734 0.606667 0.121406 0.311667
0 0.499141 0.744167 0.228594 0.436667
0 0.115078 0.398889 0.049531 0.085556
0 0.341016 0.173889 0.085156 0.113889
0 0.315781 0.437083 0.155938 0.272500
0 0.311328 0.329028 0.077031 0.144167
0 0.233516 0.343472 0.056406 0.168056
0 0.089219 0.520000 0.081563 0.215000
0 0.152734 0.496111 0.119844 0.131111