0 0.679141 0.830278 0.192656 0.339444
0 0.748594 0.483750 0.182188 0.413056
0 0.377969 0.731806 0.246250 0.311944
0 0.317578 0.812639 0.256094 0.271944
0 0.277422 0.878333 0.228281 0.181111
0 0.538125 0.352083 0.155000 0.298611
0 0.598672 0.382361 0.115156 0.289722
0 0.669063 0.340972 0.111563 0.315278
0 0.765234 0.353611 0.132031 0.260000
0 0.713750 0.259722 0.157187 0.240556
0 0.582969 0.218750 0.145000 0.140833
0 0.764609 0.232361 0.078281 0.084167
0 0.458672 0.210833 0.154219 0.207778
0 0.395156 0.168194 0.108750 0.122500
0 0.309062 0.399306 0.150313 0.246389
0 0.338203 0.443056 0.179219 0.268333
0 0.158672 0.742500 0.151094 0.222778
0 0.094375 0.640833 0.083125 0.152222
0 0.363984 0.232361 0.089219 0.138056
0 0.220391 0.673333 0.166406 0.291111
0 0.141172 0.519306 0.119531 0.173611
0 0.282891 0.545000 0.153281 0.180556
0 0.190000 0.591389 0.083750 0.240556
0 0.322969 0.299167 0.125625 0.239444
0 0.306484 0.221250 0.050781 0.110833
0 0.300625 0.155000 0.103125 0.142222
0 0.263828 0.262361 0.070156 0.175278
0 0.253203 0.163333 0.039531 0.086111
0 0.216016 0.206111 0.041094 0.070556
0 0.129922 0.425972 0.037344 0.080278
0 0.239141 0.255139 0.049219 0.110278