0 0.706016 0.815139 0.165781 0.369722
0 0.762734 0.423472 0.118906 0.379722
0 0.409766 0.763056 0.230469 0.309444
0 0.339141 0.840694 0.212344 0.241944
0 0.309219 0.929583 0.221875 0.128611
0 0.526250 0.344167 0.136250 0.269444
0 0.609922 0.341944 0.109844 0.279444
0 0.684609 0.314444 0.151406 0.231111
0 0.739062 0.326528 0.133125 0.266389
0 0.563281 0.206667 0.135937 0.125000
0 0.716328 0.218611 0.173594 0.137778
0 0.709141 0.169583 0.157344 0.089722
0 0.435469 0.233333 0.147187 0.150556
0 0.346250 0.239306 0.099687 0.106944
0 0.376094 0.176806 0.100625 0.056944
0 0.262578 0.610972 0.142969 0.191944
0 0.178359 0.831250 0.146094 0.189167
0 0.257891 0.368889 0.087031 0.211667
0 0.287500 0.254861 0.051250 0.096389
0 0.247266 0.228333 0.067031 0.108333
0 0.205547 0.309861 0.019531 0.061944
0 0.253594 0.284167 0.040625 0.123889
0 0.295234 0.205417 0.058594 0.058056
0 0.297266 0.408333 0.123906 0.282778
0 0.148750 0.645139 0.129688 0.246944
0 0.120156 0.499583 0.019375 0.048056
0 0.100000 0.437361 0.037500 0.120833
0 0.081172 0.621667 0.067969 0.180556
0 0.220859 0.332917 0.032656 0.112500
0 0.236875 0.420833 0.045000 0.098889