0 0.282813 0.811111 0.146875 0.372222
0 0.251563 0.437500 0.140625 0.319444
0 0.472656 0.343056 0.126562 0.263889
0 0.396094 0.341667 0.139063 0.266667
0 0.608594 0.888889 0.257812 0.177778
0 0.453906 0.952778 0.123438 0.088889
0 0.686719 0.495833 0.154688 0.241667
0 0.281250 0.236111 0.156250 0.105556
0 0.310937 0.179167 0.175000 0.113889
0 0.565625 0.248611 0.137500 0.163889
0 0.667969 0.244444 0.082812 0.122222
0 0.631250 0.193056 0.093750 0.058333
0 0.726562 0.634722 0.137500 0.202778
0 0.795312 0.811111 0.140625 0.150000
0 0.910937 0.597222 0.062500 0.161111
0 0.719531 0.295833 0.048438 0.175000
0 0.754687 0.234722 0.068750 0.069444
0 0.746094 0.311111 0.035937 0.144444
0 0.778906 0.288889 0.060937 0.088889
0 0.683594 0.437500 0.145313 0.297222
0 0.827344 0.665278 0.098437 0.208333
0 0.882031 0.761111 0.070312 0.161111
0 0.674219 0.834722 0.182812 0.113889
0 0.683594 0.927778 0.210938 0.138889
0 0.644531 0.766667 0.185938 0.127778
0 0.775000 0.343056 0.031250 0.119444
0 0.575000 0.686111 0.196875 0.261111
0 0.756250 0.431944 0.053125 0.091667
0 0.857812 0.606944 0.084375 0.147222
0 0.800781 0.331944 0.017188 0.052778
0 0.882031 0.568056 0.048438 0.119444
0 0.892188 0.505556 0.028125 0.038889