0 0.550156 0.194028 0.142813 0.070833
0 0.553906 0.246389 0.153125 0.107222
0 0.586406 0.331389 0.159062 0.198889
0 0.660000 0.254306 0.076563 0.206944
0 0.719688 0.298611 0.086875 0.253889
0 0.748359 0.256944 0.058906 0.212222
0 0.091484 0.632778 0.052969 0.146667
0 0.125312 0.540833 0.041250 0.125556
0 0.162812 0.781806 0.080937 0.151944
0 0.318281 0.894444 0.179688 0.146667
0 0.501641 0.924583 0.063281 0.086389
0 0.316719 0.502917 0.153125 0.233056
0 0.316094 0.317222 0.092812 0.175556
0 0.270469 0.652222 0.113437 0.191111
0 0.373516 0.288333 0.116406 0.154444
0 0.078906 0.667778 0.072188 0.107222
0 0.195312 0.581667 0.045625 0.081111
0 0.483281 0.347083 0.097188 0.204167
0 0.422813 0.396944 0.067812 0.235556
0 0.406641 0.300139 0.100156 0.130833
0 0.543594 0.484722 0.123750 0.275000
0 0.444922 0.576250 0.100156 0.306389
0 0.671797 0.860417 0.141406 0.214722
0 0.662187 0.702083 0.210625 0.269722
0 0.237344 0.402222 0.041250 0.083889
0 0.301406 0.275278 0.086875 0.081111
0 0.336016 0.217639 0.085469 0.049722
0 0.430234 0.213611 0.106094 0.088889
0 0.310156 0.425694 0.128125 0.214722
0 0.249844 0.246389 0.086875 0.091667
0 0.270469 0.376111 0.057500 0.146667
0 0.219609 0.326250 0.029531 0.052500
0 0.144453 0.548750 0.038281 0.115278