0 0.725078 0.816806 0.171719 0.366389
0 0.780078 0.406806 0.121719 0.400278
0 0.408203 0.784861 0.241719 0.320278
0 0.334063 0.870833 0.223438 0.248889
0 0.303203 0.951667 0.235156 0.096667
0 0.526641 0.332778 0.141719 0.281667
0 0.615781 0.326667 0.113437 0.293333
0 0.695000 0.294167 0.158438 0.240000
0 0.753437 0.304583 0.138437 0.278611
0 0.564063 0.184583 0.143437 0.127500
0 0.727500 0.190556 0.183438 0.139444
0 0.719141 0.138611 0.166719 0.088889
0 0.428125 0.218750 0.155000 0.154167
0 0.333125 0.229028 0.105000 0.109722
0 0.363984 0.162361 0.106719 0.059167
0 0.266406 0.580278 0.155000 0.237222
0 0.162344 0.867778 0.153438 0.195556
0 0.255703 0.344444 0.076719 0.204444
0 0.270703 0.234861 0.046719 0.068056
0 0.227344 0.221667 0.070000 0.112778
0 0.184766 0.313333 0.018281 0.071111
0 0.233984 0.285417 0.043281 0.145278
0 0.276406 0.188889 0.065000 0.053333
0 0.280703 0.396389 0.136719 0.284444
0 0.128125 0.670556 0.135000 0.257778
0 0.062266 0.511944 0.053281 0.160000
0 0.064844 0.615833 0.068437 0.177778
0 0.200547 0.334306 0.033281 0.118611
0 0.218984 0.427639 0.046719 0.103611