0 0.706641 0.805694 0.157656 0.364722
0 0.757109 0.415000 0.111719 0.367222
0 0.415781 0.762222 0.221875 0.293889
0 0.347734 0.840972 0.205156 0.228611
0 0.319297 0.929306 0.215781 0.116944
0 0.524453 0.347083 0.130156 0.258611
0 0.606250 0.341667 0.104062 0.269444
0 0.678281 0.318750 0.146875 0.255833
0 0.732656 0.319861 0.120938 0.247500
0 0.558906 0.210972 0.131562 0.116944
0 0.708125 0.215278 0.163750 0.130556
0 0.695859 0.173056 0.154531 0.078889
0 0.434141 0.239583 0.139219 0.141389
0 0.369844 0.196111 0.102500 0.048889
0 0.344609 0.247778 0.101094 0.108889
0 0.282578 0.598750 0.142344 0.168611
0 0.206172 0.839583 0.130156 0.176944
0 0.099609 0.575694 0.064219 0.176944
0 0.318594 0.445000 0.165313 0.215000
0 0.299453 0.268194 0.038281 0.062500
0 0.271094 0.295417 0.061250 0.144167
0 0.251250 0.234306 0.061250 0.098056
0 0.210000 0.326806 0.018438 0.065278
0 0.247500 0.295278 0.062813 0.100556
0 0.291797 0.222083 0.065781 0.062500
0 0.238984 0.387917 0.055156 0.089722
0 0.288047 0.371806 0.070469 0.176944
0 0.134922 0.759306 0.079531 0.146944
0 0.160938 0.568889 0.088750 0.108889
0 0.123438 0.560833 0.029063 0.081667
0 0.239766 0.446528 0.038281 0.092500