0 0.501563 0.836111 0.153125 0.305556
0 0.712500 0.290278 0.159375 0.202778
0 0.194531 0.737500 0.057813 0.141667
0 0.475781 0.525000 0.114062 0.177778
0 0.636719 0.770833 0.117188 0.452778
0 0.764062 0.188889 0.121875 0.105556
0 0.357031 0.697222 0.160938 0.100000
0 0.368750 0.368056 0.071875 0.080556
0 0.425781 0.405556 0.048438 0.077778
0 0.298438 0.436111 0.062500 0.138889
0 0.313281 0.491667 0.067187 0.122222
0 0.527344 0.720833 0.135937 0.413889
0 0.775781 0.640278 0.223438 0.363889
0 0.621094 0.280556 0.182812 0.138889
0 0.734375 0.402778 0.162500 0.222222
0 0.732031 0.898611 0.117188 0.197222
0 0.428906 0.933333 0.104688 0.127778
0 0.265625 0.591667 0.065625 0.138889
0 0.539844 0.433333 0.145313 0.222222
0 0.810156 0.800000 0.139063 0.394444
0 0.802344 0.294444 0.076563 0.322222
0 0.751563 0.312500 0.075000 0.169444
0 0.626563 0.400000 0.075000 0.183333
0 0.850000 0.326389 0.059375 0.269444
0 0.497656 0.354167 0.120313 0.202778
0 0.234375 0.637500 0.046875 0.069444
0 0.250000 0.691667 0.075000 0.105556
0 0.457031 0.312500 0.098437 0.086111
0 0.703906 0.511111 0.132812 0.233333