0 0.731172 0.816944 0.156094 0.366111
0 0.778594 0.434583 0.121250 0.339722
0 0.416328 0.760972 0.224219 0.360278
0 0.339141 0.817083 0.212656 0.183056
0 0.306719 0.943889 0.227500 0.112222
0 0.526094 0.334167 0.141250 0.280556
0 0.614922 0.332639 0.112969 0.283611
0 0.721328 0.300139 0.186094 0.183056
0 0.561875 0.186528 0.146250 0.126944
0 0.730313 0.198333 0.164375 0.121111
0 0.714688 0.148194 0.172812 0.097500
0 0.429766 0.227778 0.144531 0.168333
0 0.328437 0.229444 0.078125 0.130000
0 0.355781 0.168889 0.106250 0.091667
0 0.251953 0.644167 0.144531 0.215556
0 0.192266 0.763889 0.127969 0.354444
0 0.068516 0.588194 0.069844 0.191944
0 0.503594 0.334167 0.126250 0.298333
0 0.246172 0.286944 0.039844 0.150556
0 0.221328 0.227917 0.059844 0.109167
0 0.186406 0.318056 0.026562 0.065000
0 0.235313 0.307639 0.041563 0.156389
0 0.271953 0.187917 0.071406 0.100278
0 0.286797 0.440278 0.144531 0.292222
0 0.145547 0.675139 0.087969 0.230278
0 0.098281 0.785972 0.079687 0.174167
0 0.277734 0.263333 0.056406 0.186111
0 0.319219 0.893750 0.209375 0.171389
0 0.205391 0.328056 0.034844 0.132778
0 0.224609 0.428750 0.049844 0.097500