0 0.717187 0.811111 0.146875 0.372222
0 0.761719 0.437500 0.114062 0.319444
0 0.421094 0.744444 0.210938 0.338889
0 0.348438 0.797222 0.200000 0.172222
0 0.317969 0.930556 0.214062 0.133333
0 0.527344 0.343056 0.126562 0.263889
0 0.607812 0.341667 0.106250 0.266667
0 0.709375 0.312500 0.181250 0.163889
0 0.557031 0.193056 0.129688 0.102778
0 0.719531 0.211111 0.160938 0.100000
0 0.700781 0.161111 0.160938 0.077778
0 0.433594 0.231944 0.135937 0.180556
0 0.344531 0.240278 0.073438 0.119444
0 0.369531 0.180556 0.098437 0.066667
0 0.272656 0.634722 0.135937 0.191667
0 0.191406 0.743056 0.145313 0.252778
0 0.093750 0.581944 0.065625 0.180556
0 0.469531 0.262500 0.085938 0.191667
0 0.268750 0.297222 0.034375 0.155556
0 0.237500 0.243056 0.056250 0.102778
0 0.204687 0.327778 0.025000 0.061111
0 0.248438 0.315278 0.037500 0.147222
0 0.284375 0.219444 0.071875 0.077778
0 0.303125 0.427778 0.140625 0.283333
0 0.167969 0.656944 0.082812 0.191667
0 0.121875 0.768056 0.075000 0.163889
0 0.298438 0.273611 0.046875 0.169444
0 0.327344 0.872222 0.195312 0.172222
0 0.222656 0.337500 0.032813 0.125000
0 0.240625 0.431944 0.046875 0.091667
0 0.147656 0.550000 0.079687 0.088889