0 0.444531 0.183333 0.157812 0.088889
0 0.439844 0.231944 0.157812 0.113889
0 0.414844 0.330556 0.170313 0.227778
0 0.329688 0.240278 0.081250 0.219444
0 0.282031 0.277778 0.070312 0.250000
0 0.235937 0.243056 0.062500 0.225000
0 0.882031 0.629167 0.095312 0.069444
0 0.830469 0.701389 0.092188 0.275000
0 0.687500 0.480556 0.159375 0.244444
0 0.755469 0.262500 0.098437 0.175000
0 0.592969 0.627778 0.085938 0.333333
0 0.517969 0.366667 0.129688 0.227778
0 0.615625 0.286111 0.143750 0.183333
0 0.285156 0.823611 0.145313 0.347222
0 0.662500 0.256944 0.112500 0.130556
0 0.592969 0.320833 0.151562 0.175000
0 0.525000 0.606944 0.090625 0.352778
0 0.578906 0.197222 0.126562 0.083333
0 0.246094 0.505556 0.085938 0.388889
0 0.725781 0.370833 0.073438 0.230556
0 0.782813 0.348611 0.046875 0.086111
0 0.792969 0.287500 0.042188 0.080556
0 0.742188 0.651389 0.115625 0.286111
0 0.507031 0.762500 0.182812 0.375000
0 0.680469 0.219444 0.101562 0.105556
0 0.877344 0.548611 0.057813 0.119444
0 0.828906 0.570833 0.042188 0.080556
0 0.867969 0.700000 0.092188 0.144444
0 0.786719 0.402778 0.029687 0.133333