0 0.539141 0.175556 0.161719 0.113889
0 0.546172 0.223333 0.162969 0.138889
0 0.576250 0.317361 0.181250 0.254167
0 0.656328 0.213889 0.092031 0.231667
0 0.705781 0.243472 0.082812 0.260278
0 0.749844 0.201528 0.073750 0.234167
0 0.133672 0.821528 0.065156 0.125833
0 0.350938 0.811667 0.157500 0.376667
0 0.304297 0.448056 0.168281 0.213889
0 0.228906 0.354167 0.051250 0.096111
0 0.414219 0.649167 0.104062 0.376111
0 0.478203 0.364167 0.138281 0.258333
0 0.372891 0.300278 0.149844 0.183333
0 0.730391 0.787639 0.162344 0.369167
0 0.359844 0.259028 0.087188 0.104722
0 0.405312 0.335417 0.142813 0.195833
0 0.480547 0.610417 0.108281 0.365833
0 0.753203 0.464722 0.105469 0.401111
0 0.245781 0.423889 0.079063 0.188333
0 0.307109 0.532639 0.149219 0.202500
0 0.208281 0.316944 0.070938 0.118333
0 0.417031 0.210694 0.138125 0.134722
0 0.260781 0.669722 0.136875 0.203333
0 0.535469 0.763333 0.213438 0.432222
0 0.124141 0.588611 0.053906 0.118333
0 0.289062 0.256667 0.069062 0.112778
0 0.362031 0.182222 0.132500 0.147778
0 0.193750 0.647361 0.065312 0.131389
0 0.198984 0.781667 0.113906 0.295556
0 0.087813 0.675417 0.095000 0.196389
0 0.150391 0.736389 0.097344 0.122778