0 0.710156 0.811111 0.160938 0.372222
0 0.761719 0.412500 0.114062 0.375000
0 0.400781 0.763889 0.226562 0.250000
0 0.348438 0.847222 0.240625 0.233333
0 0.314844 0.937500 0.220312 0.119444
0 0.524219 0.343056 0.132812 0.263889
0 0.607812 0.337500 0.106250 0.275000
0 0.670312 0.316667 0.131250 0.244444
0 0.743750 0.279167 0.118750 0.225000
0 0.530469 0.958333 0.117188 0.077778
0 0.556250 0.201389 0.134375 0.108333
0 0.694531 0.176389 0.170313 0.091667
0 0.432812 0.229167 0.143750 0.175000
0 0.364844 0.191667 0.126562 0.138889
0 0.306250 0.405556 0.125000 0.244444
0 0.190625 0.855556 0.150000 0.194444
0 0.110156 0.755556 0.057813 0.127778
0 0.341406 0.275000 0.079687 0.116667
0 0.069531 0.637500 0.048438 0.097222
0 0.153125 0.623611 0.125000 0.175000
0 0.289062 0.613889 0.137500 0.227778
0 0.207031 0.693056 0.079687 0.263889
0 0.339844 0.506944 0.179688 0.197222
0 0.289062 0.295833 0.037500 0.136111
0 0.257031 0.273611 0.054688 0.158333
0 0.238281 0.362500 0.039062 0.108333
0 0.232031 0.215278 0.085938 0.130556
0 0.207031 0.316667 0.023438 0.077778
0 0.128125 0.536111 0.025000 0.061111
0 0.225781 0.329167 0.042188 0.119444
0 0.286719 0.216667 0.045312 0.055556