0 0.691875 0.784861 0.146875 0.339722
0 0.739062 0.420833 0.104062 0.342222
0 0.409531 0.741528 0.206875 0.228056
0 0.357578 0.817917 0.191094 0.213056
0 0.331172 0.900000 0.201094 0.108889
0 0.522188 0.357639 0.121250 0.240833
0 0.598516 0.352500 0.097031 0.251111
0 0.645703 0.315694 0.097031 0.228056
0 0.715469 0.327222 0.116875 0.225556
0 0.557188 0.214444 0.114062 0.071111
0 0.463047 0.338472 0.128281 0.213056
0 0.676328 0.205417 0.158281 0.088611
0 0.438750 0.267500 0.134063 0.152222
0 0.378984 0.233333 0.119844 0.098889
0 0.303359 0.518611 0.142656 0.192778
0 0.222734 0.821667 0.138281 0.180000
0 0.354609 0.314444 0.077031 0.108889
0 0.177734 0.638889 0.102656 0.185000
0 0.302578 0.658056 0.158281 0.162222
0 0.214219 0.687083 0.075625 0.235833
0 0.328281 0.417222 0.126875 0.157222
0 0.300391 0.333611 0.057031 0.157222
0 0.284844 0.324583 0.062813 0.159722
0 0.267578 0.252361 0.057031 0.091389
0 0.228516 0.343750 0.018594 0.060833
0 0.259844 0.314444 0.052812 0.103889
0 0.151406 0.518611 0.015625 0.035556
0 0.310547 0.244583 0.074219 0.065833
0 0.244922 0.390556 0.028594 0.063333
0 0.161406 0.557778 0.055625 0.098889