0 0.289844 0.811111 0.160938 0.372222
0 0.238281 0.412500 0.114062 0.375000
0 0.586719 0.766667 0.226562 0.300000
0 0.656250 0.847222 0.209375 0.233333
0 0.685156 0.937500 0.220312 0.119444
0 0.475781 0.343056 0.132812 0.263889
0 0.392188 0.337500 0.106250 0.275000
0 0.317969 0.306944 0.148438 0.225000
0 0.263281 0.316667 0.129688 0.261111
0 0.440625 0.204167 0.134375 0.119444
0 0.289062 0.209722 0.168750 0.125000
0 0.300781 0.156944 0.145313 0.080556
0 0.567969 0.236111 0.145313 0.144444
0 0.657031 0.245833 0.098437 0.102778
0 0.628125 0.181944 0.100000 0.052778
0 0.731250 0.619444 0.137500 0.172222
0 0.817187 0.844444 0.143750 0.183333
0 0.915625 0.577778 0.065625 0.166667
0 0.746875 0.377778 0.068750 0.211111
0 0.714844 0.262500 0.048438 0.091667
0 0.756250 0.238889 0.065625 0.105556
0 0.794531 0.325000 0.023438 0.055556
0 0.749219 0.295833 0.042188 0.113889
0 0.708594 0.213889 0.057813 0.055556
0 0.703906 0.423611 0.129688 0.286111
0 0.849219 0.659722 0.126562 0.241667
0 0.882031 0.513889 0.026562 0.055556
0 0.822656 0.294444 0.029687 0.033333
0 0.781250 0.344444 0.031250 0.111111
0 0.764062 0.431944 0.043750 0.097222