0 0.553516 0.181528 0.148906 0.073611
0 0.557344 0.236250 0.159688 0.111944
0 0.591172 0.324861 0.165781 0.207500
0 0.667891 0.244444 0.079844 0.215556
0 0.730156 0.290694 0.090625 0.264722
0 0.760078 0.247222 0.061406 0.221111
0 0.075469 0.638611 0.055313 0.152778
0 0.110703 0.543333 0.042969 0.131111
0 0.149844 0.794444 0.084375 0.158333
0 0.311797 0.911667 0.187344 0.152778
0 0.502812 0.943056 0.065938 0.090000
0 0.310312 0.503611 0.159688 0.242778
0 0.309453 0.316806 0.096719 0.169167
0 0.261875 0.659306 0.118125 0.199167
0 0.369375 0.280000 0.121250 0.161111
0 0.062266 0.675694 0.075156 0.111944
0 0.179844 0.575972 0.052187 0.081944
0 0.483750 0.341111 0.101250 0.212778
0 0.420781 0.383472 0.070625 0.226389
0 0.403906 0.305694 0.104375 0.163611
0 0.541250 0.520139 0.139688 0.357500
0 0.443750 0.580139 0.104375 0.319167
0 0.670234 0.711111 0.219531 0.281111
0 0.680234 0.876111 0.147344 0.223889
0 0.225781 0.386389 0.036875 0.101111
0 0.303359 0.256528 0.093594 0.103611
0 0.330156 0.206250 0.089063 0.051944
0 0.422344 0.206389 0.122812 0.101111
0 0.303359 0.423333 0.133594 0.223889
0 0.244297 0.231944 0.082969 0.120000
0 0.255078 0.367222 0.046094 0.101111
0 0.229687 0.267500 0.087500 0.098333
0 0.129062 0.551528 0.033750 0.114722