0 0.722656 0.811111 0.135937 0.372222
0 0.761719 0.412500 0.114062 0.375000
0 0.421094 0.758333 0.210938 0.316667
0 0.342969 0.837500 0.210938 0.252778
0 0.317969 0.930556 0.214062 0.133333
0 0.524219 0.343056 0.132812 0.263889
0 0.607812 0.337500 0.106250 0.275000
0 0.663281 0.312500 0.101562 0.152778
0 0.717187 0.301389 0.159375 0.241667
0 0.559375 0.204167 0.134375 0.119444
0 0.710156 0.206944 0.160938 0.097222
0 0.700781 0.161111 0.151562 0.061111
0 0.433594 0.231944 0.139063 0.180556
0 0.339062 0.229167 0.078125 0.113889
0 0.370312 0.190278 0.084375 0.052778
0 0.270313 0.634722 0.125000 0.225000
0 0.182812 0.844444 0.143750 0.183333
0 0.094531 0.583333 0.076563 0.200000
0 0.315625 0.469444 0.162500 0.227778
0 0.281250 0.290278 0.056250 0.152778
0 0.254688 0.226389 0.059375 0.091667
0 0.205469 0.323611 0.026562 0.058333
0 0.252344 0.316667 0.045312 0.150000
0 0.286719 0.215278 0.051562 0.058333
0 0.300781 0.370833 0.126562 0.219444
0 0.152344 0.616667 0.123438 0.122222
0 0.219531 0.244444 0.060937 0.088889
0 0.153906 0.711111 0.132812 0.150000
0 0.220312 0.336111 0.031250 0.105556
0 0.230469 0.431944 0.039062 0.097222
0 0.145313 0.541667 0.071875 0.066667