0 0.578125 0.192361 0.155938 0.110833
0 0.581562 0.249167 0.161875 0.150000
0 0.609453 0.347222 0.177031 0.248333
0 0.688438 0.283472 0.097188 0.236944
0 0.747656 0.345694 0.111875 0.289167
0 0.781250 0.309028 0.079063 0.238056
0 0.060313 0.536389 0.067500 0.167778
0 0.103438 0.448472 0.053438 0.142500
0 0.137500 0.549306 0.115937 0.184722
0 0.123359 0.711528 0.097344 0.180278
0 0.277734 0.869444 0.200781 0.200000
0 0.468047 0.947222 0.073594 0.105556
0 0.298516 0.484861 0.164844 0.266944
0 0.321406 0.268750 0.110625 0.194167
0 0.249219 0.603194 0.126875 0.228056
0 0.384609 0.246250 0.134844 0.191944
0 0.507656 0.339167 0.143437 0.245556
0 0.429063 0.355139 0.087500 0.229167
0 0.445859 0.229028 0.058906 0.073611
0 0.518750 0.511667 0.190625 0.286667
0 0.427344 0.583194 0.134688 0.329722
0 0.690391 0.775972 0.201094 0.448056
0 0.652031 0.896389 0.165938 0.207222
0 0.394453 0.262917 0.127344 0.174167
0 0.269141 0.180278 0.079844 0.089444
0 0.310469 0.205972 0.096562 0.090833
0 0.350781 0.162361 0.093750 0.074167
0 0.445625 0.181111 0.109375 0.118333
0 0.308672 0.372222 0.143281 0.223889
0 0.256172 0.317639 0.092969 0.163056
0 0.217109 0.239306 0.041094 0.061389