0 0.710156 0.811111 0.160938 0.372222
0 0.761719 0.412500 0.114062 0.375000
0 0.400781 0.763889 0.226562 0.250000
0 0.343750 0.847222 0.209375 0.233333
0 0.314844 0.937500 0.220312 0.119444
0 0.524219 0.343056 0.132812 0.263889
0 0.607812 0.337500 0.106250 0.275000
0 0.667969 0.320833 0.129688 0.247222
0 0.726562 0.286111 0.137500 0.216667
0 0.559375 0.200000 0.131250 0.105556
0 0.360938 0.463889 0.168750 0.144444
0 0.694531 0.176389 0.170313 0.091667
0 0.428125 0.247222 0.146875 0.177778
0 0.368750 0.209722 0.134375 0.102778
0 0.275000 0.519444 0.137500 0.211111
0 0.193750 0.859722 0.153125 0.197222
0 0.106250 0.752778 0.059375 0.105556
0 0.339844 0.293056 0.085938 0.108333
0 0.153906 0.652778 0.110937 0.211111
0 0.273438 0.668056 0.200000 0.213889
0 0.202344 0.694444 0.076563 0.277778
0 0.303906 0.394444 0.117188 0.188889
0 0.276562 0.313889 0.059375 0.155556
0 0.266406 0.273611 0.060937 0.119444
0 0.245312 0.215278 0.062500 0.108333
0 0.202344 0.326389 0.020313 0.063889
0 0.236719 0.295833 0.057813 0.113889
0 0.116406 0.519444 0.020313 0.038889
0 0.286719 0.219444 0.054688 0.055556
0 0.222656 0.379167 0.042188 0.108333
0 0.126562 0.569444 0.046875 0.100000