0 0.731563 0.816389 0.155938 0.367222
0 0.771250 0.427778 0.135937 0.327222
0 0.530000 0.333611 0.134375 0.280000
0 0.611328 0.326250 0.147656 0.271389
0 0.365000 0.904167 0.232187 0.182778
0 0.520078 0.977083 0.131094 0.045833
0 0.134453 0.622361 0.099531 0.150278
0 0.734844 0.236250 0.162500 0.156389
0 0.700000 0.170000 0.195625 0.123889
0 0.431406 0.233333 0.145937 0.173889
0 0.316016 0.228750 0.084531 0.111944
0 0.364219 0.175833 0.097812 0.065000
0 0.298750 0.411528 0.145937 0.265278
0 0.171875 0.855556 0.117813 0.209444
0 0.064062 0.599028 0.064687 0.185833
0 0.285391 0.265833 0.056406 0.144444
0 0.213281 0.230417 0.038125 0.044167
0 0.249766 0.289306 0.041406 0.156389
0 0.199141 0.293750 0.046406 0.100278
0 0.260625 0.177222 0.112813 0.097222
0 0.095625 0.777222 0.074687 0.171111
0 0.307812 0.603333 0.184062 0.182778
0 0.293750 0.937361 0.195625 0.125278
0 0.335156 0.793333 0.222187 0.203333
0 0.223203 0.671111 0.111094 0.230000
0 0.217500 0.332083 0.043125 0.141389
0 0.226484 0.426528 0.051406 0.100278
0 0.182656 0.321667 0.026562 0.067778
0 0.088906 0.505972 0.031563 0.041389
0 0.096406 0.578333 0.043125 0.115000