0 0.537422 0.175139 0.162031 0.116389
0 0.544844 0.222639 0.163437 0.141389
0 0.574688 0.307917 0.181250 0.240278
0 0.654844 0.211389 0.093125 0.232778
0 0.720547 0.248333 0.107031 0.287222
0 0.748359 0.197500 0.074844 0.235000
0 0.337031 0.928472 0.192188 0.143056
0 0.365078 0.281250 0.098594 0.165278
0 0.092734 0.588194 0.058281 0.133611
0 0.396953 0.330000 0.127031 0.206111
0 0.559375 0.496250 0.163437 0.387500
0 0.084844 0.713750 0.061562 0.164167
0 0.161172 0.658333 0.111719 0.096667
0 0.700625 0.841250 0.145937 0.266944
0 0.135313 0.826111 0.043125 0.108889
0 0.446641 0.611528 0.136094 0.393611
0 0.345391 0.530417 0.164844 0.220833
0 0.383672 0.652083 0.157344 0.361944
0 0.458203 0.370833 0.110156 0.260556
0 0.286953 0.438889 0.131719 0.288889
0 0.294375 0.239306 0.089063 0.133611
0 0.591953 0.833889 0.201719 0.328889
0 0.238125 0.423889 0.077812 0.123333
0 0.262109 0.694722 0.142656 0.208889
0 0.408828 0.206250 0.146719 0.119167
0 0.283359 0.348889 0.045469 0.068333
0 0.192656 0.799167 0.118750 0.275556
0 0.750391 0.455417 0.124531 0.405278
0 0.195859 0.328194 0.047969 0.112500
0 0.236250 0.278889 0.079375 0.096111
0 0.263906 0.296389 0.078125 0.128889
0 0.130859 0.621944 0.046406 0.085000
0 0.146797 0.726389 0.115469 0.138333