0 0.561875 0.156111 0.172500 0.097222
0 0.567031 0.209167 0.172500 0.124444
0 0.594375 0.316944 0.186250 0.248889
0 0.687344 0.218333 0.088750 0.240000
0 0.739531 0.259167 0.076875 0.273333
0 0.789922 0.221250 0.068281 0.245833
0 0.170703 0.725278 0.104219 0.312778
0 0.296328 0.462639 0.174219 0.303611
0 0.212656 0.286389 0.058125 0.085000
0 0.399609 0.649444 0.093906 0.397778
0 0.484922 0.350278 0.138281 0.261111
0 0.374844 0.268194 0.157187 0.200278
0 0.736172 0.833056 0.158906 0.333889
0 0.327969 0.230278 0.131562 0.124444
0 0.399531 0.306250 0.165625 0.191389
0 0.473906 0.618889 0.099062 0.385556
0 0.414922 0.171111 0.138281 0.091111
0 0.778828 0.508056 0.093906 0.425000
0 0.219375 0.359306 0.051250 0.127500
0 0.269844 0.348611 0.076875 0.209444
0 0.187891 0.269861 0.059844 0.081944
0 0.232187 0.675278 0.128125 0.352222
0 0.518359 0.781389 0.211719 0.437222
0 0.303984 0.195417 0.111094 0.115278
0 0.220234 0.203056 0.107656 0.142778
0 0.080234 0.530972 0.049531 0.075833
0 0.124687 0.588750 0.087188 0.100278
0 0.088828 0.790694 0.097344 0.145833
0 0.043594 0.695000 0.087188 0.136667