0 0.555469 0.183333 0.157812 0.088889
0 0.560156 0.231944 0.157812 0.113889
0 0.585156 0.330556 0.170313 0.227778
0 0.670312 0.240278 0.081250 0.219444
0 0.717969 0.277778 0.070312 0.250000
0 0.764062 0.243056 0.062500 0.225000
0 0.126562 0.766667 0.068750 0.133333
0 0.240625 0.886111 0.203125 0.216667
0 0.233594 0.319444 0.060937 0.111111
0 0.438281 0.625000 0.148438 0.383333
0 0.485938 0.375000 0.153125 0.222222
0 0.385937 0.283333 0.131250 0.166667
0 0.714844 0.823611 0.145313 0.347222
0 0.400000 0.226389 0.112500 0.125000
0 0.408594 0.315278 0.160938 0.186111
0 0.272656 0.651389 0.139063 0.269444
0 0.756250 0.497222 0.084375 0.327778
0 0.278125 0.293056 0.062500 0.108333
0 0.637500 0.630556 0.134375 0.377778
0 0.218750 0.270833 0.065625 0.108333
0 0.461719 0.190278 0.076563 0.091667
0 0.185156 0.691667 0.098437 0.288889
0 0.519531 0.741667 0.198437 0.388889
0 0.117969 0.515278 0.042188 0.063889
0 0.322656 0.219444 0.092188 0.094444
0 0.315625 0.491667 0.153125 0.255556
0 0.280469 0.373611 0.089063 0.197222
0 0.223438 0.415278 0.043750 0.158333
0 0.055469 0.666667 0.089063 0.127778
0 0.169531 0.600000 0.098437 0.100000