0 0.549297 0.215417 0.142344 0.080278
0 0.553516 0.259167 0.142344 0.102778
0 0.576016 0.347917 0.153594 0.205278
0 0.652734 0.266667 0.073281 0.197778
0 0.695781 0.300417 0.063438 0.225278
0 0.737266 0.269167 0.056406 0.202778
0 0.153359 0.733750 0.043594 0.105278
0 0.265313 0.845000 0.183125 0.197778
0 0.259062 0.338194 0.055000 0.100278
0 0.443672 0.613333 0.133906 0.345556
0 0.486562 0.388194 0.138125 0.200278
0 0.400547 0.290417 0.107031 0.130278
0 0.692969 0.792639 0.130937 0.313056
0 0.368203 0.260417 0.064844 0.115278
0 0.421797 0.329167 0.121094 0.157778
0 0.306875 0.618472 0.100000 0.205278
0 0.728125 0.505833 0.077500 0.350556
0 0.297891 0.311528 0.056406 0.077500
0 0.622500 0.638611 0.108438 0.310556
0 0.245703 0.294167 0.059219 0.097778
0 0.441484 0.221667 0.115469 0.082778
0 0.238672 0.677361 0.092969 0.278056
0 0.516797 0.718611 0.178906 0.350556
0 0.152734 0.507222 0.059219 0.112778
0 0.333047 0.247917 0.070469 0.085278
0 0.330078 0.445694 0.123906 0.235278
0 0.312500 0.388194 0.102813 0.175278
0 0.254766 0.421944 0.040781 0.142778
0 0.136563 0.623472 0.080312 0.155278
0 0.190000 0.564722 0.063438 0.127778