0 0.551250 0.205833 0.145937 0.082222
0 0.555625 0.250694 0.145937 0.105278
0 0.578750 0.334306 0.157500 0.195278
0 0.657578 0.258472 0.075156 0.203056
0 0.701719 0.293194 0.065000 0.231389
0 0.744375 0.260972 0.057813 0.208056
0 0.146719 0.631111 0.062187 0.131111
0 0.326562 0.878889 0.170625 0.159444
0 0.414062 0.325278 0.108438 0.172222
0 0.106953 0.629583 0.049219 0.133611
0 0.184219 0.553750 0.076563 0.084722
0 0.168281 0.750417 0.099687 0.113056
0 0.360469 0.503750 0.145937 0.215833
0 0.398047 0.631111 0.105469 0.336667
0 0.480547 0.372778 0.114219 0.226111
0 0.393125 0.296806 0.115625 0.146389
0 0.315703 0.458889 0.125781 0.213333
0 0.349688 0.307222 0.104062 0.151667
0 0.322266 0.404861 0.130156 0.166944
0 0.486328 0.598889 0.151719 0.323889
0 0.426953 0.213472 0.117031 0.087500
0 0.729844 0.503750 0.104062 0.359722
0 0.277422 0.355972 0.049219 0.084722
0 0.277500 0.646389 0.104062 0.192778
0 0.229063 0.290556 0.039062 0.097778
0 0.248594 0.407361 0.046250 0.146389
0 0.355469 0.819722 0.196563 0.226111
0 0.325234 0.627222 0.107031 0.205556
0 0.269531 0.253194 0.076563 0.079722
0 0.333047 0.239167 0.093906 0.097778