0 0.553906 0.183333 0.157812 0.088889
0 0.565625 0.231944 0.146875 0.113889
0 0.592187 0.322222 0.168750 0.211111
0 0.670312 0.240278 0.081250 0.219444
0 0.733594 0.287500 0.092188 0.269444
0 0.764062 0.243056 0.062500 0.225000
0 0.067187 0.641667 0.056250 0.155556
0 0.103125 0.544444 0.043750 0.133333
0 0.142969 0.800000 0.085938 0.161111
0 0.307812 0.919444 0.190625 0.155556
0 0.306250 0.545833 0.162500 0.158333
0 0.257031 0.662500 0.120313 0.202778
0 0.366406 0.276389 0.123438 0.163889
0 0.331250 0.695833 0.171875 0.263889
0 0.148438 0.626389 0.093750 0.091667
0 0.416406 0.393056 0.076563 0.252778
0 0.122656 0.545833 0.057813 0.080556
0 0.401562 0.302778 0.106250 0.166667
0 0.558594 0.506944 0.142187 0.363889
0 0.255469 0.383333 0.073438 0.183333
0 0.479687 0.263889 0.103125 0.216667
0 0.672656 0.715278 0.223438 0.286111
0 0.682813 0.883333 0.150000 0.227778
0 0.435156 0.581944 0.123438 0.347222
0 0.226562 0.384722 0.050000 0.102778
0 0.360938 0.176389 0.106250 0.063889
0 0.420312 0.201389 0.125000 0.102778
0 0.253125 0.270833 0.075000 0.080556
0 0.299219 0.422222 0.135937 0.227778
0 0.287500 0.229167 0.046875 0.069444
0 0.334375 0.244444 0.071875 0.111111