0 0.549687 0.205694 0.138437 0.068611
0 0.556875 0.256250 0.141250 0.104167
0 0.588906 0.338889 0.148438 0.192778
0 0.656016 0.263889 0.074219 0.200556
0 0.713828 0.306944 0.084219 0.246111
0 0.741641 0.266389 0.057031 0.205556
0 0.105078 0.630556 0.051406 0.142222
0 0.137969 0.541667 0.040000 0.121667
0 0.175781 0.625556 0.095625 0.147222
0 0.174375 0.775278 0.078438 0.147222
0 0.324844 0.884444 0.174063 0.142222
0 0.502578 0.913472 0.061406 0.083611
0 0.323437 0.531528 0.148438 0.213056
0 0.322734 0.324722 0.089844 0.170000
0 0.280781 0.649583 0.102813 0.185278
0 0.378437 0.296806 0.112813 0.149722
0 0.484766 0.354028 0.094219 0.198056
0 0.426250 0.393333 0.065625 0.210556
0 0.410547 0.308472 0.097031 0.126944
0 0.518281 0.507639 0.158438 0.225833
0 0.440547 0.588750 0.111406 0.266389
0 0.656094 0.697778 0.188437 0.251111
0 0.667422 0.851250 0.137031 0.208056
0 0.223594 0.325972 0.045625 0.096389
0 0.269219 0.262778 0.068437 0.066111
0 0.308516 0.276667 0.084219 0.063333
0 0.342031 0.228333 0.082812 0.048333
0 0.429141 0.224583 0.094219 0.086389
0 0.324219 0.440278 0.138437 0.187778
0 0.270703 0.403333 0.071406 0.098889
0 0.150156 0.536528 0.027187 0.101389