0 0.560000 0.185972 0.159062 0.095833
0 0.563906 0.234583 0.159375 0.120833
0 0.587500 0.334306 0.173437 0.235278
0 0.673906 0.247917 0.084375 0.223056
0 0.721016 0.287639 0.073906 0.253056
0 0.767656 0.255000 0.065625 0.227778
0 0.142266 0.646528 0.118594 0.108056
0 0.415313 0.304444 0.130625 0.183333
0 0.073047 0.622500 0.055156 0.146667
0 0.157891 0.541528 0.084219 0.100833
0 0.137734 0.755972 0.109531 0.126944
0 0.305234 0.462083 0.158594 0.176389
0 0.308203 0.905417 0.183594 0.174722
0 0.400469 0.633056 0.081563 0.356111
0 0.480781 0.363056 0.126875 0.250000
0 0.382734 0.282222 0.136406 0.153333
0 0.313672 0.411111 0.156406 0.245556
0 0.345234 0.287361 0.111719 0.171389
0 0.482109 0.607639 0.109531 0.343611
0 0.425391 0.193611 0.127656 0.088889
0 0.732578 0.516111 0.130469 0.394444
0 0.264766 0.335278 0.065156 0.194444
0 0.261953 0.639306 0.134219 0.216944
0 0.210312 0.262083 0.043750 0.107500
0 0.343594 0.840278 0.203437 0.253333
0 0.326641 0.660278 0.151406 0.220556
0 0.323516 0.211389 0.102969 0.110000
0 0.233984 0.243472 0.046719 0.107500
0 0.221172 0.322222 0.038281 0.060000