0 0.540859 0.176528 0.161406 0.111389
0 0.547813 0.224306 0.162500 0.136389
0 0.577109 0.318889 0.180156 0.251667
0 0.657813 0.216667 0.090938 0.230556
0 0.707109 0.247222 0.081406 0.259444
0 0.751406 0.205833 0.072500 0.233333
0 0.129453 0.812778 0.053594 0.123333
0 0.258906 0.897083 0.212500 0.205833
0 0.226172 0.358333 0.065781 0.119444
0 0.444141 0.633333 0.165469 0.403333
0 0.480313 0.377361 0.162812 0.243611
0 0.380312 0.283333 0.125000 0.161111
0 0.728906 0.791528 0.160625 0.366944
0 0.346328 0.259028 0.086406 0.130833
0 0.405625 0.322778 0.141875 0.193889
0 0.288906 0.649028 0.129688 0.263611
0 0.753281 0.468889 0.103438 0.400000
0 0.267812 0.323194 0.066250 0.094722
0 0.657656 0.637500 0.133438 0.379444
0 0.209219 0.312083 0.070312 0.117500
0 0.422031 0.200417 0.131875 0.109722
0 0.207813 0.724722 0.116875 0.322222
0 0.530391 0.738056 0.215469 0.416111
0 0.117266 0.562361 0.071094 0.134167
0 0.303438 0.246806 0.082187 0.105278
0 0.310234 0.466111 0.148906 0.280000
0 0.290313 0.404861 0.115312 0.220278
0 0.225859 0.451944 0.052344 0.164444
0 0.105937 0.660139 0.095000 0.184167
0 0.166250 0.623472 0.075938 0.137500