0 0.717187 0.811111 0.146875 0.372222
0 0.754687 0.431944 0.128125 0.308333
0 0.527344 0.343056 0.126562 0.263889
0 0.603906 0.336111 0.139063 0.255556
0 0.371875 0.880556 0.218750 0.172222
0 0.517969 0.962500 0.123438 0.069444
0 0.159375 0.608333 0.100000 0.138889
0 0.720313 0.251389 0.153125 0.147222
0 0.302344 0.344444 0.117188 0.233333
0 0.436719 0.247222 0.142187 0.172222
0 0.327344 0.252778 0.095312 0.116667
0 0.371094 0.201389 0.089063 0.075000
0 0.317969 0.438889 0.167187 0.194444
0 0.189844 0.834722 0.110937 0.197222
0 0.088281 0.593056 0.060937 0.175000
0 0.283594 0.254167 0.023438 0.069444
0 0.240625 0.243056 0.059375 0.063889
0 0.261719 0.290278 0.032813 0.119444
0 0.219531 0.300000 0.051562 0.100000
0 0.298438 0.187500 0.087500 0.097222
0 0.117969 0.761111 0.070312 0.161111
0 0.314844 0.579167 0.173437 0.180556
0 0.313281 0.927778 0.195312 0.138889
0 0.343750 0.776389 0.209375 0.191667
0 0.243750 0.645833 0.093750 0.258333
0 0.232813 0.341667 0.040625 0.133333
0 0.245312 0.438889 0.056250 0.122222
0 0.200000 0.331944 0.025000 0.063889
0 0.111719 0.505556 0.029687 0.038889
0 0.118750 0.573611 0.040625 0.108333