0 0.548984 0.180000 0.159531 0.098889
0 0.554688 0.228333 0.160000 0.123889
0 0.581641 0.325417 0.174844 0.238611
0 0.665000 0.229444 0.085625 0.224444
0 0.713281 0.264167 0.075313 0.254444
0 0.758672 0.226389 0.067031 0.228889
0 0.120703 0.646528 0.069844 0.137500
0 0.408594 0.314028 0.131562 0.185833
0 0.078125 0.668611 0.055937 0.147778
0 0.160000 0.578750 0.084687 0.102500
0 0.147109 0.794722 0.110156 0.128889
0 0.304141 0.483194 0.159531 0.179167
0 0.322578 0.918194 0.184531 0.163611
0 0.405234 0.643750 0.083594 0.357500
0 0.476172 0.365278 0.128281 0.252222
0 0.375469 0.295417 0.137187 0.155833
0 0.310937 0.431528 0.157812 0.248611
0 0.338203 0.304583 0.112656 0.173611
0 0.481016 0.606944 0.114844 0.362222
0 0.415000 0.202361 0.128125 0.091389
0 0.748437 0.489583 0.120313 0.395833
0 0.261094 0.395556 0.076875 0.176667
0 0.267266 0.665000 0.135469 0.219444
0 0.202578 0.293750 0.044219 0.108056
0 0.355547 0.856528 0.204844 0.256944
0 0.332422 0.678889 0.152656 0.223333
0 0.313984 0.231250 0.103594 0.111944
0 0.220703 0.260556 0.057031 0.122778
0 0.215547 0.352778 0.038594 0.060556