0 0.691797 0.833750 0.167656 0.332500
0 0.764219 0.510000 0.141875 0.353333
0 0.398828 0.732639 0.236719 0.372500
0 0.320078 0.790139 0.220156 0.306389
0 0.281641 0.873194 0.223281 0.192500
0 0.538047 0.351944 0.154844 0.298333
0 0.617656 0.363750 0.120938 0.288611
0 0.721641 0.361250 0.190781 0.215278
0 0.549766 0.693056 0.230781 0.571111
0 0.585312 0.224722 0.143437 0.156111
0 0.735234 0.297639 0.169844 0.150278
0 0.727969 0.230833 0.156562 0.120000
0 0.458594 0.216389 0.153438 0.217778
0 0.365547 0.186806 0.087344 0.134722
0 0.399453 0.153194 0.092969 0.080278
0 0.249375 0.592361 0.155625 0.223611
0 0.155938 0.749861 0.158438 0.221944
0 0.091641 0.465417 0.081094 0.196944
0 0.317422 0.419306 0.183906 0.271944
0 0.302891 0.230833 0.069219 0.166667
0 0.223984 0.245972 0.030156 0.067500
0 0.271563 0.245694 0.060313 0.166944
0 0.315156 0.156944 0.035937 0.047778
0 0.321719 0.310833 0.142813 0.265556
0 0.142500 0.532083 0.136875 0.183611
0 0.101797 0.639861 0.062656 0.111389
0 0.254375 0.173194 0.095937 0.129167
0 0.184609 0.652500 0.145781 0.231667
0 0.240781 0.260833 0.044062 0.138333
0 0.240078 0.356250 0.047344 0.106944
0 0.142187 0.449028 0.066875 0.075278