0 0.551953 0.178889 0.143281 0.047778
0 0.569063 0.243889 0.126875 0.108889
0 0.592187 0.330000 0.155313 0.201667
0 0.662422 0.251806 0.077656 0.209722
0 0.722969 0.297083 0.088125 0.257500
0 0.752031 0.254444 0.059688 0.215000
0 0.086094 0.635417 0.053750 0.148611
0 0.120469 0.542639 0.041875 0.127500
0 0.160000 0.630000 0.100000 0.153889
0 0.158594 0.786667 0.082187 0.153889
0 0.316094 0.900694 0.182188 0.148611
0 0.501953 0.931250 0.064219 0.087500
0 0.299609 0.589028 0.125469 0.199167
0 0.313750 0.322222 0.094063 0.164444
0 0.269687 0.655278 0.107500 0.193889
0 0.371953 0.286389 0.117969 0.156667
0 0.397344 0.305000 0.105937 0.167222
0 0.495156 0.345972 0.122500 0.206944
0 0.422031 0.352639 0.068750 0.172500
0 0.518359 0.506667 0.165781 0.236111
0 0.443672 0.582361 0.112031 0.329167
0 0.663984 0.852917 0.158281 0.244167
0 0.708672 0.693889 0.143281 0.456667
0 0.476562 0.263889 0.115000 0.170000
0 0.237656 0.262500 0.088125 0.146111
0 0.310781 0.222500 0.088125 0.140556
0 0.357812 0.205417 0.032813 0.042500
0 0.428047 0.205417 0.104531 0.079722
0 0.309219 0.449583 0.132812 0.233611
0 0.254062 0.389861 0.061250 0.135278
0 0.207813 0.308889 0.046250 0.068889