0 0.742266 0.760556 0.160469 0.398889
0 0.753828 0.356528 0.138906 0.396944
0 0.439453 0.773611 0.231094 0.360000
0 0.372578 0.860417 0.215781 0.279167
0 0.348750 0.938750 0.221563 0.122500
0 0.513203 0.338889 0.149844 0.290556
0 0.595859 0.315417 0.124219 0.295833
0 0.666719 0.258056 0.163125 0.304444
0 0.721172 0.261389 0.147344 0.276667
0 0.540156 0.193194 0.138437 0.146944
0 0.687188 0.144444 0.169375 0.175556
0 0.662891 0.123056 0.128281 0.087778
0 0.419531 0.247500 0.145313 0.202778
0 0.329922 0.271250 0.097969 0.135278
0 0.349609 0.215139 0.090781 0.076944
0 0.283359 0.691250 0.136406 0.249722
0 0.208672 0.901944 0.155156 0.196111
0 0.103281 0.670556 0.089688 0.215000
0 0.368750 0.366250 0.112187 0.230833
0 0.272734 0.342361 0.071094 0.167500
0 0.234531 0.279444 0.056250 0.107222
0 0.195547 0.388750 0.027656 0.068611
0 0.242422 0.371389 0.054531 0.169444
0 0.268828 0.263472 0.055156 0.069167
0 0.293125 0.479306 0.142187 0.310833
0 0.161797 0.709583 0.139844 0.212500
0 0.147187 0.827361 0.067500 0.115278
0 0.189688 0.315833 0.073438 0.135556
0 0.211172 0.398056 0.038281 0.111667
0 0.227891 0.490833 0.045469 0.105000