0 0.698984 0.784306 0.134531 0.340833
0 0.739687 0.442361 0.104375 0.292500
0 0.427813 0.715833 0.193125 0.325556
0 0.366250 0.771667 0.173125 0.157778
0 0.333359 0.893889 0.196094 0.122222
0 0.525156 0.355833 0.115937 0.241667
0 0.595938 0.354583 0.128750 0.244167
0 0.685937 0.378611 0.094375 0.236667
0 0.510000 0.928056 0.125937 0.053333
0 0.552187 0.220972 0.121562 0.099167
0 0.701016 0.260278 0.147344 0.101667
0 0.681719 0.194306 0.143125 0.081389
0 0.440703 0.269444 0.124531 0.145000
0 0.355469 0.264306 0.077187 0.094167
0 0.385625 0.218333 0.088750 0.048333
0 0.292656 0.622778 0.125937 0.185556
0 0.210234 0.810000 0.112969 0.188333
0 0.124531 0.586111 0.061562 0.162778
0 0.299062 0.312639 0.044375 0.160278
0 0.266797 0.256528 0.062969 0.063611
0 0.230313 0.349583 0.024375 0.045833
0 0.276172 0.327639 0.035781 0.134722
0 0.319062 0.442222 0.133125 0.272222
0 0.242578 0.298611 0.060156 0.066111
0 0.199531 0.647083 0.077187 0.183056
0 0.148047 0.730833 0.060156 0.137222
0 0.346953 0.834028 0.188906 0.165278
0 0.246094 0.350833 0.027187 0.109444
0 0.264688 0.443472 0.047188 0.086389
0 0.173047 0.599861 0.075781 0.134722
0 0.148750 0.545278 0.030000 0.066111
0 0.147344 0.505972 0.024375 0.033056