0 0.737734 0.759306 0.172344 0.402500
0 0.741953 0.381528 0.162344 0.348611
0 0.515859 0.338056 0.144531 0.290556
0 0.591641 0.319444 0.157031 0.296111
0 0.414609 0.891250 0.295781 0.217500
0 0.578281 0.938611 0.128750 0.116111
0 0.528750 0.179722 0.146250 0.125556
0 0.697969 0.188750 0.162500 0.140278
0 0.672891 0.124306 0.161406 0.123611
0 0.416875 0.265556 0.148125 0.193889
0 0.315000 0.284722 0.090938 0.140000
0 0.347812 0.225417 0.097188 0.079167
0 0.285000 0.685000 0.150938 0.232222
0 0.229531 0.875556 0.150313 0.180556
0 0.098672 0.678611 0.078281 0.196667
0 0.267656 0.347222 0.060625 0.184444
0 0.228281 0.294722 0.073125 0.084444
0 0.243047 0.366944 0.047344 0.148889
0 0.301016 0.482361 0.162344 0.326944
0 0.209766 0.353611 0.060156 0.095000
0 0.187266 0.738056 0.112656 0.228889
0 0.139844 0.845694 0.081250 0.175833
0 0.352578 0.845972 0.175156 0.124167
0 0.342891 0.933194 0.218281 0.133611
0 0.376406 0.794444 0.185000 0.156111
0 0.216562 0.405139 0.041250 0.128611
0 0.438906 0.700139 0.213750 0.300833
0 0.240859 0.490694 0.059219 0.103056
0 0.149063 0.678333 0.082500 0.170556
0 0.189687 0.402917 0.023750 0.054167
0 0.125937 0.654167 0.056563 0.129444
0 0.110937 0.587778 0.031250 0.053333