0 0.718203 0.812222 0.147031 0.372778
0 0.749453 0.438056 0.140781 0.320000
0 0.528047 0.343472 0.126719 0.264167
0 0.604766 0.342083 0.139219 0.266944
0 0.348906 0.885972 0.259687 0.158611
0 0.532734 0.953889 0.123594 0.088889
0 0.302734 0.486806 0.142344 0.255833
0 0.721328 0.232361 0.153281 0.136389
0 0.690000 0.183750 0.184688 0.111389
0 0.434922 0.249028 0.137656 0.164167
0 0.318359 0.253194 0.095469 0.116944
0 0.369297 0.197500 0.093906 0.066667
0 0.266016 0.642639 0.137656 0.166944
0 0.205703 0.807917 0.145469 0.175278
0 0.086797 0.599583 0.061094 0.153056
0 0.286250 0.285139 0.046875 0.158611
0 0.245703 0.235000 0.068906 0.069444
0 0.256562 0.311528 0.034375 0.144722
0 0.221484 0.289167 0.061094 0.088889
0 0.306641 0.387917 0.131406 0.219722
0 0.171328 0.659306 0.095469 0.205833
0 0.118203 0.762083 0.070469 0.161389
0 0.326172 0.804028 0.161094 0.122500
0 0.321562 0.935972 0.208125 0.125278
0 0.349687 0.767639 0.192500 0.144722
0 0.225312 0.343472 0.031250 0.119722
0 0.421719 0.714861 0.205000 0.300278
0 0.242500 0.431111 0.050000 0.088889
0 0.142422 0.600972 0.081406 0.139167
0 0.200312 0.336389 0.021875 0.066667
0 0.118906 0.574306 0.050000 0.119722
0 0.107969 0.506111 0.028125 0.038889