0 0.555469 0.183333 0.157812 0.088889
0 0.560156 0.231944 0.157812 0.113889
0 0.585156 0.330556 0.170313 0.227778
0 0.670312 0.240278 0.081250 0.219444
0 0.717969 0.277778 0.070312 0.250000
0 0.764062 0.243056 0.062500 0.225000
0 0.171875 0.695833 0.137500 0.236111
0 0.129688 0.540278 0.037500 0.080556
0 0.420312 0.308333 0.143750 0.177778
0 0.124219 0.780556 0.051562 0.127778
0 0.310156 0.420833 0.151562 0.219444
0 0.268750 0.727778 0.115625 0.294444
0 0.407031 0.627778 0.085938 0.333333
0 0.478906 0.363889 0.123438 0.244444
0 0.379688 0.287500 0.134375 0.147222
0 0.696875 0.794444 0.162500 0.405556
0 0.346094 0.273611 0.098437 0.125000
0 0.483594 0.597222 0.107813 0.366667
0 0.421094 0.197222 0.126562 0.083333
0 0.753906 0.505556 0.085938 0.388889
0 0.279687 0.381944 0.084375 0.186111
0 0.295312 0.525000 0.143750 0.194444
0 0.207031 0.287500 0.042188 0.080556
0 0.192188 0.758333 0.075000 0.277778
0 0.409375 0.813889 0.212500 0.327778
0 0.319531 0.219444 0.101562 0.105556
0 0.235937 0.276389 0.065625 0.180556
0 0.095312 0.536111 0.084375 0.166667
0 0.216406 0.331944 0.032813 0.063889
0 0.144531 0.648611 0.120313 0.147222