0 0.580469 0.200833 0.163437 0.128333
0 0.581250 0.250139 0.165313 0.153056
0 0.598047 0.354167 0.187031 0.268889
0 0.689531 0.286528 0.098125 0.238056
0 0.733672 0.335694 0.089844 0.265278
0 0.782031 0.313194 0.080000 0.238611
0 0.108984 0.686806 0.082656 0.158611
0 0.200859 0.818611 0.166406 0.220556
0 0.368125 0.394444 0.166563 0.185556
0 0.250859 0.253333 0.069219 0.125556
0 0.397109 0.609583 0.114531 0.381944
0 0.501953 0.360000 0.153594 0.249444
0 0.383125 0.229861 0.118438 0.226944
0 0.686406 0.842361 0.171875 0.315278
0 0.375469 0.198472 0.076875 0.143611
0 0.466641 0.599444 0.118281 0.372222
0 0.750781 0.570417 0.116562 0.406944
0 0.291250 0.214583 0.086563 0.170278
0 0.282500 0.494306 0.120000 0.246389
0 0.240156 0.201389 0.073750 0.123889
0 0.458516 0.177778 0.140156 0.122222
0 0.187188 0.628333 0.131562 0.332778
0 0.498906 0.755139 0.229687 0.457500
0 0.120703 0.417639 0.067344 0.138611
0 0.340312 0.175278 0.085000 0.113333
0 0.398984 0.267639 0.158281 0.269722
0 0.281328 0.325556 0.071719 0.228333
0 0.238828 0.344167 0.057656 0.168333
0 0.075859 0.560417 0.120781 0.200833
0 0.143438 0.565000 0.133438 0.206667