0 0.721406 0.814306 0.149688 0.371389
0 0.759687 0.431806 0.130625 0.314167
0 0.527891 0.341111 0.128906 0.268889
0 0.606016 0.334028 0.141719 0.260278
0 0.369609 0.888889 0.222969 0.175556
0 0.518359 0.968472 0.125781 0.063056
0 0.160156 0.610139 0.084375 0.138611
0 0.724609 0.247778 0.156094 0.150000
0 0.535937 0.170000 0.202188 0.203889
0 0.414844 0.243750 0.103438 0.158611
0 0.322656 0.240694 0.081250 0.107500
0 0.368828 0.189722 0.093906 0.062222
0 0.301875 0.416250 0.148125 0.254722
0 0.183984 0.842083 0.112969 0.200833
0 0.080547 0.596111 0.062031 0.178333
0 0.293125 0.275972 0.054062 0.138611
0 0.220625 0.244861 0.033437 0.048056
0 0.262891 0.297361 0.044531 0.158611
0 0.214375 0.297361 0.052500 0.101944
0 0.267578 0.200972 0.095469 0.107500
0 0.110859 0.767361 0.071719 0.164167
0 0.320234 0.593194 0.162344 0.195278
0 0.309844 0.933194 0.199063 0.133611
0 0.340859 0.782917 0.213281 0.195278
0 0.238203 0.662639 0.090781 0.249167
0 0.227891 0.339861 0.041406 0.135833
0 0.240547 0.438889 0.057344 0.124444
0 0.194453 0.330000 0.025469 0.065000
0 0.104531 0.506806 0.030312 0.039722
0 0.127500 0.622778 0.035000 0.056667
0 0.111641 0.576250 0.041406 0.110278