0 0.277344 0.811111 0.135937 0.372222
0 0.238281 0.434722 0.114062 0.325000
0 0.578906 0.758333 0.210938 0.316667
0 0.651563 0.805556 0.200000 0.188889
0 0.682031 0.930556 0.214062 0.133333
0 0.475781 0.343056 0.132812 0.263889
0 0.392188 0.337500 0.106250 0.275000
0 0.293750 0.300000 0.178125 0.166667
0 0.482031 0.938889 0.295312 0.116667
0 0.440625 0.204167 0.134375 0.119444
0 0.289844 0.218056 0.142187 0.080556
0 0.296094 0.166667 0.154688 0.083333
0 0.566406 0.231944 0.139063 0.180556
0 0.667188 0.220833 0.078125 0.113889
0 0.632812 0.183333 0.100000 0.066667
0 0.739062 0.662500 0.140625 0.186111
0 0.817187 0.844444 0.143750 0.183333
0 0.906250 0.581944 0.065625 0.180556
0 0.685156 0.475000 0.170313 0.227778
0 0.727344 0.302778 0.042188 0.122222
0 0.764062 0.247222 0.059375 0.094444
0 0.795312 0.327778 0.025000 0.061111
0 0.750000 0.313889 0.037500 0.138889
0 0.683594 0.354167 0.145313 0.230556
0 0.848437 0.647222 0.121875 0.177778
0 0.881250 0.751389 0.062500 0.113889
0 0.714844 0.236111 0.051562 0.144444
0 0.685156 0.841667 0.220312 0.200000
0 0.777344 0.337500 0.032813 0.130556
0 0.769531 0.431944 0.039062 0.097222
0 0.860156 0.544444 0.067187 0.083333