0 0.537813 0.175417 0.161875 0.115833
0 0.545234 0.222778 0.163281 0.140556
0 0.575547 0.316667 0.182031 0.256111
0 0.655312 0.212083 0.092812 0.232500
0 0.704766 0.240972 0.083594 0.260833
0 0.748828 0.198750 0.074531 0.234722
0 0.145391 0.847500 0.079219 0.153333
0 0.252500 0.915972 0.162500 0.168056
0 0.349375 0.759306 0.114062 0.449722
0 0.224922 0.366389 0.066719 0.121111
0 0.414922 0.650139 0.105469 0.376944
0 0.484688 0.363056 0.151875 0.240000
0 0.350156 0.287361 0.113750 0.219722
0 0.731484 0.785000 0.163594 0.370556
0 0.338516 0.260278 0.073906 0.138889
0 0.445391 0.262361 0.051406 0.066389
0 0.481016 0.610833 0.109531 0.366667
0 0.752969 0.461528 0.106875 0.401944
0 0.268047 0.335000 0.088281 0.149444
0 0.289453 0.584028 0.112344 0.194722
0 0.207500 0.320417 0.071250 0.119167
0 0.406641 0.188333 0.151094 0.143889
0 0.213516 0.757778 0.124219 0.325556
0 0.533281 0.748056 0.220000 0.443333
0 0.121094 0.576944 0.044062 0.073333
0 0.301172 0.252639 0.082969 0.107500
0 0.374453 0.372361 0.170156 0.322500
0 0.271797 0.432083 0.086719 0.231389
0 0.225469 0.459583 0.053750 0.165278
0 0.535234 0.919722 0.245156 0.160556
0 0.095234 0.734861 0.103594 0.204167
0 0.170156 0.710833 0.133125 0.209444