0 0.444531 0.183333 0.157812 0.088889
0 0.439844 0.231944 0.157812 0.113889
0 0.422656 0.315278 0.182812 0.197222
0 0.329688 0.240278 0.081250 0.219444
0 0.266406 0.268056 0.092188 0.230556
0 0.235937 0.243056 0.062500 0.225000
0 0.687500 0.919444 0.184375 0.155556
0 0.626563 0.284722 0.125000 0.147222
0 0.892188 0.523611 0.040625 0.075000
0 0.592969 0.312500 0.117188 0.186111
0 0.446875 0.506944 0.131250 0.363889
0 0.935156 0.640278 0.035937 0.147222
0 0.848437 0.625000 0.109375 0.133333
0 0.319531 0.875000 0.132812 0.244444
0 0.922656 0.618056 0.070312 0.119444
0 0.559375 0.601389 0.115625 0.375000
0 0.652344 0.527778 0.132812 0.277778
0 0.643750 0.634722 0.140625 0.352778
0 0.703125 0.377778 0.121875 0.222222
0 0.546094 0.363889 0.104688 0.244444
0 0.578125 0.195833 0.125000 0.091667
0 0.685156 0.268056 0.120313 0.202778
0 0.271875 0.468056 0.109375 0.430556
0 0.774219 0.398611 0.042188 0.069444
0 0.714063 0.231944 0.043750 0.063889
0 0.735938 0.543056 0.121875 0.241667
0 0.795312 0.734722 0.131250 0.269444
0 0.785937 0.315278 0.056250 0.086111
0 0.758594 0.220833 0.070312 0.119444
0 0.811719 0.268056 0.048438 0.086111
0 0.872656 0.547222 0.032813 0.100000