0 0.557813 0.680556 0.181250 0.233333
0 0.831250 0.715278 0.118750 0.463889
0 0.614062 0.297222 0.159375 0.105556
0 0.782813 0.405556 0.084375 0.344444
0 0.710938 0.887500 0.193750 0.219444
0 0.650781 0.459722 0.160938 0.219444
0 0.502344 0.493056 0.117188 0.191667
0 0.194531 0.754167 0.057813 0.108333
0 0.696875 0.743056 0.200000 0.441667
0 0.491406 0.840278 0.167187 0.263889
0 0.472656 0.336111 0.135937 0.177778
0 0.863281 0.418056 0.076563 0.297222
0 0.774219 0.293056 0.117188 0.258333
0 0.708594 0.297222 0.145313 0.200000
0 0.842187 0.312500 0.065625 0.186111
0 0.759375 0.194444 0.115625 0.116667
0 0.198437 0.637500 0.037500 0.113889
0 0.357031 0.695833 0.139063 0.125000
0 0.235937 0.584722 0.081250 0.197222
0 0.601562 0.231944 0.115625 0.086111
0 0.248438 0.701389 0.078125 0.086111
0 0.389844 0.369444 0.098437 0.116667
0 0.355469 0.368056 0.045312 0.080556
0 0.424219 0.431944 0.060937 0.113889
0 0.303906 0.436111 0.070312 0.138889
0 0.299219 0.509722 0.095312 0.158333
0 0.509375 0.373611 0.071875 0.113889
0 0.580469 0.404167 0.089063 0.180556
0 0.414062 0.952778 0.059375 0.088889
0 0.280469 0.647222 0.039062 0.116667