0 0.555469 0.183333 0.157812 0.088889
0 0.560156 0.231944 0.157812 0.113889
0 0.585156 0.330556 0.170313 0.227778
0 0.670312 0.240278 0.081250 0.219444
0 0.717969 0.277778 0.070312 0.250000
0 0.764062 0.243056 0.062500 0.225000
0 0.149219 0.595833 0.101562 0.086111
0 0.221875 0.686111 0.087500 0.250000
0 0.110156 0.738889 0.051562 0.127778
0 0.439063 0.350000 0.106250 0.161111
0 0.333594 0.313889 0.070312 0.155556
0 0.407031 0.627778 0.085938 0.333333
0 0.500781 0.359722 0.104688 0.225000
0 0.403125 0.250000 0.084375 0.088889
0 0.714844 0.793056 0.145313 0.408333
0 0.367188 0.236111 0.056250 0.072222
0 0.483594 0.597222 0.107813 0.366667
0 0.421094 0.197222 0.126562 0.083333
0 0.753906 0.505556 0.085938 0.388889
0 0.275781 0.384722 0.085938 0.225000
0 0.335156 0.406944 0.123438 0.247222
0 0.207031 0.287500 0.042188 0.080556
0 0.290625 0.586111 0.159375 0.183333
0 0.409375 0.813889 0.212500 0.327778
0 0.319531 0.219444 0.101562 0.105556
0 0.235937 0.287500 0.065625 0.158333
0 0.108594 0.525000 0.060937 0.100000
0 0.213281 0.337500 0.032813 0.063889
0 0.162500 0.751389 0.112500 0.252778