0 0.714922 0.807778 0.145781 0.369444
0 0.745859 0.436806 0.139531 0.316944
0 0.526563 0.343194 0.125625 0.261944
0 0.602422 0.341806 0.137969 0.264722
0 0.349688 0.879444 0.255938 0.148889
0 0.531094 0.948333 0.122500 0.088333
0 0.303203 0.485139 0.141094 0.253611
0 0.718047 0.233056 0.152031 0.135000
0 0.686953 0.184861 0.182969 0.110278
0 0.434141 0.249444 0.136406 0.162778
0 0.324063 0.249583 0.083750 0.107500
0 0.369141 0.198611 0.092969 0.066111
0 0.266797 0.639583 0.136406 0.165278
0 0.207109 0.803750 0.144219 0.173611
0 0.089141 0.596944 0.060469 0.151667
0 0.286875 0.285278 0.046562 0.157222
0 0.246641 0.235833 0.068281 0.068889
0 0.257500 0.311667 0.034063 0.143333
0 0.222578 0.289444 0.060469 0.088333
0 0.306328 0.392778 0.137969 0.223333
0 0.172891 0.656111 0.094531 0.203889
0 0.120234 0.758333 0.069844 0.160000
0 0.327188 0.792639 0.170625 0.124167
0 0.321797 0.941528 0.193906 0.101944
0 0.353672 0.760972 0.192344 0.126944
0 0.226406 0.343194 0.030937 0.118611
0 0.421094 0.711389 0.203125 0.297778
0 0.243594 0.430278 0.049688 0.088333
0 0.144219 0.598333 0.083750 0.148889
0 0.201641 0.336389 0.021719 0.066111
0 0.120938 0.572083 0.049688 0.118611
0 0.110078 0.504583 0.027969 0.038611