0 0.497969 0.820972 0.146250 0.291944
0 0.296406 0.299583 0.152188 0.193611
0 0.247266 0.202639 0.116406 0.100833
0 0.640547 0.688333 0.162656 0.095556
0 0.541953 0.324722 0.108906 0.106111
0 0.624766 0.373750 0.068594 0.076944
0 0.558359 0.432083 0.049219 0.055833
0 0.686719 0.438889 0.067187 0.132778
0 0.686094 0.493333 0.080625 0.119444
0 0.444219 0.680139 0.173125 0.217500
0 0.250234 0.590139 0.256719 0.265278
0 0.383906 0.290278 0.174687 0.132778
0 0.280781 0.401667 0.165625 0.201667
0 0.298750 0.903056 0.171563 0.143333
0 0.567344 0.913750 0.100000 0.121944
0 0.703203 0.586111 0.043281 0.156667
0 0.488984 0.479861 0.089531 0.251944
0 0.215781 0.786389 0.158125 0.376667
0 0.473281 0.372500 0.046250 0.095556
0 0.210703 0.300833 0.091094 0.270556
0 0.247891 0.290139 0.082031 0.159167
0 0.399531 0.414861 0.113437 0.196389
0 0.168984 0.334028 0.058281 0.183056
0 0.547891 0.495833 0.055156 0.108889
0 0.418906 0.254306 0.098437 0.098056
0 0.763594 0.613889 0.086563 0.143333
0 0.738281 0.682917 0.071563 0.100833
0 0.788281 0.751806 0.073125 0.090278
0 0.543516 0.375000 0.123906 0.116667