0 0.736406 0.817778 0.159062 0.364444
0 0.770234 0.432222 0.152344 0.346111
0 0.530781 0.329861 0.137187 0.285833
0 0.613594 0.328611 0.150625 0.288889
0 0.330156 0.914028 0.264062 0.171944
0 0.520625 0.981806 0.133750 0.036389
0 0.294531 0.474583 0.182812 0.298056
0 0.739844 0.217083 0.165938 0.132500
0 0.705937 0.156806 0.199687 0.120278
0 0.429922 0.227639 0.148906 0.177500
0 0.310625 0.227778 0.093125 0.123333
0 0.363047 0.170417 0.099844 0.069167
0 0.255625 0.618889 0.138750 0.201667
0 0.185312 0.835694 0.154062 0.189722
0 0.053359 0.606944 0.066094 0.165556
0 0.269141 0.266944 0.050781 0.171667
0 0.225234 0.212639 0.074531 0.075278
0 0.237891 0.297083 0.042344 0.153611
0 0.198984 0.271250 0.066094 0.096389
0 0.277734 0.397639 0.135469 0.264722
0 0.141328 0.673056 0.099844 0.231667
0 0.087188 0.782778 0.076250 0.174444
0 0.310625 0.825139 0.177812 0.120278
0 0.309844 0.959167 0.226875 0.081667
0 0.343672 0.779861 0.213281 0.156389
0 0.412188 0.722639 0.215000 0.336944
0 0.203125 0.324028 0.040625 0.141389
0 0.219219 0.423333 0.049062 0.093333
0 0.176953 0.325417 0.025469 0.060278
0 0.091484 0.576944 0.054219 0.129444
0 0.080469 0.506111 0.032188 0.042222
0 0.103359 0.597917 0.054219 0.117500