0 0.554297 0.188333 0.154844 0.087222
0 0.558984 0.235833 0.154844 0.111667
0 0.583359 0.332500 0.167031 0.223333
0 0.667031 0.244028 0.079687 0.215278
0 0.713672 0.280972 0.068906 0.245278
0 0.758906 0.246806 0.061250 0.220833
0 0.152734 0.605278 0.105781 0.092778
0 0.181094 0.693750 0.095000 0.269722
0 0.101406 0.727917 0.030625 0.076389
0 0.316016 0.479861 0.156406 0.239722
0 0.249375 0.260556 0.084375 0.150000
0 0.408750 0.624306 0.084375 0.326944
0 0.482187 0.368056 0.127188 0.223333
0 0.386484 0.291806 0.141094 0.179722
0 0.710625 0.816389 0.142500 0.340556
0 0.340469 0.260417 0.110312 0.128056
0 0.408750 0.323056 0.148750 0.171667
0 0.483828 0.594306 0.105781 0.359722
0 0.422578 0.201667 0.124219 0.081667
0 0.749062 0.504306 0.084375 0.381389
0 0.252344 0.355833 0.115000 0.150000
0 0.263125 0.378889 0.081250 0.087222
0 0.212422 0.290417 0.041406 0.079167
0 0.262344 0.647222 0.113437 0.280556
0 0.410156 0.779444 0.145625 0.376111
0 0.322813 0.223750 0.099687 0.103611
0 0.127500 0.526111 0.067500 0.081667
0 0.155703 0.678750 0.102656 0.212500