0 0.282813 0.811111 0.146875 0.372222
0 0.247656 0.437500 0.132812 0.319444
0 0.578906 0.736111 0.210938 0.355556
0 0.646094 0.797222 0.189062 0.172222
0 0.682031 0.930556 0.214062 0.133333
0 0.472656 0.343056 0.126562 0.263889
0 0.395313 0.341667 0.140625 0.266667
0 0.334375 0.333333 0.131250 0.211111
0 0.489063 0.968056 0.137500 0.058333
0 0.442969 0.195833 0.132812 0.108333
0 0.280469 0.238889 0.160938 0.111111
0 0.301563 0.166667 0.156250 0.088889
0 0.564844 0.248611 0.135937 0.158333
0 0.657813 0.243056 0.084375 0.102778
0 0.625000 0.193056 0.096875 0.052778
0 0.726562 0.634722 0.137500 0.202778
0 0.816406 0.838889 0.123438 0.205556
0 0.913281 0.593056 0.048438 0.158333
0 0.719531 0.295833 0.048438 0.175000
0 0.754687 0.234722 0.068750 0.069444
0 0.793750 0.337500 0.025000 0.052778
0 0.744531 0.312500 0.039062 0.147222
0 0.697656 0.437500 0.145313 0.297222
0 0.780469 0.283333 0.067187 0.077778
0 0.828125 0.663889 0.090625 0.194444
0 0.884375 0.752778 0.065625 0.150000
0 0.667188 0.865278 0.206250 0.180556
0 0.777344 0.337500 0.029687 0.119444
0 0.757031 0.438889 0.051562 0.094444
0 0.852344 0.595833 0.089063 0.130556
0 0.886719 0.548611 0.035937 0.080556
0 0.885938 0.505556 0.021875 0.038889