0 0.687344 0.831528 0.177500 0.336944
0 0.757500 0.503056 0.153438 0.340000
0 0.540703 0.352500 0.147969 0.295556
0 0.616875 0.366806 0.159688 0.290833
0 0.328203 0.833056 0.236094 0.218333
0 0.488203 0.958056 0.109531 0.083889
0 0.739375 0.315278 0.164062 0.187778
0 0.308359 0.349444 0.147969 0.295556
0 0.466484 0.216528 0.143906 0.198056
0 0.361250 0.199722 0.084375 0.120000
0 0.374219 0.151389 0.053438 0.060556
0 0.256328 0.517639 0.181719 0.251389
0 0.163750 0.751944 0.125625 0.211667
0 0.092344 0.450972 0.066875 0.125833
0 0.312969 0.217222 0.052187 0.148333
0 0.270625 0.168889 0.076250 0.096111
0 0.280313 0.239028 0.048125 0.152500
0 0.240312 0.225139 0.059688 0.113056
0 0.440391 0.207778 0.147969 0.175000
0 0.099844 0.652639 0.083437 0.178611
0 0.205625 0.628750 0.115312 0.214167
0 0.278125 0.871111 0.205000 0.191111
0 0.326562 0.727222 0.215000 0.252778
0 0.141016 0.553056 0.108594 0.241667
0 0.248594 0.266806 0.048750 0.141944
0 0.608438 0.177500 0.183750 0.187778
0 0.219375 0.255694 0.026875 0.066389
0 0.115859 0.398611 0.032656 0.046667
0 0.138672 0.490556 0.050781 0.097222
0 0.115000 0.471250 0.052500 0.116389
0 0.092109 0.507222 0.049844 0.105000
0 0.247422 0.359167 0.057656 0.091111