0 0.696953 0.825972 0.168594 0.348056
0 0.753828 0.486111 0.152969 0.343333
0 0.407188 0.719444 0.231250 0.393889
0 0.336719 0.767361 0.198437 0.207500
0 0.292813 0.892917 0.220938 0.173611
0 0.536719 0.349167 0.141875 0.286667
0 0.613594 0.362778 0.155938 0.292222
0 0.616172 0.451111 0.175781 0.315000
0 0.575234 0.208611 0.138594 0.133333
0 0.734141 0.282639 0.166719 0.141389
0 0.717578 0.206667 0.160781 0.118333
0 0.451797 0.233611 0.146094 0.181111
0 0.359453 0.214306 0.088594 0.118056
0 0.396328 0.178056 0.089531 0.082778
0 0.266563 0.590417 0.149063 0.228056
0 0.143281 0.744028 0.132812 0.238611
0 0.294219 0.255000 0.058750 0.183333
0 0.263281 0.181667 0.071875 0.071111
0 0.268203 0.268056 0.051406 0.162778
0 0.228906 0.242222 0.064062 0.118889
0 0.311250 0.400556 0.170313 0.325000
0 0.160000 0.585139 0.098437 0.204722
0 0.100391 0.672917 0.058594 0.128611
0 0.105625 0.420972 0.057813 0.093056
0 0.310859 0.843472 0.221719 0.211944
0 0.236250 0.291250 0.042188 0.136389
0 0.246797 0.386944 0.053594 0.097778
0 0.143828 0.491111 0.083594 0.111667
0 0.082187 0.508750 0.072813 0.161389