0 0.444531 0.183333 0.157812 0.088889
0 0.439844 0.231944 0.157812 0.113889
0 0.414844 0.330556 0.170313 0.227778
0 0.329688 0.240278 0.081250 0.219444
0 0.282031 0.277778 0.070312 0.250000
0 0.235937 0.243056 0.062500 0.225000
0 0.836719 0.727778 0.085938 0.288889
0 0.579688 0.308333 0.143750 0.177778
0 0.918750 0.630556 0.065625 0.166667
0 0.857812 0.575000 0.096875 0.077778
0 0.860156 0.784722 0.082812 0.136111
0 0.696875 0.420833 0.137500 0.219444
0 0.685937 0.913889 0.181250 0.166667
0 0.592969 0.637500 0.085938 0.352778
0 0.521094 0.363889 0.123438 0.244444
0 0.620313 0.287500 0.134375 0.147222
0 0.718750 0.722222 0.181250 0.322222
0 0.655469 0.268056 0.101562 0.136111
0 0.516406 0.597222 0.107813 0.366667
0 0.578906 0.197222 0.126562 0.083333
0 0.253125 0.505556 0.096875 0.388889
0 0.678906 0.338889 0.079687 0.155556
0 0.671094 0.563889 0.142187 0.194444
0 0.792969 0.287500 0.042188 0.080556
0 0.771094 0.636111 0.101562 0.188889
0 0.594531 0.813889 0.154688 0.322222
0 0.680469 0.219444 0.101562 0.105556
0 0.764062 0.281944 0.065625 0.175000
0 0.783594 0.331944 0.032813 0.063889
0 0.875000 0.516667 0.021875 0.050000