0 0.561562 0.157500 0.171563 0.096667
0 0.566719 0.210556 0.171563 0.123889
0 0.593828 0.317639 0.185156 0.247500
0 0.686328 0.219583 0.088281 0.238611
0 0.738203 0.260278 0.076406 0.271667
0 0.788359 0.222500 0.067969 0.244444
0 0.101406 0.681528 0.093437 0.093611
0 0.414687 0.293611 0.156250 0.193333
0 0.039375 0.655694 0.057813 0.156944
0 0.116562 0.607500 0.113750 0.084444
0 0.109844 0.812778 0.093437 0.102778
0 0.287188 0.394444 0.149375 0.196111
0 0.299141 0.930556 0.197031 0.138889
0 0.400312 0.651111 0.093437 0.383333
0 0.478359 0.353889 0.134219 0.265556
0 0.370547 0.270833 0.146094 0.160000
0 0.290625 0.648333 0.180000 0.250556
0 0.332188 0.249861 0.110312 0.148056
0 0.483437 0.620972 0.117188 0.377500
0 0.415469 0.172778 0.137500 0.090556
0 0.754375 0.507778 0.135937 0.422778
0 0.258359 0.316111 0.067969 0.160000
0 0.172656 0.725278 0.090000 0.326111
0 0.182734 0.270694 0.045781 0.087500
0 0.336484 0.873194 0.217344 0.253611
0 0.286406 0.509306 0.137500 0.135833
0 0.214297 0.275417 0.071406 0.169167
0 0.305000 0.196806 0.110312 0.114722
0 0.192969 0.319167 0.035625 0.069444