0 0.717187 0.811111 0.146875 0.372222
0 0.754687 0.431944 0.128125 0.308333
0 0.527344 0.343056 0.126562 0.263889
0 0.603906 0.336111 0.139063 0.255556
0 0.371875 0.880556 0.218750 0.172222
0 0.517969 0.962500 0.123438 0.069444
0 0.155469 0.611111 0.082812 0.144444
0 0.720313 0.251389 0.153125 0.147222
0 0.689063 0.183333 0.184375 0.111111
0 0.434375 0.248611 0.137500 0.163889
0 0.325781 0.244444 0.079687 0.105556
0 0.371094 0.194444 0.092188 0.061111
0 0.310937 0.416667 0.134375 0.250000
0 0.189844 0.834722 0.110937 0.197222
0 0.088281 0.593056 0.060937 0.175000
0 0.296875 0.279167 0.053125 0.136111
0 0.262500 0.298611 0.043750 0.141667
0 0.209375 0.313889 0.031250 0.083333
0 0.259375 0.226389 0.103125 0.125000
0 0.117969 0.761111 0.070312 0.161111
0 0.317188 0.584722 0.168750 0.169444
0 0.304688 0.925000 0.184375 0.144444
0 0.346875 0.769444 0.215625 0.205556
0 0.238281 0.661111 0.104688 0.216667
0 0.232813 0.341667 0.040625 0.133333
0 0.241406 0.430556 0.048438 0.094444
0 0.200000 0.331944 0.025000 0.063889
0 0.111719 0.505556 0.029687 0.038889
0 0.118750 0.573611 0.040625 0.108333