0 0.289844 0.811111 0.160938 0.372222
0 0.238281 0.412500 0.114062 0.375000
0 0.599219 0.763889 0.226562 0.250000
0 0.656250 0.847222 0.209375 0.233333
0 0.685156 0.937500 0.220312 0.119444
0 0.475781 0.343056 0.132812 0.263889
0 0.392188 0.337500 0.106250 0.275000
0 0.325781 0.315278 0.126562 0.286111
0 0.264062 0.309722 0.128125 0.247222
0 0.432812 0.188889 0.134375 0.122222
0 0.286719 0.166667 0.185938 0.133333
0 0.567187 0.244444 0.146875 0.166667
0 0.636719 0.209722 0.123438 0.097222
0 0.650000 0.165278 0.071875 0.047222
0 0.712500 0.519444 0.162500 0.211111
0 0.803906 0.851389 0.151562 0.197222
0 0.888281 0.755556 0.057813 0.105556
0 0.659375 0.295833 0.084375 0.119444
0 0.854688 0.573611 0.087500 0.102778
0 0.716406 0.672222 0.173437 0.177778
0 0.842969 0.665278 0.117188 0.213889
0 0.691406 0.426389 0.157812 0.208333
0 0.720313 0.318056 0.059375 0.169444
0 0.739844 0.312500 0.057813 0.169444
0 0.754687 0.227778 0.062500 0.100000
0 0.797656 0.322222 0.020313 0.072222
0 0.762500 0.300000 0.056250 0.122222
0 0.878906 0.513889 0.023438 0.038889
0 0.707812 0.219444 0.081250 0.072222
0 0.779687 0.386111 0.028125 0.083333
0 0.871094 0.562500 0.060937 0.108333