0 0.555469 0.183333 0.157812 0.088889
0 0.560156 0.231944 0.157812 0.113889
0 0.585156 0.330556 0.170313 0.227778
0 0.670312 0.240278 0.081250 0.219444
0 0.717969 0.277778 0.070312 0.250000
0 0.764062 0.243056 0.062500 0.225000
0 0.153125 0.594444 0.103125 0.088889
0 0.221875 0.686111 0.087500 0.250000
0 0.110156 0.738889 0.051562 0.127778
0 0.328906 0.455556 0.157812 0.155556
0 0.274219 0.312500 0.154688 0.091667
0 0.407031 0.627778 0.085938 0.333333
0 0.482031 0.366667 0.129688 0.227778
0 0.394531 0.262500 0.098437 0.125000
0 0.714844 0.823611 0.145313 0.347222
0 0.351562 0.241667 0.081250 0.088889
0 0.432031 0.279167 0.082812 0.102778
0 0.483594 0.597222 0.107813 0.366667
0 0.421094 0.197222 0.126562 0.083333
0 0.753906 0.505556 0.085938 0.388889
0 0.257031 0.380556 0.060937 0.116667
0 0.337500 0.391667 0.162500 0.161111
0 0.207031 0.287500 0.042188 0.080556
0 0.290625 0.598611 0.128125 0.208333
0 0.409375 0.813889 0.212500 0.327778
0 0.319531 0.219444 0.101562 0.105556
0 0.235937 0.287500 0.065625 0.158333
0 0.116406 0.522222 0.039062 0.072222
0 0.167187 0.737500 0.106250 0.302778