0 0.537109 0.169167 0.154844 0.099444
0 0.547578 0.222917 0.159844 0.138611
0 0.587266 0.307222 0.172656 0.236667
0 0.656250 0.213611 0.092188 0.231667
0 0.721719 0.250278 0.105625 0.283333
0 0.749688 0.201250 0.073750 0.234167
0 0.076250 0.711528 0.064062 0.164167
0 0.107109 0.608889 0.050469 0.140000
0 0.152969 0.693472 0.112500 0.177500
0 0.159922 0.856944 0.093906 0.174444
0 0.330156 0.928056 0.197813 0.143889
0 0.525469 0.949028 0.071563 0.101944
0 0.301797 0.565694 0.159844 0.256389
0 0.296328 0.339306 0.107656 0.201389
0 0.268750 0.700972 0.122500 0.220278
0 0.355547 0.299167 0.131406 0.183333
0 0.487031 0.340278 0.138750 0.236667
0 0.412578 0.387361 0.082656 0.224722
0 0.385781 0.323333 0.111875 0.193889
0 0.519766 0.503889 0.185469 0.274444
0 0.439609 0.606250 0.136406 0.310278
0 0.721328 0.699583 0.191406 0.450833
0 0.701797 0.851944 0.161094 0.251111
0 0.260313 0.385833 0.102188 0.066111
0 0.234531 0.281250 0.078438 0.084167
0 0.277969 0.289306 0.095312 0.084167
0 0.311953 0.230833 0.092969 0.067222
0 0.406562 0.211250 0.107500 0.110833
0 0.301484 0.455694 0.156094 0.214722
0 0.239141 0.430972 0.067031 0.104167
0 0.191406 0.359306 0.040000 0.058611
0 0.141953 0.599028 0.028906 0.051389