0 0.735234 0.818611 0.158281 0.362778
0 0.768906 0.435417 0.151562 0.344167
0 0.530703 0.333611 0.136406 0.284444
0 0.613203 0.331944 0.149844 0.287222
0 0.379219 0.908194 0.308125 0.182500
0 0.550859 0.971250 0.132969 0.057500
0 0.556875 0.167500 0.151562 0.101667
0 0.737031 0.218194 0.168437 0.113611
0 0.715156 0.143472 0.168437 0.095833
0 0.430469 0.231944 0.148125 0.176667
0 0.320234 0.227222 0.089219 0.131667
0 0.359922 0.171944 0.101094 0.062778
0 0.257188 0.647917 0.148125 0.218611
0 0.183125 0.837778 0.151562 0.161667
0 0.058516 0.595417 0.070781 0.197500
0 0.264687 0.282639 0.052187 0.188611
0 0.226875 0.216806 0.074063 0.074722
0 0.236953 0.297778 0.040469 0.152778
0 0.290078 0.435417 0.153281 0.320278
0 0.202422 0.275139 0.058906 0.089722
0 0.148516 0.680833 0.106094 0.224444
0 0.089609 0.784028 0.075781 0.173611
0 0.316875 0.836389 0.183438 0.092778
0 0.297500 0.939861 0.225625 0.120278
0 0.346406 0.787083 0.191875 0.125833
0 0.205781 0.331944 0.035313 0.131667
0 0.420469 0.701667 0.212188 0.278333
0 0.225156 0.429444 0.057188 0.098889
0 0.112344 0.607361 0.077500 0.167500
0 0.177187 0.323056 0.021875 0.053889
0 0.089688 0.575972 0.052187 0.128611
0 0.078750 0.501250 0.030312 0.050833