0 0.501563 0.836111 0.153125 0.305556
0 0.712500 0.290278 0.159375 0.202778
0 0.764062 0.188889 0.121875 0.105556
0 0.353906 0.708333 0.173437 0.077778
0 0.442188 0.334722 0.103125 0.102778
0 0.368750 0.368056 0.071875 0.080556
0 0.440625 0.425000 0.056250 0.094444
0 0.302344 0.452778 0.073438 0.172222
0 0.304688 0.493056 0.084375 0.125000
0 0.557813 0.676389 0.181250 0.202778
0 0.761719 0.565278 0.273438 0.230556
0 0.621094 0.280556 0.182812 0.138889
0 0.710938 0.416667 0.193750 0.161111
0 0.660937 0.959722 0.175000 0.075000
0 0.428906 0.933333 0.104688 0.127778
0 0.507031 0.481944 0.092188 0.252778
0 0.758594 0.809722 0.229687 0.358333
0 0.523438 0.376389 0.046875 0.130556
0 0.802344 0.291667 0.095312 0.283333
0 0.763281 0.280556 0.085938 0.166667
0 0.604688 0.411111 0.118750 0.205556
0 0.846094 0.326389 0.060937 0.191667
0 0.460156 0.540278 0.051562 0.130556
0 0.581250 0.248611 0.103125 0.091667
0 0.221094 0.618056 0.085938 0.152778
0 0.194531 0.768056 0.073438 0.086111
0 0.250000 0.691667 0.075000 0.105556
0 0.482812 0.327778 0.125000 0.161111