0 0.282813 0.811111 0.146875 0.372222
0 0.238281 0.437500 0.114062 0.319444
0 0.578906 0.736111 0.210938 0.355556
0 0.646094 0.797222 0.189062 0.172222
0 0.682031 0.930556 0.214062 0.133333
0 0.472656 0.343056 0.126562 0.263889
0 0.395313 0.341667 0.140625 0.266667
0 0.299219 0.368056 0.098437 0.247222
0 0.489063 0.968056 0.137500 0.058333
0 0.442969 0.195833 0.132812 0.108333
0 0.280469 0.238889 0.160938 0.111111
0 0.301563 0.166667 0.156250 0.088889
0 0.565625 0.244444 0.134375 0.155556
0 0.657813 0.243056 0.084375 0.102778
0 0.625781 0.191667 0.089063 0.055556
0 0.726562 0.634722 0.137500 0.202778
0 0.805469 0.751389 0.120313 0.230556
0 0.913281 0.590278 0.060937 0.169444
0 0.719531 0.295833 0.048438 0.175000
0 0.754687 0.229167 0.068750 0.058333
0 0.792969 0.344444 0.017188 0.033333
0 0.744531 0.312500 0.039062 0.147222
0 0.697656 0.437500 0.145313 0.297222
0 0.784375 0.287500 0.068750 0.080556
0 0.831250 0.645833 0.090625 0.180556
0 0.889062 0.744444 0.053125 0.127778
0 0.667188 0.877778 0.212500 0.172222
0 0.777344 0.337500 0.029687 0.119444
0 0.757031 0.438889 0.051562 0.094444
0 0.864062 0.586111 0.075000 0.116667
0 0.882031 0.547222 0.032813 0.083333