0 0.551953 0.204167 0.147031 0.082778
0 0.556328 0.249444 0.147031 0.106111
0 0.579688 0.341389 0.158750 0.212222
0 0.658984 0.257222 0.075781 0.204444
0 0.703359 0.292083 0.065469 0.233056
0 0.746328 0.259861 0.058281 0.209722
0 0.154453 0.752917 0.074219 0.134722
0 0.248359 0.864306 0.142656 0.170833
0 0.321953 0.428056 0.147031 0.173333
0 0.251953 0.330972 0.056719 0.103611
0 0.413594 0.624861 0.080000 0.339167
0 0.486484 0.369861 0.117969 0.222500
0 0.391875 0.294722 0.132500 0.150000
0 0.700547 0.800694 0.135469 0.323611
0 0.362734 0.257222 0.062656 0.106111
0 0.417344 0.327222 0.119375 0.152778
0 0.476875 0.598750 0.084375 0.328611
0 0.736875 0.504583 0.080000 0.362500
0 0.275234 0.266250 0.047969 0.124167
0 0.301484 0.587222 0.117969 0.165556
0 0.238203 0.285694 0.061094 0.100833
0 0.436875 0.218333 0.123750 0.106111
0 0.240391 0.691944 0.112031 0.287222
0 0.518516 0.734861 0.184844 0.383056
0 0.144297 0.513472 0.053906 0.116389
0 0.321172 0.242917 0.075781 0.093056
0 0.404219 0.192361 0.099062 0.131944
0 0.272344 0.346528 0.080000 0.103611
0 0.086797 0.651944 0.069844 0.181111
0 0.186484 0.574306 0.056719 0.108611