0 0.563594 0.188056 0.160000 0.101667
0 0.567031 0.237222 0.160625 0.126667
0 0.589687 0.329306 0.175625 0.224722
0 0.676875 0.254583 0.086875 0.225833
0 0.723516 0.295833 0.076719 0.255556
0 0.770391 0.265000 0.068281 0.230000
0 0.105391 0.549722 0.046406 0.167222
0 0.301953 0.895278 0.188594 0.187222
0 0.412031 0.305000 0.121875 0.195556
0 0.071875 0.606806 0.056875 0.148611
0 0.151797 0.536806 0.090469 0.126389
0 0.134844 0.742639 0.110937 0.130833
0 0.348906 0.507222 0.164375 0.273889
0 0.372500 0.623056 0.147812 0.355556
0 0.482500 0.362361 0.129688 0.254167
0 0.390078 0.272778 0.128906 0.168333
0 0.314609 0.438889 0.142656 0.158333
0 0.342969 0.280139 0.116562 0.173056
0 0.312422 0.376111 0.123594 0.203889
0 0.482422 0.607083 0.172969 0.363056
0 0.429141 0.185417 0.128906 0.104722
0 0.737969 0.463750 0.119063 0.325278
0 0.209297 0.675139 0.088906 0.303611
0 0.257031 0.370278 0.075000 0.191667
0 0.213203 0.251111 0.044844 0.108889
0 0.266328 0.612917 0.107656 0.249722
0 0.337500 0.824583 0.222812 0.242500
0 0.257969 0.214722 0.085000 0.092778
0 0.328594 0.205000 0.091250 0.096111