0 0.555469 0.183333 0.157812 0.088889
0 0.560156 0.231944 0.157812 0.113889
0 0.577344 0.293056 0.182812 0.152778
0 0.670312 0.240278 0.081250 0.219444
0 0.730469 0.261111 0.085938 0.216667
0 0.764062 0.243056 0.062500 0.225000
0 0.312500 0.919444 0.184375 0.155556
0 0.373437 0.284722 0.125000 0.147222
0 0.107813 0.523611 0.040625 0.075000
0 0.407031 0.312500 0.117188 0.186111
0 0.553125 0.506944 0.131250 0.363889
0 0.064844 0.640278 0.035937 0.147222
0 0.139844 0.640278 0.139063 0.186111
0 0.680469 0.875000 0.132812 0.244444
0 0.090625 0.638889 0.056250 0.172222
0 0.440625 0.601389 0.115625 0.375000
0 0.310156 0.505556 0.176563 0.283333
0 0.360938 0.645833 0.131250 0.330556
0 0.453906 0.363889 0.104688 0.244444
0 0.422656 0.188889 0.120313 0.077778
0 0.235937 0.373611 0.075000 0.180556
0 0.314844 0.268056 0.120313 0.202778
0 0.696094 0.441667 0.210938 0.288889
0 0.301563 0.416667 0.128125 0.227778
0 0.209375 0.694444 0.115625 0.311111
0 0.233594 0.281944 0.079687 0.108333
0 0.239063 0.215278 0.065625 0.097222
0 0.185156 0.273611 0.054688 0.102778
0 0.125781 0.545833 0.032813 0.113889