0 0.710156 0.811111 0.160938 0.372222
0 0.761719 0.412500 0.114062 0.375000
0 0.400781 0.777778 0.226562 0.277778
0 0.343750 0.847222 0.209375 0.233333
0 0.314844 0.937500 0.220312 0.119444
0 0.524219 0.343056 0.132812 0.263889
0 0.607812 0.337500 0.106250 0.275000
0 0.681250 0.313889 0.150000 0.261111
0 0.734375 0.309722 0.128125 0.252778
0 0.559375 0.204167 0.134375 0.119444
0 0.714063 0.190278 0.153125 0.130556
0 0.678906 0.168056 0.114062 0.080556
0 0.433594 0.226389 0.151562 0.158333
0 0.343750 0.226389 0.103125 0.091667
0 0.374219 0.186111 0.098437 0.055556
0 0.287500 0.537500 0.143750 0.163889
0 0.194531 0.856944 0.145313 0.202778
0 0.341406 0.291667 0.082812 0.116667
0 0.118750 0.763889 0.056250 0.133333
0 0.239063 0.695833 0.150000 0.219444
0 0.148438 0.647222 0.118750 0.200000
0 0.309375 0.433333 0.162500 0.188889
0 0.285938 0.308333 0.059375 0.155556
0 0.260156 0.288889 0.035937 0.100000
0 0.245312 0.227778 0.062500 0.100000
0 0.202344 0.329167 0.020313 0.063889
0 0.238281 0.298611 0.051562 0.119444
0 0.121094 0.513889 0.023438 0.038889
0 0.292187 0.215278 0.068750 0.058333
0 0.221094 0.391667 0.032813 0.083333
0 0.120313 0.559722 0.037500 0.075000
0 0.255469 0.391667 0.067187 0.144444