0 0.734687 0.767917 0.168437 0.398056
0 0.749062 0.383750 0.145937 0.330833
0 0.517734 0.338750 0.141719 0.286389
0 0.593359 0.317222 0.153594 0.280556
0 0.382891 0.900417 0.233281 0.199167
0 0.556641 0.954167 0.108281 0.088889
0 0.703984 0.210833 0.161094 0.175556
0 0.296172 0.428750 0.135469 0.258056
0 0.421797 0.260833 0.151719 0.198333
0 0.315391 0.292361 0.104531 0.129167
0 0.275547 0.557083 0.136406 0.173611
0 0.212266 0.898472 0.121406 0.203056
0 0.096875 0.666667 0.075000 0.172778
0 0.277813 0.321667 0.049688 0.135000
0 0.230078 0.286250 0.074531 0.090833
0 0.250703 0.353750 0.049531 0.159722
0 0.209141 0.354583 0.057344 0.109167
0 0.348672 0.207778 0.139219 0.119444
0 0.135937 0.832361 0.079687 0.173611
0 0.316406 0.685972 0.208437 0.247500
0 0.340156 0.936667 0.202500 0.126667
0 0.361250 0.804722 0.219687 0.230556
0 0.188516 0.728611 0.109219 0.231111
0 0.224844 0.393472 0.048438 0.140278
0 0.243047 0.487778 0.063281 0.132222
0 0.193359 0.393889 0.025469 0.065000
0 0.114219 0.579444 0.031875 0.044444
0 0.148125 0.658056 0.045625 0.093333
0 0.125312 0.645833 0.046875 0.115556