0 0.710156 0.811111 0.160938 0.372222
0 0.760156 0.412500 0.117188 0.375000
0 0.400781 0.763889 0.226562 0.250000
0 0.348438 0.861111 0.240625 0.205556
0 0.314844 0.937500 0.220312 0.119444
0 0.524219 0.343056 0.132812 0.263889
0 0.586719 0.355556 0.092188 0.266667
0 0.652344 0.326389 0.085938 0.269444
0 0.759375 0.275000 0.084375 0.200000
0 0.695312 0.344444 0.093750 0.350000
0 0.556250 0.201389 0.134375 0.108333
0 0.694531 0.176389 0.170313 0.091667
0 0.432812 0.226389 0.140625 0.169444
0 0.366406 0.202778 0.101562 0.094444
0 0.442188 0.298611 0.087500 0.247222
0 0.311719 0.472222 0.139063 0.177778
0 0.185156 0.837500 0.135937 0.186111
0 0.112500 0.755556 0.071875 0.133333
0 0.341406 0.275000 0.079687 0.116667
0 0.174219 0.747222 0.110937 0.144444
0 0.154688 0.616667 0.093750 0.161111
0 0.294531 0.612500 0.139063 0.230556
0 0.224219 0.645833 0.092188 0.186111
0 0.301563 0.363889 0.146875 0.233333
0 0.289062 0.273611 0.046875 0.086111
0 0.224219 0.237500 0.045312 0.125000
0 0.280469 0.225000 0.089063 0.066667
0 0.245312 0.333333 0.056250 0.161111
0 0.199219 0.244444 0.051562 0.122222
0 0.204687 0.318056 0.025000 0.069444
0 0.129688 0.536111 0.028125 0.061111
0 0.220312 0.333333 0.040625 0.100000