0 0.684922 0.832917 0.179844 0.334167
0 0.753906 0.512917 0.162500 0.354722
0 0.400078 0.709306 0.241406 0.413056
0 0.322656 0.747917 0.213438 0.229167
0 0.280078 0.870556 0.223594 0.195000
0 0.541641 0.353333 0.149531 0.297778
0 0.618125 0.374861 0.163750 0.304722
0 0.617656 0.463611 0.184062 0.329444
0 0.584766 0.216944 0.141094 0.146111
0 0.740938 0.307778 0.169063 0.157222
0 0.726953 0.230278 0.162344 0.133889
0 0.460234 0.227500 0.145781 0.195556
0 0.363984 0.181528 0.097031 0.170278
0 0.409375 0.162778 0.084375 0.083889
0 0.264062 0.565694 0.154688 0.240833
0 0.152500 0.663056 0.149375 0.295000
0 0.084141 0.473472 0.041719 0.092500
0 0.293594 0.237639 0.047500 0.152500
0 0.274219 0.158611 0.074063 0.086111
0 0.272109 0.246806 0.050781 0.156389
0 0.236328 0.215000 0.060781 0.119444
0 0.310234 0.379583 0.171094 0.320278
0 0.162500 0.533611 0.083437 0.152778
0 0.099766 0.651389 0.078594 0.180556
0 0.327656 0.229722 0.067812 0.177222
0 0.299687 0.822778 0.225625 0.232778
0 0.242500 0.257778 0.048125 0.128889
0 0.250469 0.357222 0.054062 0.096111
0 0.146953 0.454306 0.086094 0.103056
0 0.101953 0.427917 0.054531 0.117500