0 0.555469 0.183333 0.157812 0.088889
0 0.560156 0.231944 0.157812 0.113889
0 0.585156 0.330556 0.170313 0.227778
0 0.670312 0.240278 0.081250 0.219444
0 0.717969 0.277778 0.070312 0.250000
0 0.764062 0.243056 0.062500 0.225000
0 0.123438 0.775000 0.062500 0.127778
0 0.335156 0.794444 0.139063 0.372222
0 0.308594 0.419444 0.157812 0.194444
0 0.237500 0.311111 0.046875 0.088889
0 0.407031 0.634722 0.085938 0.363889
0 0.485156 0.361111 0.126562 0.238889
0 0.383594 0.280556 0.142187 0.161111
0 0.714844 0.823611 0.145313 0.347222
0 0.360938 0.237500 0.062500 0.136111
0 0.414062 0.320833 0.134375 0.175000
0 0.475000 0.606944 0.090625 0.352778
0 0.753906 0.505556 0.085938 0.388889
0 0.250781 0.383333 0.070312 0.177778
0 0.299219 0.527778 0.132812 0.205556
0 0.218750 0.270833 0.065625 0.108333
0 0.432031 0.198611 0.132812 0.113889
0 0.232031 0.656944 0.082812 0.219444
0 0.521875 0.768056 0.193750 0.402778
0 0.117969 0.537500 0.054688 0.108333
0 0.312500 0.225000 0.068750 0.100000
0 0.374219 0.166667 0.110937 0.122222
0 0.190625 0.594444 0.056250 0.100000
0 0.190625 0.720833 0.093750 0.280556
0 0.079687 0.620833 0.068750 0.208333
0 0.139844 0.679167 0.092188 0.108333