0 0.717187 0.811111 0.146875 0.372222
0 0.761719 0.437500 0.114062 0.319444
0 0.421094 0.736111 0.210938 0.355556
0 0.353906 0.797222 0.189062 0.172222
0 0.317969 0.930556 0.214062 0.133333
0 0.527344 0.343056 0.126562 0.263889
0 0.604688 0.341667 0.140625 0.266667
0 0.703125 0.368056 0.103125 0.258333
0 0.510938 0.968056 0.137500 0.058333
0 0.557031 0.195833 0.132812 0.108333
0 0.719531 0.238889 0.160938 0.111111
0 0.698438 0.166667 0.156250 0.088889
0 0.434375 0.244444 0.134375 0.155556
0 0.342187 0.243056 0.084375 0.102778
0 0.374219 0.191667 0.089063 0.055556
0 0.273438 0.634722 0.137500 0.202778
0 0.189062 0.836111 0.109375 0.227778
0 0.089844 0.579167 0.054688 0.147222
0 0.280469 0.295833 0.048438 0.175000
0 0.245312 0.231944 0.068750 0.063889
0 0.203125 0.338889 0.018750 0.050000
0 0.255469 0.312500 0.039062 0.147222
0 0.302344 0.437500 0.145313 0.297222
0 0.208594 0.283333 0.079687 0.083333
0 0.172656 0.654167 0.089063 0.191667
0 0.119531 0.752778 0.064062 0.166667
0 0.332813 0.865278 0.206250 0.180556
0 0.222656 0.337500 0.029687 0.119444
0 0.242969 0.438889 0.051562 0.094444
0 0.139844 0.595833 0.085938 0.147222
0 0.117188 0.544444 0.034375 0.077778
0 0.117188 0.509722 0.025000 0.036111