0 0.289844 0.811111 0.160938 0.372222
0 0.238281 0.412500 0.114062 0.375000
0 0.599219 0.763889 0.226562 0.250000
0 0.656250 0.847222 0.209375 0.233333
0 0.685156 0.937500 0.220312 0.119444
0 0.475781 0.343056 0.132812 0.263889
0 0.392188 0.337500 0.106250 0.275000
0 0.329688 0.316667 0.131250 0.244444
0 0.256250 0.288889 0.118750 0.244444
0 0.463281 0.979167 0.260937 0.036111
0 0.441406 0.201389 0.129688 0.108333
0 0.305469 0.176389 0.170313 0.091667
0 0.567187 0.248611 0.143750 0.169444
0 0.635156 0.211111 0.126562 0.094444
0 0.693750 0.405556 0.125000 0.244444
0 0.804688 0.847222 0.150000 0.183333
0 0.888281 0.763889 0.060937 0.111111
0 0.660937 0.283333 0.075000 0.100000
0 0.877344 0.509722 0.026562 0.047222
0 0.847656 0.636111 0.123438 0.194444
0 0.710938 0.613889 0.137500 0.227778
0 0.792969 0.693056 0.079687 0.263889
0 0.667188 0.506944 0.165625 0.197222
0 0.707031 0.300000 0.039062 0.138889
0 0.736719 0.315278 0.051562 0.208333
0 0.765625 0.359722 0.031250 0.125000
0 0.751563 0.222222 0.068750 0.111111
0 0.794531 0.316667 0.023438 0.072222
0 0.870313 0.538889 0.025000 0.044444
0 0.710156 0.215278 0.060937 0.063889
0 0.774219 0.329167 0.042188 0.119444