0 0.723437 0.780000 0.177187 0.393889
0 0.756875 0.375278 0.130625 0.390000
0 0.425625 0.778194 0.239375 0.331389
0 0.359922 0.868472 0.219219 0.262500
0 0.335156 0.943611 0.225000 0.112778
0 0.517031 0.340139 0.144375 0.281944
0 0.600078 0.322639 0.118281 0.289167
0 0.672188 0.288611 0.161250 0.281667
0 0.727578 0.282083 0.134531 0.269722
0 0.545781 0.196667 0.139375 0.138333
0 0.697891 0.178889 0.172656 0.156667
0 0.683437 0.137778 0.160938 0.102778
0 0.420234 0.243750 0.148281 0.164167
0 0.352656 0.206250 0.106875 0.070278
0 0.329531 0.265278 0.107813 0.125556
0 0.290234 0.609444 0.163594 0.196667
0 0.215859 0.887778 0.140469 0.198889
0 0.095391 0.634722 0.073594 0.189444
0 0.310859 0.511667 0.164844 0.224444
0 0.282891 0.292917 0.042031 0.074722
0 0.254375 0.322083 0.057813 0.148611
0 0.233906 0.265139 0.066875 0.108611
0 0.198359 0.364861 0.026406 0.069722
0 0.232656 0.328056 0.068437 0.111667
0 0.274453 0.246667 0.069844 0.073333
0 0.233516 0.415694 0.061094 0.085833
0 0.280000 0.403194 0.097812 0.211944
0 0.139688 0.816389 0.087813 0.161111
0 0.119766 0.567083 0.015469 0.032500
0 0.166406 0.628611 0.085000 0.133333
0 0.120859 0.608750 0.037344 0.074167
0 0.226953 0.475000 0.038906 0.071667