0 0.555469 0.183333 0.157812 0.088889
0 0.560156 0.231944 0.157812 0.113889
0 0.577344 0.315278 0.182812 0.197222
0 0.670312 0.240278 0.081250 0.219444
0 0.733594 0.270833 0.092188 0.236111
0 0.764062 0.243056 0.062500 0.225000
0 0.312500 0.919444 0.184375 0.155556
0 0.373437 0.284722 0.125000 0.147222
0 0.107813 0.523611 0.040625 0.075000
0 0.407031 0.312500 0.117188 0.186111
0 0.553125 0.506944 0.131250 0.363889
0 0.064844 0.640278 0.035937 0.147222
0 0.149219 0.656944 0.117188 0.186111
0 0.680469 0.875000 0.132812 0.244444
0 0.085156 0.627778 0.057813 0.127778
0 0.440625 0.601389 0.115625 0.375000
0 0.354687 0.502778 0.143750 0.238889
0 0.356250 0.634722 0.140625 0.352778
0 0.453906 0.363889 0.104688 0.244444
0 0.422656 0.188889 0.120313 0.077778
0 0.242188 0.391667 0.075000 0.166667
0 0.314844 0.268056 0.120313 0.202778
0 0.739062 0.465278 0.121875 0.419444
0 0.297656 0.462500 0.104688 0.219444
0 0.285938 0.231944 0.043750 0.063889
0 0.252344 0.645833 0.110937 0.230556
0 0.216406 0.313889 0.045312 0.077778
0 0.240625 0.226389 0.065625 0.130556
0 0.190625 0.265278 0.043750 0.086111
0 0.127344 0.540278 0.032813 0.091667