0 0.553906 0.176389 0.151562 0.075000
0 0.557813 0.231944 0.162500 0.113889
0 0.592187 0.322222 0.168750 0.211111
0 0.670312 0.240278 0.081250 0.219444
0 0.733594 0.287500 0.092188 0.269444
0 0.764062 0.243056 0.062500 0.225000
0 0.067187 0.641667 0.056250 0.155556
0 0.103125 0.544444 0.043750 0.133333
0 0.142969 0.800000 0.085938 0.161111
0 0.307812 0.919444 0.190625 0.155556
0 0.502344 0.951389 0.067187 0.091667
0 0.306250 0.504167 0.162500 0.247222
0 0.305469 0.306944 0.098437 0.186111
0 0.257031 0.662500 0.120313 0.202778
0 0.366406 0.276389 0.123438 0.163889
0 0.102344 0.633333 0.082812 0.077778
0 0.182031 0.583333 0.045312 0.088889
0 0.482812 0.338889 0.103125 0.216667
0 0.418750 0.391667 0.071875 0.250000
0 0.401562 0.288889 0.106250 0.138889
0 0.546875 0.484722 0.131250 0.291667
0 0.442188 0.581944 0.106250 0.325000
0 0.664062 0.715278 0.206250 0.286111
0 0.682813 0.883333 0.150000 0.227778
0 0.227344 0.383333 0.054688 0.088889
0 0.289844 0.262500 0.092188 0.086111
0 0.326562 0.201389 0.090625 0.052778
0 0.426563 0.197222 0.112500 0.094444
0 0.299219 0.422222 0.135937 0.227778
0 0.235156 0.222222 0.098437 0.105556
0 0.277344 0.354167 0.101562 0.125000
0 0.203125 0.316667 0.031250 0.055556
0 0.123438 0.541667 0.040625 0.100000