0 0.726719 0.789028 0.158438 0.386389
0 0.746016 0.412917 0.150469 0.333056
0 0.522344 0.340556 0.134688 0.276111
0 0.598750 0.331389 0.147187 0.280000
0 0.368125 0.904028 0.243750 0.181944
0 0.532578 0.959583 0.125469 0.080833
0 0.294219 0.498333 0.147500 0.285556
0 0.711641 0.217222 0.156719 0.137222
0 0.678828 0.165000 0.187656 0.129444
0 0.426563 0.255556 0.142500 0.177222
0 0.316562 0.266389 0.089375 0.122222
0 0.361641 0.207917 0.093906 0.070278
0 0.274766 0.651944 0.152344 0.195000
0 0.218906 0.838333 0.147500 0.188889
0 0.090469 0.639583 0.065625 0.158611
0 0.279531 0.306389 0.051875 0.162778
0 0.237266 0.260556 0.070781 0.076111
0 0.251406 0.336944 0.040313 0.145000
0 0.214766 0.317083 0.063594 0.094722
0 0.297344 0.427083 0.142187 0.265833
0 0.174375 0.693889 0.086875 0.191111
0 0.126875 0.798889 0.075313 0.167778
0 0.331016 0.796389 0.163906 0.168333
0 0.331250 0.938611 0.203750 0.122778
0 0.362578 0.782083 0.199844 0.171944
0 0.425078 0.728750 0.208906 0.360833
0 0.220312 0.365139 0.041563 0.134167
0 0.238047 0.455278 0.047969 0.090556
0 0.196172 0.368889 0.025156 0.057778
0 0.121406 0.601944 0.043750 0.103889
0 0.112500 0.544167 0.030937 0.041667
0 0.136172 0.626806 0.053281 0.113056