0 0.555469 0.183333 0.157812 0.088889
0 0.560156 0.231944 0.157812 0.113889
0 0.585156 0.322222 0.170313 0.211111
0 0.670312 0.240278 0.081250 0.219444
0 0.733594 0.288889 0.092188 0.272222
0 0.764062 0.243056 0.062500 0.225000
0 0.312500 0.919444 0.184375 0.155556
0 0.378125 0.258333 0.090625 0.150000
0 0.085156 0.515278 0.064062 0.125000
0 0.407031 0.312500 0.117188 0.186111
0 0.559375 0.506944 0.143750 0.363889
0 0.075000 0.638889 0.053125 0.155556
0 0.145313 0.598611 0.096875 0.080556
0 0.112500 0.759722 0.050000 0.102778
0 0.440625 0.601389 0.115625 0.375000
0 0.345313 0.522222 0.178125 0.255556
0 0.375781 0.630556 0.139063 0.338889
0 0.465625 0.363889 0.096875 0.244444
0 0.298438 0.409722 0.137500 0.286111
0 0.323437 0.181944 0.100000 0.125000
0 0.661719 0.729167 0.260937 0.275000
0 0.243750 0.377778 0.071875 0.111111
0 0.689844 0.888889 0.126562 0.216667
0 0.421094 0.191667 0.126562 0.094444
0 0.253906 0.680556 0.129688 0.238889
0 0.289062 0.298611 0.040625 0.063889
0 0.196094 0.787500 0.157812 0.191667
0 0.751563 0.500000 0.103125 0.388889
0 0.207031 0.275000 0.042188 0.105556
0 0.250000 0.233333 0.075000 0.083333
0 0.276562 0.263889 0.084375 0.116667
0 0.126562 0.555556 0.046875 0.111111
0 0.140625 0.688889 0.134375 0.155556