0 0.540234 0.157500 0.151719 0.070000
0 0.548594 0.224583 0.162187 0.134722
0 0.587578 0.273750 0.167969 0.160278
0 0.658750 0.218194 0.090312 0.229722
0 0.723828 0.255556 0.103281 0.278333
0 0.752500 0.208333 0.071875 0.232778
0 0.074453 0.699167 0.062656 0.162778
0 0.106172 0.597500 0.049219 0.138889
0 0.151250 0.683472 0.111250 0.174722
0 0.156719 0.846944 0.092500 0.172222
0 0.326172 0.926806 0.196719 0.146389
0 0.521563 0.949861 0.070938 0.100278
0 0.296250 0.647083 0.141875 0.278056
0 0.298203 0.340556 0.105469 0.185000
0 0.259141 0.713611 0.105156 0.251111
0 0.357344 0.295000 0.130000 0.180000
0 0.384609 0.310833 0.117969 0.189444
0 0.488438 0.340000 0.136875 0.233333
0 0.412500 0.357083 0.079375 0.189722
0 0.527500 0.518611 0.220312 0.299444
0 0.415859 0.511250 0.152656 0.384167
0 0.702422 0.857361 0.148281 0.245833
0 0.658438 0.723750 0.275938 0.295833
0 0.606484 0.367361 0.210781 0.256944
0 0.217891 0.276111 0.057969 0.123333
0 0.320625 0.225972 0.106250 0.168611
0 0.280703 0.281389 0.048281 0.116667
0 0.417578 0.200417 0.102031 0.104722
0 0.299062 0.474028 0.149063 0.262500
0 0.220859 0.401111 0.045156 0.077778
0 0.186953 0.341528 0.051406 0.078611