0 0.289844 0.811111 0.160938 0.372222
0 0.238281 0.412500 0.114062 0.375000
0 0.586719 0.766667 0.226562 0.300000
0 0.656250 0.847222 0.209375 0.233333
0 0.685156 0.937500 0.220312 0.119444
0 0.475781 0.343056 0.132812 0.263889
0 0.392188 0.337500 0.106250 0.275000
0 0.318750 0.313889 0.150000 0.261111
0 0.266406 0.311111 0.120313 0.250000
0 0.440625 0.204167 0.134375 0.119444
0 0.288281 0.208333 0.167187 0.133333
0 0.300781 0.165278 0.157812 0.080556
0 0.568750 0.237500 0.143750 0.141667
0 0.633594 0.188889 0.104688 0.050000
0 0.659375 0.241667 0.103125 0.111111
0 0.722656 0.600000 0.145313 0.172222
0 0.800781 0.845833 0.132812 0.180556
0 0.905469 0.579167 0.073438 0.175000
0 0.657031 0.450000 0.170313 0.205556
0 0.711719 0.291667 0.057813 0.127778
0 0.730469 0.277778 0.048438 0.127778
0 0.758594 0.231944 0.060937 0.108333
0 0.796094 0.327778 0.020313 0.061111
0 0.758594 0.290278 0.064062 0.102778
0 0.713281 0.215278 0.067187 0.063889
0 0.754687 0.379167 0.059375 0.130556
0 0.705469 0.415278 0.120313 0.241667
0 0.875781 0.763889 0.076563 0.150000
0 0.881250 0.519444 0.012500 0.027778
0 0.836719 0.647222 0.101562 0.194444
0 0.882812 0.572222 0.037500 0.094444
0 0.767969 0.450000 0.035937 0.088889