0 0.694687 0.790278 0.149688 0.346111
0 0.742734 0.419583 0.106094 0.348611
0 0.407031 0.759444 0.210625 0.258333
0 0.354063 0.823750 0.194687 0.216944
0 0.327109 0.907778 0.204844 0.111111
0 0.521719 0.355139 0.123438 0.245278
0 0.599531 0.349861 0.098750 0.255833
0 0.667891 0.328056 0.139531 0.242778
0 0.717187 0.324167 0.119063 0.235000
0 0.554531 0.226111 0.125000 0.111111
0 0.698359 0.219583 0.142344 0.108611
0 0.675000 0.192500 0.119063 0.075000
0 0.434609 0.256806 0.135156 0.141944
0 0.375078 0.209167 0.097344 0.051667
0 0.343750 0.267222 0.078438 0.116111
0 0.296563 0.566806 0.152500 0.188611
0 0.215234 0.832917 0.135156 0.188611
0 0.127422 0.712778 0.032031 0.067222
0 0.315547 0.295556 0.108906 0.147222
0 0.174531 0.679306 0.082812 0.201389
0 0.180391 0.575833 0.088594 0.123889
0 0.323594 0.451944 0.154062 0.175556
0 0.270469 0.289306 0.053750 0.093056
0 0.262500 0.247917 0.058125 0.093056
0 0.225391 0.339722 0.021719 0.059444
0 0.256016 0.313889 0.047969 0.111111
0 0.146953 0.513889 0.021719 0.036111
0 0.306016 0.236250 0.063906 0.054167
0 0.238516 0.387361 0.021719 0.061944
0 0.146172 0.556528 0.034844 0.069722
0 0.266016 0.386111 0.050781 0.162778