0 0.710156 0.811111 0.160938 0.372222
0 0.743750 0.412500 0.150000 0.375000
0 0.400781 0.763889 0.226562 0.250000
0 0.348438 0.861111 0.240625 0.205556
0 0.314844 0.937500 0.220312 0.119444
0 0.524219 0.343056 0.132812 0.263889
0 0.586719 0.355556 0.092188 0.266667
0 0.652344 0.294444 0.085938 0.294444
0 0.748437 0.279167 0.112500 0.230556
0 0.689063 0.201389 0.140625 0.202778
0 0.556250 0.198611 0.137500 0.102778
0 0.736719 0.159722 0.073438 0.063889
0 0.432812 0.226389 0.140625 0.169444
0 0.366406 0.202778 0.101562 0.094444
0 0.302344 0.455556 0.132812 0.211111
0 0.335156 0.490278 0.160938 0.225000
0 0.185156 0.837500 0.135937 0.186111
0 0.112500 0.755556 0.071875 0.133333
0 0.341406 0.275000 0.079687 0.116667
0 0.239844 0.751389 0.145313 0.252778
0 0.147656 0.622222 0.107813 0.144444
0 0.289844 0.606944 0.142187 0.141667
0 0.202344 0.679167 0.064062 0.225000
0 0.307031 0.352778 0.107813 0.211111
0 0.283594 0.280556 0.042188 0.100000
0 0.271875 0.216667 0.093750 0.116667
0 0.245312 0.333333 0.056250 0.161111
0 0.225781 0.238889 0.032813 0.077778
0 0.192969 0.291667 0.035937 0.061111
0 0.128125 0.533333 0.031250 0.072222
0 0.220312 0.333333 0.040625 0.100000