0 0.708437 0.799583 0.141250 0.358056
0 0.738359 0.440278 0.135156 0.307222
0 0.525859 0.349444 0.121719 0.253889
0 0.599531 0.347917 0.133750 0.256389
0 0.395234 0.874028 0.247969 0.170833
0 0.543906 0.935556 0.118750 0.085556
0 0.309453 0.486806 0.136719 0.245833
0 0.710000 0.246528 0.150313 0.101389
0 0.681328 0.191667 0.168281 0.109444
0 0.436406 0.258472 0.132187 0.157500
0 0.338125 0.254583 0.079687 0.117500
0 0.373359 0.205000 0.090156 0.056111
0 0.281719 0.629722 0.132187 0.195000
0 0.215547 0.799306 0.135156 0.144167
0 0.104453 0.593889 0.060156 0.155000
0 0.288438 0.297222 0.046562 0.155000
0 0.254609 0.245000 0.066094 0.066667
0 0.262891 0.318611 0.034531 0.138889
0 0.231328 0.297222 0.058594 0.085556
0 0.319219 0.416111 0.156250 0.248333
0 0.184844 0.659028 0.094688 0.200278
0 0.132266 0.751389 0.067656 0.155000
0 0.331953 0.822222 0.175781 0.109444
0 0.322969 0.911528 0.202813 0.133611
0 0.360625 0.756667 0.178750 0.122778
0 0.235156 0.349306 0.030000 0.114722
0 0.427500 0.681806 0.189375 0.256389
0 0.253203 0.434861 0.051094 0.088056
0 0.156953 0.604306 0.084219 0.160278
0 0.209609 0.340000 0.021094 0.058889
0 0.132188 0.565694 0.046562 0.114722
0 0.122422 0.505694 0.027031 0.037500