0 0.555469 0.183333 0.157812 0.088889
0 0.560156 0.231944 0.157812 0.113889
0 0.670312 0.240278 0.081250 0.219444
0 0.733594 0.288889 0.092188 0.272222
0 0.764062 0.243056 0.062500 0.225000
0 0.585938 0.326389 0.168750 0.213889
0 0.312500 0.919444 0.184375 0.155556
0 0.373437 0.284722 0.125000 0.147222
0 0.102344 0.559722 0.057813 0.147222
0 0.407031 0.312500 0.117188 0.186111
0 0.553125 0.506944 0.131250 0.363889
0 0.071094 0.638889 0.042188 0.127778
0 0.148438 0.577778 0.081250 0.094444
0 0.680469 0.875000 0.132812 0.244444
0 0.137500 0.790278 0.087500 0.125000
0 0.440625 0.601389 0.115625 0.375000
0 0.357812 0.544444 0.118750 0.300000
0 0.371094 0.630556 0.123438 0.344444
0 0.465625 0.363889 0.096875 0.244444
0 0.421875 0.195833 0.125000 0.091667
0 0.291406 0.401389 0.117188 0.269444
0 0.306250 0.268056 0.103125 0.163889
0 0.551562 0.830556 0.146875 0.333333
0 0.227344 0.393056 0.039062 0.080556
0 0.272656 0.583333 0.145313 0.188889
0 0.150000 0.720833 0.093750 0.236111
0 0.203906 0.266667 0.098437 0.177778
0 0.242188 0.261111 0.096875 0.144444
0 0.121875 0.527778 0.021875 0.066667