0 0.717187 0.811111 0.146875 0.372222
0 0.751563 0.437500 0.134375 0.319444
0 0.421094 0.736111 0.210938 0.355556
0 0.353906 0.797222 0.189062 0.172222
0 0.317969 0.930556 0.214062 0.133333
0 0.527344 0.343056 0.126562 0.263889
0 0.604688 0.341667 0.140625 0.266667
0 0.612500 0.429167 0.159375 0.286111
0 0.557031 0.195833 0.132812 0.108333
0 0.719531 0.238889 0.160938 0.111111
0 0.698438 0.166667 0.156250 0.088889
0 0.435937 0.244444 0.137500 0.155556
0 0.342969 0.250000 0.070312 0.094444
0 0.377344 0.200000 0.085938 0.066667
0 0.273438 0.634722 0.137500 0.202778
0 0.194531 0.747222 0.148438 0.216667
0 0.089063 0.591667 0.056250 0.144444
0 0.285938 0.313889 0.040625 0.122222
0 0.239844 0.230556 0.057813 0.044444
0 0.244531 0.298611 0.017188 0.091667
0 0.214844 0.295833 0.057813 0.108333
0 0.305469 0.437500 0.148438 0.297222
0 0.167187 0.650000 0.087500 0.188889
0 0.117188 0.754167 0.065625 0.169444
0 0.275000 0.288889 0.084375 0.227778
0 0.332813 0.877778 0.212500 0.172222
0 0.223438 0.337500 0.037500 0.119444
0 0.240625 0.433333 0.046875 0.083333
0 0.145313 0.559722 0.078125 0.097222
0 0.108594 0.493056 0.032813 0.075000