0 0.444531 0.183333 0.157812 0.088889
0 0.439844 0.231944 0.157812 0.113889
0 0.414844 0.330556 0.170313 0.227778
0 0.329688 0.240278 0.081250 0.219444
0 0.282031 0.277778 0.070312 0.250000
0 0.235937 0.243056 0.062500 0.225000
0 0.802344 0.704167 0.095312 0.286111
0 0.687500 0.463889 0.159375 0.277778
0 0.764062 0.302778 0.053125 0.077778
0 0.592969 0.634722 0.085938 0.363889
0 0.514844 0.361111 0.126562 0.238889
0 0.615625 0.286111 0.143750 0.183333
0 0.285156 0.823611 0.145313 0.347222
0 0.658594 0.251389 0.120313 0.113889
0 0.592969 0.320833 0.151562 0.175000
0 0.525000 0.606944 0.090625 0.352778
0 0.578906 0.197222 0.126562 0.083333
0 0.246094 0.505556 0.085938 0.388889
0 0.756250 0.372222 0.050000 0.122222
0 0.711719 0.361111 0.076563 0.183333
0 0.787500 0.286111 0.053125 0.077778
0 0.746094 0.658333 0.117188 0.322222
0 0.484375 0.758333 0.193750 0.405556
0 0.680469 0.219444 0.101562 0.105556
0 0.757812 0.231944 0.096875 0.113889
0 0.884375 0.520833 0.040625 0.069444
0 0.846875 0.586111 0.093750 0.100000
0 0.875000 0.770833 0.109375 0.130556
0 0.936719 0.668056 0.076563 0.102778