0 0.695078 0.821806 0.177656 0.356389
0 0.764922 0.450972 0.131094 0.390278
0 0.385859 0.713056 0.224844 0.211667
0 0.328203 0.823194 0.219531 0.263056
0 0.295234 0.909028 0.225156 0.151389
0 0.531328 0.347083 0.144531 0.282500
0 0.614922 0.353750 0.118594 0.289722
0 0.680625 0.342639 0.143437 0.257500
0 0.735312 0.312778 0.152188 0.245000
0 0.482812 0.800417 0.185938 0.399167
0 0.572969 0.209722 0.135625 0.124444
0 0.708828 0.205972 0.173906 0.116389
0 0.440078 0.237639 0.154531 0.198611
0 0.382656 0.191528 0.138750 0.121944
0 0.291875 0.390139 0.100937 0.243056
0 0.178203 0.813611 0.161719 0.218889
0 0.095937 0.694444 0.064062 0.113889
0 0.349688 0.260556 0.079375 0.110556
0 0.147969 0.601667 0.120313 0.226667
0 0.285938 0.587083 0.153438 0.239722
0 0.204844 0.644861 0.096250 0.275278
0 0.335859 0.489861 0.172969 0.195833
0 0.300781 0.265972 0.052812 0.136944
0 0.273047 0.271667 0.065781 0.185556
0 0.258984 0.187500 0.067344 0.117222
0 0.213203 0.276667 0.023594 0.075000
0 0.245312 0.245278 0.064062 0.113889
0 0.300391 0.189167 0.057031 0.063333
0 0.229141 0.339028 0.047031 0.114167
0 0.125469 0.479722 0.034063 0.101111