0 0.718203 0.813611 0.147344 0.372778
0 0.762891 0.439167 0.114531 0.320556
0 0.421016 0.746944 0.211719 0.340000
0 0.348203 0.800000 0.200781 0.172778
0 0.317578 0.933472 0.214844 0.133056
0 0.524453 0.344306 0.133281 0.264722
0 0.608438 0.342917 0.106563 0.267500
0 0.714219 0.295556 0.180313 0.167222
0 0.558203 0.205000 0.137969 0.120000
0 0.718281 0.214583 0.156875 0.116944
0 0.702500 0.168750 0.163125 0.091944
0 0.433516 0.245278 0.136406 0.156111
0 0.337969 0.245278 0.073750 0.122778
0 0.363750 0.188194 0.100312 0.086389
0 0.265859 0.653611 0.136406 0.170000
0 0.202266 0.761111 0.112969 0.323333
0 0.092422 0.583889 0.065781 0.181111
0 0.524531 0.395833 0.089375 0.334444
0 0.265078 0.299722 0.037656 0.142222
0 0.236797 0.243750 0.056406 0.103056
0 0.203828 0.329028 0.025156 0.061389
0 0.250078 0.319167 0.039219 0.147778
0 0.280781 0.195139 0.072188 0.105833
0 0.297109 0.446111 0.133281 0.278889
0 0.160781 0.655139 0.076875 0.206389
0 0.120000 0.769444 0.067500 0.161667
0 0.296328 0.256528 0.050156 0.206389
0 0.331641 0.878056 0.199219 0.167222
0 0.223516 0.338889 0.032969 0.125556
0 0.239922 0.433472 0.047031 0.091944