0 0.698281 0.794028 0.151562 0.350278
0 0.746641 0.418750 0.107344 0.353056
0 0.406953 0.749583 0.213281 0.235278
0 0.353203 0.828194 0.197031 0.219722
0 0.326016 0.913194 0.207344 0.112500
0 0.523125 0.353333 0.125000 0.248333
0 0.601875 0.348333 0.100000 0.258889
0 0.658516 0.332500 0.122031 0.232778
0 0.713594 0.299722 0.129375 0.203889
0 0.556328 0.218889 0.123594 0.099444
0 0.373047 0.460833 0.157344 0.143889
0 0.684922 0.197917 0.163281 0.094167
0 0.437891 0.265833 0.136719 0.162222
0 0.375391 0.225417 0.123594 0.101944
0 0.288594 0.519583 0.129375 0.198611
0 0.212109 0.839722 0.144219 0.185556
0 0.131875 0.754861 0.054375 0.083611
0 0.350312 0.307778 0.076563 0.099444
0 0.174531 0.644861 0.104375 0.198611
0 0.296016 0.654167 0.158906 0.143889
0 0.204687 0.689444 0.094063 0.240556
0 0.317188 0.420000 0.119063 0.203889
0 0.295234 0.327361 0.057344 0.164722
0 0.275391 0.322083 0.067656 0.175278
0 0.260703 0.233194 0.058906 0.101944
0 0.220938 0.337917 0.020625 0.060278
0 0.252500 0.309167 0.054375 0.107222
0 0.140781 0.518194 0.019062 0.039167
0 0.234844 0.396667 0.030937 0.078333
0 0.302500 0.238472 0.075000 0.060278
0 0.148047 0.561389 0.048594 0.099444