0 0.700625 0.828889 0.158750 0.342222
0 0.765781 0.469444 0.138750 0.396667
0 0.402187 0.733472 0.235937 0.366389
0 0.326641 0.802500 0.215781 0.293889
0 0.290000 0.888056 0.221563 0.178333
0 0.534766 0.349444 0.149844 0.290556
0 0.618047 0.361806 0.124219 0.295833
0 0.694609 0.336528 0.162969 0.304167
0 0.747109 0.363194 0.147344 0.276389
0 0.579063 0.219028 0.141562 0.147500
0 0.729844 0.235139 0.169375 0.175278
0 0.709141 0.204028 0.128281 0.087500
0 0.452031 0.225278 0.153125 0.204444
0 0.364063 0.197778 0.103438 0.150000
0 0.394375 0.156667 0.102813 0.073889
0 0.255078 0.593750 0.142969 0.234722
0 0.161641 0.773750 0.155156 0.213056
0 0.091875 0.495556 0.089688 0.215000
0 0.271875 0.291111 0.060625 0.170556
0 0.303516 0.219583 0.062656 0.111389
0 0.268828 0.175694 0.059219 0.105278
0 0.218438 0.268333 0.024688 0.048889
0 0.266797 0.239722 0.045156 0.102222
0 0.312422 0.170972 0.061094 0.067500
0 0.299531 0.381111 0.142187 0.313333
0 0.143906 0.551528 0.130312 0.207500
0 0.109141 0.679722 0.072031 0.137778
0 0.225937 0.191528 0.055625 0.120833
0 0.233516 0.277083 0.038281 0.111389
0 0.239609 0.372083 0.042656 0.088056