0 0.555469 0.183333 0.157812 0.088889
0 0.560156 0.231944 0.157812 0.113889
0 0.585156 0.330556 0.170313 0.227778
0 0.670312 0.240278 0.081250 0.219444
0 0.717969 0.277778 0.070312 0.250000
0 0.764062 0.243056 0.062500 0.225000
0 0.173437 0.705556 0.121875 0.233333
0 0.146875 0.551389 0.075000 0.058333
0 0.420312 0.308333 0.143750 0.177778
0 0.124219 0.780556 0.051562 0.127778
0 0.310156 0.420833 0.151562 0.219444
0 0.309375 0.693056 0.175000 0.330556
0 0.407031 0.627778 0.085938 0.333333
0 0.478906 0.363889 0.123438 0.244444
0 0.379688 0.287500 0.134375 0.147222
0 0.696094 0.797222 0.135937 0.400000
0 0.346094 0.273611 0.098437 0.125000
0 0.483594 0.597222 0.107813 0.366667
0 0.421094 0.197222 0.126562 0.083333
0 0.753906 0.505556 0.085938 0.388889
0 0.275781 0.384722 0.085938 0.225000
0 0.306250 0.520833 0.150000 0.163889
0 0.207031 0.287500 0.042188 0.080556
0 0.212500 0.736111 0.075000 0.277778
0 0.409375 0.813889 0.212500 0.327778
0 0.319531 0.219444 0.101562 0.105556
0 0.235937 0.283333 0.065625 0.166667
0 0.092969 0.541667 0.073438 0.166667
0 0.213281 0.337500 0.032813 0.063889
0 0.131250 0.668056 0.109375 0.125000