0 0.709062 0.813194 0.162187 0.373611
0 0.762031 0.415278 0.115312 0.376111
0 0.399844 0.776806 0.227500 0.280278
0 0.342578 0.845556 0.210156 0.235556
0 0.313359 0.935556 0.220781 0.121667
0 0.524844 0.343194 0.133750 0.265278
0 0.608438 0.338611 0.107187 0.276111
0 0.681875 0.315833 0.150938 0.262778
0 0.736484 0.312361 0.122656 0.254167
0 0.560391 0.204861 0.134844 0.120833
0 0.715859 0.205000 0.167656 0.135000
0 0.703359 0.166111 0.157969 0.068333
0 0.431328 0.236806 0.145781 0.154167
0 0.367422 0.184722 0.104844 0.056667
0 0.341406 0.240000 0.103438 0.112222
0 0.287188 0.590833 0.156875 0.176667
0 0.197969 0.865000 0.149063 0.193333
0 0.097422 0.594444 0.105469 0.226111
0 0.150781 0.708889 0.097500 0.209444
0 0.172422 0.577222 0.095781 0.145556
0 0.309531 0.428611 0.163125 0.196111
0 0.282734 0.299167 0.064531 0.158889
0 0.264062 0.268333 0.055000 0.097778
0 0.246250 0.225000 0.062813 0.100556
0 0.201328 0.317639 0.020469 0.053056
0 0.231875 0.300000 0.044062 0.089444
0 0.117188 0.500000 0.012500 0.013889
0 0.283672 0.215833 0.065781 0.058889
0 0.214453 0.367917 0.015781 0.041944
0 0.244062 0.394444 0.047500 0.167222