0 0.534687 0.174167 0.162500 0.120556
0 0.542344 0.221528 0.164062 0.145278
0 0.573125 0.306111 0.182812 0.244444
0 0.652422 0.207361 0.094844 0.234722
0 0.718359 0.242639 0.109219 0.289167
0 0.745625 0.190972 0.076563 0.236389
0 0.340859 0.929444 0.193281 0.141111
0 0.363281 0.284861 0.099687 0.167500
0 0.093594 0.599028 0.059375 0.134722
0 0.395469 0.332778 0.128438 0.208889
0 0.559375 0.494861 0.166250 0.390833
0 0.086719 0.724583 0.062813 0.165278
0 0.164453 0.673889 0.115469 0.102778
0 0.703516 0.835556 0.147656 0.270000
0 0.138047 0.835972 0.043906 0.109722
0 0.447500 0.612778 0.139063 0.396111
0 0.356563 0.530833 0.186875 0.258889
0 0.385000 0.655000 0.160000 0.365000
0 0.457109 0.371806 0.112031 0.262500
0 0.286406 0.444722 0.133750 0.291667
0 0.294141 0.237639 0.085469 0.137500
0 0.613516 0.819167 0.218906 0.352778
0 0.237578 0.430833 0.078594 0.125000
0 0.270078 0.690000 0.125781 0.238333
0 0.401719 0.209861 0.131875 0.119722
0 0.281250 0.353333 0.040313 0.054444
0 0.212031 0.813750 0.127188 0.260278
0 0.749844 0.448750 0.127500 0.407500
0 0.194375 0.336528 0.048750 0.113611
0 0.234453 0.286250 0.079844 0.098056
0 0.262500 0.307083 0.088750 0.140833
0 0.132266 0.637083 0.051094 0.103056
0 0.152891 0.748750 0.116719 0.146389