0 0.525781 0.165556 0.156250 0.115000
0 0.538203 0.218472 0.162656 0.154167
0 0.580547 0.298194 0.178594 0.252500
0 0.646250 0.197500 0.099062 0.238889
0 0.712812 0.226944 0.114062 0.291111
0 0.739062 0.174861 0.080937 0.239167
0 0.084297 0.756667 0.068906 0.168889
0 0.111484 0.650694 0.054531 0.143611
0 0.160156 0.730139 0.117188 0.187500
0 0.172578 0.892639 0.098594 0.182500
0 0.345703 0.931944 0.201719 0.136111
0 0.540703 0.945417 0.074219 0.108611
0 0.311328 0.585000 0.180469 0.274444
0 0.291250 0.361667 0.113125 0.210556
0 0.275938 0.725417 0.128438 0.230833
0 0.348906 0.314861 0.135937 0.195278
0 0.469297 0.345417 0.120469 0.241944
0 0.409531 0.405278 0.090625 0.247222
0 0.384688 0.317917 0.116875 0.165833
0 0.519844 0.501667 0.192500 0.291111
0 0.443281 0.612500 0.145313 0.321111
0 0.680547 0.668611 0.228281 0.338333
0 0.713359 0.829722 0.167656 0.265556
0 0.184062 0.392222 0.058437 0.117778
0 0.227500 0.310000 0.080312 0.091667
0 0.271328 0.313611 0.097031 0.093333
0 0.303125 0.251667 0.094063 0.076667
0 0.397031 0.221667 0.110000 0.121111
0 0.303516 0.486111 0.167344 0.243889
0 0.242266 0.462083 0.086406 0.128056
0 0.123203 0.640694 0.037031 0.114722