0 0.545938 0.178472 0.160312 0.103611
0 0.552031 0.226528 0.160938 0.128611
0 0.580000 0.322639 0.176875 0.243611
0 0.662266 0.224583 0.087656 0.226944
0 0.711016 0.257361 0.077656 0.256389
0 0.756016 0.218333 0.069219 0.230556
0 0.122109 0.658333 0.071094 0.139444
0 0.401484 0.317361 0.122344 0.188611
0 0.079766 0.681806 0.057344 0.149167
0 0.160781 0.589167 0.085625 0.105000
0 0.150000 0.805833 0.111250 0.132222
0 0.304141 0.489444 0.161094 0.183889
0 0.326719 0.919583 0.185938 0.160833
0 0.394297 0.653194 0.124844 0.374167
0 0.474844 0.365972 0.130625 0.255833
0 0.373516 0.299306 0.138594 0.159722
0 0.310313 0.437361 0.160000 0.253056
0 0.336172 0.309722 0.114219 0.176667
0 0.488438 0.609444 0.174375 0.365000
0 0.412109 0.205139 0.128906 0.095278
0 0.748281 0.481944 0.124063 0.398889
0 0.251719 0.385972 0.068437 0.153056
0 0.280312 0.684861 0.158438 0.197500
0 0.200781 0.303056 0.045312 0.109444
0 0.359141 0.860972 0.207031 0.263056
0 0.340469 0.609722 0.170000 0.171111
0 0.311328 0.236944 0.104531 0.115000
0 0.247969 0.259722 0.064375 0.122222
0 0.214141 0.361806 0.039219 0.061944