0 0.552813 0.193472 0.152188 0.085833
0 0.557344 0.240417 0.152188 0.109722
0 0.581484 0.327361 0.164219 0.203611
0 0.663672 0.248333 0.078281 0.211667
0 0.724609 0.295139 0.088906 0.262500
0 0.754063 0.250972 0.060313 0.216944
0 0.104531 0.506944 0.057188 0.150000
0 0.318594 0.903333 0.177812 0.150000
0 0.381797 0.265972 0.087344 0.144722
0 0.409766 0.318056 0.112969 0.179444
0 0.556641 0.505417 0.138594 0.350833
0 0.089531 0.632778 0.051250 0.150000
0 0.160313 0.603472 0.108438 0.085833
0 0.125703 0.749306 0.048281 0.099167
0 0.442188 0.596667 0.111563 0.361667
0 0.360000 0.506806 0.143125 0.203611
0 0.379531 0.624861 0.134063 0.326944
0 0.466250 0.367639 0.093437 0.235833
0 0.305078 0.417083 0.132656 0.265278
0 0.345625 0.224167 0.075313 0.163333
0 0.557422 0.797500 0.116094 0.361667
0 0.252344 0.381111 0.069375 0.107222
0 0.681797 0.868472 0.132656 0.219722
0 0.423359 0.201389 0.122031 0.091111
0 0.241719 0.644861 0.075313 0.206389
0 0.295312 0.280556 0.043750 0.136667
0 0.302734 0.654306 0.112969 0.278611
0 0.742109 0.498889 0.099531 0.375000
0 0.216875 0.281944 0.040625 0.101667
0 0.258359 0.241528 0.072344 0.080278
0 0.262813 0.285972 0.051250 0.109722
0 0.138516 0.543056 0.046719 0.104444
0 0.150547 0.676944 0.116094 0.163333