0 0.289844 0.811111 0.160938 0.372222
0 0.238281 0.412500 0.114062 0.375000
0 0.599219 0.763889 0.226562 0.250000
0 0.651563 0.861111 0.240625 0.205556
0 0.685156 0.937500 0.220312 0.119444
0 0.475781 0.343056 0.132812 0.263889
0 0.392188 0.337500 0.106250 0.275000
0 0.329688 0.315278 0.125000 0.225000
0 0.257031 0.281944 0.110937 0.230556
0 0.415625 0.659722 0.150000 0.480556
0 0.443750 0.201389 0.134375 0.108333
0 0.305469 0.176389 0.170313 0.091667
0 0.561719 0.233333 0.126562 0.166667
0 0.633594 0.202778 0.101562 0.094444
0 0.573438 0.241667 0.115625 0.161111
0 0.688281 0.425000 0.126562 0.138889
0 0.809375 0.855556 0.150000 0.194444
0 0.886719 0.751389 0.060937 0.091667
0 0.658594 0.275000 0.079687 0.116667
0 0.881250 0.690278 0.071875 0.119444
0 0.843750 0.598611 0.100000 0.108333
0 0.710938 0.613889 0.137500 0.227778
0 0.788281 0.693056 0.092188 0.275000
0 0.660937 0.483333 0.209375 0.250000
0 0.706250 0.320833 0.053125 0.180556
0 0.739062 0.226389 0.068750 0.091667
0 0.753125 0.336111 0.053125 0.177778
0 0.777344 0.233333 0.057813 0.105556
0 0.792969 0.316667 0.026562 0.072222
0 0.871875 0.536111 0.025000 0.061111
0 0.774219 0.329167 0.042188 0.119444
0 0.701562 0.212500 0.037500 0.041667