0 0.282813 0.811111 0.146875 0.372222
0 0.247656 0.437500 0.132812 0.319444
0 0.578906 0.736111 0.210938 0.355556
0 0.646094 0.797222 0.189062 0.172222
0 0.682031 0.930556 0.214062 0.133333
0 0.472656 0.343056 0.126562 0.263889
0 0.395313 0.341667 0.140625 0.266667
0 0.333594 0.343056 0.120313 0.219444
0 0.467969 0.958333 0.157812 0.077778
0 0.442969 0.195833 0.132812 0.108333
0 0.280469 0.231944 0.160938 0.119444
0 0.301563 0.166667 0.156250 0.088889
0 0.564844 0.248611 0.135937 0.158333
0 0.671094 0.248611 0.089063 0.119444
0 0.625000 0.193056 0.096875 0.052778
0 0.726562 0.634722 0.137500 0.202778
0 0.818750 0.815278 0.134375 0.141667
0 0.910937 0.586111 0.065625 0.183333
0 0.719531 0.295833 0.048438 0.175000
0 0.754687 0.234722 0.068750 0.069444
0 0.794531 0.330556 0.023438 0.050000
0 0.742969 0.309722 0.039062 0.141667
0 0.697656 0.437500 0.145313 0.297222
0 0.780469 0.283333 0.067187 0.077778
0 0.830469 0.652778 0.082812 0.188889
0 0.884375 0.752778 0.065625 0.150000
0 0.667188 0.865278 0.206250 0.180556
0 0.775000 0.337500 0.031250 0.113889
0 0.755469 0.430556 0.054688 0.094444
0 0.857812 0.600000 0.081250 0.138889
0 0.882031 0.541667 0.039062 0.094444
0 0.884375 0.506944 0.028125 0.041667