0 0.575313 0.196528 0.162500 0.120278
0 0.576875 0.245833 0.164062 0.145000
0 0.596016 0.340694 0.182656 0.244167
0 0.685781 0.276389 0.094688 0.234444
0 0.745547 0.337361 0.108906 0.289167
0 0.778672 0.298056 0.076406 0.236111
0 0.286875 0.878889 0.193125 0.191667
0 0.394375 0.235278 0.099687 0.167222
0 0.086875 0.431667 0.071563 0.137222
0 0.419609 0.294861 0.128281 0.208611
0 0.558516 0.518889 0.166094 0.390556
0 0.068828 0.552361 0.062656 0.165278
0 0.141328 0.526389 0.101406 0.099444
0 0.098437 0.680000 0.056250 0.112222
0 0.434531 0.588750 0.138750 0.395833
0 0.344922 0.490694 0.193281 0.289722
0 0.368203 0.604583 0.159844 0.364722
0 0.474531 0.357917 0.111875 0.262500
0 0.305547 0.369583 0.154844 0.311944
0 0.344922 0.148333 0.107344 0.144444
0 0.646094 0.760417 0.276875 0.325833
0 0.253125 0.326944 0.078438 0.125000
0 0.663828 0.902083 0.139531 0.195833
0 0.441328 0.177778 0.131719 0.119444
0 0.243906 0.629861 0.144063 0.263611
0 0.303281 0.257222 0.044375 0.071667
0 0.179688 0.724444 0.169063 0.222222
0 0.749922 0.550833 0.127344 0.407222
0 0.223203 0.217222 0.048594 0.113333
0 0.268672 0.184583 0.079844 0.098056
0 0.293125 0.220417 0.091250 0.133056
0 0.125391 0.479861 0.053594 0.119722
0 0.130937 0.615278 0.143437 0.181667