0 0.738516 0.757083 0.173281 0.403611
0 0.744766 0.378889 0.157031 0.348333
0 0.440000 0.760833 0.234375 0.385556
0 0.371953 0.830278 0.211094 0.217778
0 0.351719 0.939167 0.222187 0.121667
0 0.515391 0.337917 0.145156 0.291389
0 0.595078 0.317778 0.125156 0.289444
0 0.677344 0.260278 0.175313 0.228333
0 0.533750 0.185139 0.139688 0.138611
0 0.696016 0.161806 0.167031 0.136944
0 0.673750 0.116667 0.165313 0.115000
0 0.416797 0.263333 0.134531 0.191667
0 0.319531 0.258333 0.077500 0.140000
0 0.344375 0.213194 0.085312 0.082500
0 0.285938 0.693750 0.150313 0.219722
0 0.219141 0.789444 0.164844 0.290556
0 0.103438 0.676944 0.078438 0.194444
0 0.399688 0.257639 0.149063 0.203056
0 0.257266 0.354583 0.048906 0.165833
0 0.220625 0.307222 0.063438 0.115000
0 0.194531 0.398750 0.029375 0.066389
0 0.236875 0.376250 0.048125 0.154722
0 0.257969 0.280278 0.074375 0.098889
0 0.299453 0.474722 0.160469 0.313889
0 0.180313 0.724583 0.095000 0.190278
0 0.145156 0.854722 0.086563 0.180000
0 0.283281 0.323056 0.055937 0.178333
0 0.356641 0.900694 0.206406 0.198611
0 0.212969 0.404444 0.041875 0.131667
0 0.239687 0.497500 0.056250 0.100000
0 0.144453 0.635000 0.074844 0.104444