0 0.730469 0.817361 0.155625 0.365278
0 0.763594 0.435972 0.149063 0.338611
0 0.529297 0.335972 0.134219 0.279722
0 0.610391 0.334444 0.147344 0.282778
0 0.344609 0.889306 0.274844 0.179722
0 0.534141 0.967500 0.130781 0.065000
0 0.290859 0.487361 0.150781 0.270833
0 0.733828 0.217917 0.162344 0.144167
0 0.700703 0.166667 0.195469 0.117778
0 0.430703 0.235694 0.145781 0.173611
0 0.307422 0.240139 0.101094 0.123611
0 0.361094 0.181111 0.099375 0.070556
0 0.251797 0.652222 0.145781 0.176667
0 0.188125 0.827500 0.154062 0.185556
0 0.062266 0.606806 0.064531 0.161944
0 0.273438 0.273889 0.049688 0.167778
0 0.230313 0.220972 0.072813 0.073611
0 0.241953 0.302083 0.036406 0.153056
0 0.204609 0.278472 0.064531 0.094167
0 0.295781 0.385972 0.144063 0.220833
0 0.151641 0.670000 0.101094 0.217778
0 0.095391 0.779028 0.074531 0.170833
0 0.321406 0.817222 0.159062 0.117778
0 0.306562 0.940972 0.215313 0.118056
0 0.340391 0.789167 0.207031 0.156111
0 0.208750 0.335833 0.033125 0.126667
0 0.416563 0.729028 0.216875 0.318056
0 0.226953 0.428472 0.052969 0.094167
0 0.121016 0.608056 0.086094 0.147222
0 0.180625 0.325417 0.023125 0.064722
0 0.096953 0.581667 0.047969 0.129444
0 0.084609 0.508056 0.029844 0.041111