0 0.703359 0.798611 0.155156 0.358889
0 0.752969 0.414306 0.110000 0.361389
0 0.405156 0.719583 0.218438 0.174167
0 0.350156 0.833333 0.201875 0.225000
0 0.322266 0.920278 0.212344 0.115000
0 0.523984 0.347500 0.127969 0.254444
0 0.604609 0.341944 0.102344 0.265000
0 0.667109 0.321806 0.127969 0.230278
0 0.735000 0.299028 0.119063 0.243611
0 0.496250 0.828056 0.159688 0.300000
0 0.557969 0.209444 0.126562 0.101667
0 0.688203 0.186667 0.164219 0.088333
0 0.431406 0.254861 0.141562 0.171389
0 0.374141 0.218750 0.129531 0.099167
0 0.306406 0.418194 0.108438 0.230278
0 0.206953 0.833333 0.144531 0.176667
0 0.121094 0.742222 0.057188 0.101667
0 0.345547 0.289861 0.072344 0.096389
0 0.165625 0.629861 0.119063 0.187500
0 0.298984 0.612500 0.138594 0.211667
0 0.223672 0.679444 0.081406 0.254444
0 0.342656 0.511944 0.159688 0.166111
0 0.296563 0.295139 0.040625 0.128611
0 0.275625 0.309861 0.058750 0.168611
0 0.258281 0.230833 0.066250 0.107222
0 0.215234 0.321806 0.019531 0.064167
0 0.244688 0.289722 0.057188 0.101667
0 0.142969 0.533611 0.025625 0.048333
0 0.298125 0.224167 0.058750 0.061667
0 0.232578 0.374028 0.036094 0.093611