0 0.729297 0.764722 0.184531 0.403333
0 0.754062 0.358194 0.138125 0.396389
0 0.431484 0.783056 0.244844 0.345556
0 0.367969 0.869861 0.223438 0.260278
0 0.345234 0.945417 0.226719 0.109167
0 0.513594 0.339167 0.149375 0.290000
0 0.596250 0.315972 0.123750 0.295278
0 0.667656 0.277083 0.166250 0.290833
0 0.722813 0.266806 0.139375 0.276944
0 0.539297 0.193611 0.141406 0.146667
0 0.690859 0.165972 0.174844 0.167500
0 0.675547 0.125694 0.162031 0.113056
0 0.414766 0.249444 0.150781 0.173333
0 0.346484 0.216389 0.107656 0.077222
0 0.324609 0.276806 0.109844 0.131944
0 0.292734 0.623611 0.166719 0.206667
0 0.224297 0.901528 0.143906 0.196944
0 0.098594 0.661806 0.077187 0.193056
0 0.311641 0.531389 0.180781 0.233889
0 0.276719 0.313472 0.051875 0.089722
0 0.254922 0.329444 0.059531 0.135000
0 0.229063 0.283194 0.068750 0.112500
0 0.195703 0.385278 0.024219 0.065000
0 0.220625 0.358889 0.053750 0.095556
0 0.269375 0.262083 0.070938 0.077500
0 0.229063 0.435556 0.066250 0.098333
0 0.282734 0.404583 0.089219 0.190278
0 0.146719 0.840556 0.090625 0.166111
0 0.121406 0.591111 0.016250 0.036111
0 0.169844 0.645278 0.085625 0.137778
0 0.124141 0.632639 0.037344 0.078611
0 0.231484 0.497917 0.040781 0.084722