0 0.282813 0.811111 0.146875 0.372222
0 0.251563 0.437500 0.140625 0.319444
0 0.472656 0.343056 0.126562 0.263889
0 0.396094 0.341667 0.139063 0.266667
0 0.644531 0.890278 0.239063 0.158333
0 0.482031 0.962500 0.123438 0.069444
0 0.705469 0.477778 0.139063 0.272222
0 0.279687 0.238889 0.153125 0.122222
0 0.310937 0.183333 0.184375 0.111111
0 0.565625 0.248611 0.137500 0.163889
0 0.675781 0.248611 0.085938 0.113889
0 0.628906 0.194444 0.092188 0.061111
0 0.729688 0.629167 0.146875 0.180556
0 0.791406 0.809722 0.142187 0.175000
0 0.913281 0.598611 0.060937 0.152778
0 0.714063 0.284722 0.046875 0.158333
0 0.754687 0.234722 0.068750 0.069444
0 0.742969 0.312500 0.035937 0.141667
0 0.778906 0.288889 0.060937 0.088889
0 0.693750 0.377778 0.121875 0.216667
0 0.829688 0.665278 0.087500 0.202778
0 0.882031 0.761111 0.070312 0.161111
0 0.648438 0.761111 0.212500 0.155556
0 0.681250 0.926389 0.193750 0.141667
0 0.646094 0.768056 0.195312 0.152778
0 0.582031 0.720833 0.198437 0.341667
0 0.775000 0.337500 0.037500 0.130556
0 0.760156 0.429167 0.045312 0.086111
0 0.799219 0.338889 0.023438 0.055556
0 0.881250 0.563889 0.040625 0.100000
0 0.888281 0.505556 0.029687 0.038889
0 0.867188 0.590278 0.050000 0.108333