0 0.440625 0.183333 0.150000 0.088889
0 0.438281 0.231944 0.154688 0.113889
0 0.407813 0.322222 0.168750 0.211111
0 0.329688 0.240278 0.081250 0.219444
0 0.266406 0.287500 0.092188 0.269444
0 0.235937 0.243056 0.062500 0.225000
0 0.932813 0.641667 0.056250 0.155556
0 0.896875 0.544444 0.043750 0.133333
0 0.857031 0.786111 0.085938 0.188889
0 0.692187 0.919444 0.190625 0.155556
0 0.742969 0.683333 0.120313 0.244444
0 0.633594 0.276389 0.123438 0.163889
0 0.625000 0.386111 0.109375 0.205556
0 0.853906 0.633333 0.104688 0.122222
0 0.583594 0.393056 0.076563 0.252778
0 0.884375 0.538889 0.040625 0.083333
0 0.598437 0.302778 0.106250 0.166667
0 0.441406 0.506944 0.142187 0.363889
0 0.682031 0.545833 0.185938 0.163889
0 0.763281 0.383333 0.045312 0.183333
0 0.564844 0.184722 0.107813 0.141667
0 0.327344 0.715278 0.223438 0.286111
0 0.317188 0.883333 0.150000 0.227778
0 0.559375 0.601389 0.115625 0.375000
0 0.773438 0.384722 0.050000 0.102778
0 0.720313 0.337500 0.050000 0.163889
0 0.579688 0.201389 0.125000 0.102778
0 0.772656 0.251389 0.057813 0.102778
0 0.692187 0.244444 0.068750 0.077778
0 0.700000 0.437500 0.134375 0.197222
0 0.735938 0.220833 0.053125 0.097222