0 0.567031 0.191806 0.165938 0.111389
0 0.569453 0.240833 0.167031 0.136111
0 0.599688 0.335694 0.177500 0.234167
0 0.681250 0.264722 0.090625 0.230000
0 0.742188 0.320694 0.103750 0.281389
0 0.774531 0.280694 0.072188 0.233056
0 0.062266 0.580694 0.062969 0.163056
0 0.102422 0.489028 0.049531 0.139167
0 0.130781 0.749028 0.092812 0.172500
0 0.289844 0.891389 0.196875 0.181667
0 0.482422 0.950000 0.071094 0.100000
0 0.304844 0.518611 0.169063 0.180556
0 0.250547 0.628056 0.128906 0.218889
0 0.376719 0.258333 0.130312 0.180556
0 0.125000 0.613194 0.102813 0.154722
0 0.150938 0.541806 0.086563 0.103056
0 0.489922 0.336806 0.112344 0.230278
0 0.421406 0.381667 0.087500 0.262778
0 0.410547 0.289722 0.113281 0.181111
0 0.558125 0.515139 0.157812 0.382500
0 0.266875 0.347500 0.076875 0.197778
0 0.447656 0.586111 0.148125 0.408889
0 0.662578 0.738750 0.235469 0.316389
0 0.665234 0.891806 0.159531 0.216389
0 0.232500 0.346944 0.054375 0.109444
0 0.336094 0.201111 0.100937 0.113333
0 0.433828 0.191111 0.129219 0.120000
0 0.303281 0.394444 0.145625 0.246111
0 0.215156 0.241389 0.069687 0.106111
0 0.297031 0.251250 0.079375 0.148611
0 0.129219 0.468889 0.047813 0.064444
0 0.255234 0.205278 0.049531 0.103333