0 0.718906 0.815556 0.167500 0.368889
0 0.772656 0.409861 0.118750 0.390278
0 0.396797 0.790139 0.235781 0.289167
0 0.337578 0.862500 0.217969 0.242778
0 0.307500 0.947083 0.229375 0.105833
0 0.525391 0.337639 0.138281 0.274722
0 0.612344 0.331806 0.110625 0.286389
0 0.688828 0.307222 0.156094 0.271667
0 0.745781 0.302917 0.126875 0.263056
0 0.561953 0.193056 0.139844 0.124444
0 0.723750 0.191667 0.174063 0.138889
0 0.710703 0.151111 0.164219 0.069444
0 0.427813 0.227917 0.151250 0.159167
0 0.361016 0.174167 0.108906 0.057778
0 0.334297 0.231944 0.107344 0.115556
0 0.278984 0.597778 0.162656 0.182222
0 0.187109 0.884167 0.154531 0.199444
0 0.070000 0.631250 0.073125 0.190833
0 0.138203 0.719167 0.092656 0.257222
0 0.159453 0.589306 0.099219 0.159167
0 0.300859 0.434444 0.170781 0.213889
0 0.274062 0.294306 0.065000 0.159167
0 0.252969 0.261111 0.061875 0.098333
0 0.235000 0.217639 0.065000 0.104167
0 0.190391 0.317500 0.017969 0.055000
0 0.217969 0.292639 0.040625 0.080833
0 0.102500 0.514028 0.014688 0.031944
0 0.273984 0.207639 0.068281 0.060833
0 0.200937 0.367917 0.016250 0.034722
0 0.102500 0.555972 0.030937 0.075278
0 0.235000 0.385417 0.055313 0.173611
0 0.089531 0.732222 0.030937 0.057778