0 0.549297 0.205278 0.138281 0.068333
0 0.556562 0.256111 0.141250 0.103889
0 0.588516 0.338611 0.148281 0.192778
0 0.655703 0.263750 0.074219 0.200278
0 0.713359 0.306806 0.084219 0.245833
0 0.741172 0.266250 0.057031 0.205278
0 0.105078 0.630139 0.051406 0.141944
0 0.137969 0.541389 0.040000 0.121667
0 0.175781 0.625139 0.095625 0.146944
0 0.174219 0.774583 0.078438 0.146944
0 0.324688 0.883750 0.174063 0.141944
0 0.502266 0.912917 0.061406 0.083611
0 0.316797 0.531250 0.135469 0.213056
0 0.322578 0.324722 0.089844 0.170000
0 0.280547 0.649167 0.102656 0.185000
0 0.378203 0.296806 0.112656 0.149722
0 0.484375 0.353889 0.094063 0.197778
0 0.425938 0.393056 0.065625 0.210556
0 0.410391 0.308056 0.097031 0.126667
0 0.517891 0.507222 0.158281 0.225556
0 0.440312 0.588333 0.111250 0.266111
0 0.667031 0.850694 0.136875 0.208056
0 0.684844 0.715139 0.169687 0.388056
0 0.223438 0.325972 0.045625 0.096389
0 0.269063 0.262361 0.068437 0.065833
0 0.308359 0.276389 0.084219 0.063333
0 0.341797 0.228194 0.082656 0.048056
0 0.428750 0.224444 0.094063 0.086111
0 0.323984 0.439861 0.138281 0.187500
0 0.270469 0.403333 0.071250 0.098889
0 0.150000 0.535139 0.035625 0.109167