0 0.572734 0.194722 0.162031 0.116111
0 0.574609 0.243750 0.163281 0.140833
0 0.594141 0.346250 0.182031 0.256389
0 0.683828 0.271250 0.092969 0.232500
0 0.729219 0.316944 0.083750 0.261111
0 0.777031 0.290417 0.074687 0.234722
0 0.112578 0.705556 0.077344 0.145000
0 0.209375 0.842361 0.162500 0.209167
0 0.313672 0.390556 0.167344 0.212778
0 0.244766 0.273611 0.066719 0.121111
0 0.400000 0.617778 0.105625 0.377222
0 0.492891 0.359028 0.139219 0.259722
0 0.396328 0.261250 0.150469 0.185278
0 0.695937 0.837083 0.163750 0.325833
0 0.367344 0.215556 0.073125 0.125000
0 0.424375 0.306667 0.143437 0.197778
0 0.469219 0.602083 0.109688 0.366944
0 0.752422 0.549861 0.107031 0.401944
0 0.252266 0.339167 0.069844 0.121667
0 0.289687 0.556528 0.150000 0.204167
0 0.232813 0.222639 0.071250 0.119167
0 0.449062 0.188333 0.138437 0.136667
0 0.211016 0.657222 0.136719 0.327778
0 0.505391 0.755000 0.220156 0.443889
0 0.118906 0.448333 0.064375 0.134444
0 0.323984 0.192639 0.086406 0.113611
0 0.415547 0.154444 0.113594 0.159444
0 0.060313 0.542917 0.089063 0.190833
0 0.159375 0.525139 0.065312 0.123611