0 0.553672 0.182500 0.158281 0.091667
0 0.558594 0.230833 0.158438 0.116667
0 0.584219 0.329028 0.171563 0.230833
0 0.668906 0.237361 0.082500 0.220833
0 0.716797 0.273889 0.071719 0.251111
0 0.762656 0.238333 0.063750 0.226111
0 0.149297 0.665694 0.119219 0.099167
0 0.411406 0.310000 0.129062 0.180000
0 0.075859 0.649028 0.053906 0.145278
0 0.145859 0.609028 0.109844 0.074167
0 0.142969 0.778472 0.108438 0.124167
0 0.304688 0.508889 0.157187 0.180556
0 0.316406 0.916111 0.182188 0.167778
0 0.403125 0.639306 0.078438 0.354167
0 0.478203 0.364167 0.124844 0.246667
0 0.378516 0.289444 0.135156 0.149444
0 0.322734 0.382222 0.157344 0.200000
0 0.341094 0.297361 0.110312 0.168611
0 0.484219 0.610139 0.109688 0.349167
0 0.419453 0.198611 0.127031 0.085556
0 0.732812 0.501389 0.127188 0.391111
0 0.254766 0.375000 0.071406 0.198333
0 0.238594 0.686389 0.129375 0.221667
0 0.205859 0.292639 0.042656 0.081389
0 0.350391 0.849861 0.201406 0.248056
0 0.306797 0.615833 0.166719 0.205556
0 0.317969 0.222500 0.102188 0.107222
0 0.227734 0.296250 0.052344 0.156389
0 0.217813 0.339722 0.037812 0.058889