0 0.716172 0.813194 0.147969 0.373611
0 0.752500 0.439861 0.133750 0.320833
0 0.401875 0.665833 0.174063 0.218333
0 0.353047 0.776389 0.189531 0.135000
0 0.316641 0.928750 0.214531 0.135278
0 0.527734 0.343333 0.127344 0.265000
0 0.606641 0.342639 0.144531 0.268056
0 0.495156 0.787361 0.199687 0.421389
0 0.530547 0.958472 0.157969 0.079167
0 0.557969 0.196528 0.133125 0.109722
0 0.720313 0.241111 0.161250 0.112778
0 0.699531 0.168472 0.156562 0.090278
0 0.435859 0.245139 0.139531 0.159722
0 0.329688 0.247083 0.089375 0.120278
0 0.369609 0.189028 0.093906 0.053611
0 0.272969 0.632639 0.138125 0.204167
0 0.200703 0.805417 0.147344 0.156944
0 0.088906 0.582222 0.066250 0.183889
0 0.281016 0.293889 0.048906 0.175556
0 0.246016 0.232222 0.068906 0.070000
0 0.257578 0.307361 0.039531 0.141944
0 0.302500 0.435694 0.146250 0.298611
0 0.221641 0.289167 0.048594 0.078333
0 0.169063 0.649583 0.083437 0.189722
0 0.114922 0.749167 0.066094 0.150556
0 0.333203 0.866528 0.209844 0.171389
0 0.225469 0.334861 0.031563 0.114167
0 0.244688 0.428056 0.055000 0.095000
0 0.141953 0.596528 0.081719 0.139722
0 0.117031 0.539306 0.040938 0.097500
0 0.115703 0.503194 0.028281 0.041944