0 0.556953 0.171944 0.169531 0.092778
0 0.561797 0.222778 0.169531 0.118889
0 0.597734 0.316806 0.176094 0.220278
0 0.679297 0.231389 0.084844 0.228889
0 0.745313 0.280556 0.096250 0.281111
0 0.777109 0.234306 0.065156 0.234722
0 0.049844 0.650278 0.058750 0.162222
0 0.087344 0.548750 0.045625 0.139167
0 0.128906 0.815417 0.089688 0.168056
0 0.300859 0.929444 0.198906 0.141111
0 0.503984 0.962778 0.070156 0.074444
0 0.299297 0.550139 0.169531 0.165278
0 0.247969 0.671944 0.125625 0.211667
0 0.362031 0.269167 0.128750 0.171111
0 0.123984 0.674722 0.115781 0.147778
0 0.143516 0.598056 0.063594 0.069444
0 0.483672 0.334167 0.107656 0.226111
0 0.414297 0.390833 0.079844 0.263889
0 0.398750 0.296389 0.110937 0.173889
0 0.562656 0.509583 0.148438 0.379722
0 0.251953 0.377778 0.071719 0.197222
0 0.441172 0.599583 0.130469 0.362500
0 0.681719 0.727083 0.233125 0.298611
0 0.692344 0.891806 0.156562 0.216389
0 0.216094 0.381944 0.052187 0.107222
0 0.317266 0.215556 0.101094 0.104444
0 0.418359 0.190833 0.130469 0.107222
0 0.292031 0.421111 0.141875 0.237778
0 0.189219 0.258889 0.083125 0.145000
0 0.269141 0.219722 0.057031 0.130556
0 0.222734 0.379306 0.048906 0.072500
0 0.226797 0.228472 0.070156 0.136389
0 0.108594 0.553056 0.035937 0.118889