0 0.544219 0.177639 0.160625 0.106389
0 0.550625 0.225694 0.161562 0.131389
0 0.578984 0.321250 0.177969 0.246389
0 0.660859 0.221806 0.088906 0.228056
0 0.709688 0.254028 0.079063 0.257500
0 0.754375 0.214167 0.070312 0.231667
0 0.161328 0.703472 0.122031 0.110278
0 0.405859 0.318333 0.134219 0.191667
0 0.080781 0.688889 0.058125 0.150000
0 0.149531 0.639444 0.109062 0.095000
0 0.151719 0.811806 0.111875 0.134167
0 0.304922 0.520556 0.162656 0.208889
0 0.328984 0.920278 0.186719 0.159444
0 0.407422 0.648056 0.088906 0.360556
0 0.474219 0.366389 0.131875 0.257778
0 0.372500 0.301250 0.139375 0.161944
0 0.319609 0.399167 0.162969 0.214444
0 0.335156 0.312639 0.115000 0.178611
0 0.487422 0.611250 0.119844 0.358611
0 0.410547 0.206667 0.129219 0.097222
0 0.732500 0.479444 0.138437 0.402222
0 0.243906 0.386667 0.074687 0.179444
0 0.269844 0.675972 0.138437 0.225278
0 0.200156 0.320556 0.045000 0.085000
0 0.361016 0.863472 0.208281 0.266389
0 0.335234 0.686944 0.155781 0.230000
0 0.309922 0.240278 0.105156 0.116667
0 0.218359 0.306111 0.047344 0.154444
0 0.213516 0.366528 0.039531 0.062500
0 0.137266 0.578194 0.035781 0.089722