0 0.557344 0.178333 0.160625 0.090556
0 0.562187 0.227639 0.160625 0.115833
0 0.587578 0.319583 0.173281 0.214722
0 0.674141 0.236111 0.082656 0.223333
0 0.738594 0.285694 0.093750 0.276944
0 0.769609 0.238889 0.063594 0.228889
0 0.310234 0.924028 0.187656 0.151944
0 0.376875 0.251667 0.092188 0.158333
0 0.091562 0.524583 0.036562 0.076389
0 0.406328 0.309722 0.119219 0.189444
0 0.561406 0.507361 0.146250 0.370278
0 0.068437 0.641667 0.054062 0.158333
0 0.170234 0.568194 0.047656 0.079167
0 0.684609 0.878750 0.135156 0.242500
0 0.109062 0.759028 0.036562 0.087500
0 0.440547 0.603611 0.117656 0.381667
0 0.352969 0.545694 0.130312 0.305278
0 0.374531 0.633194 0.141562 0.344722
0 0.466016 0.361806 0.098594 0.248611
0 0.288672 0.400139 0.119219 0.274167
0 0.330859 0.209306 0.063594 0.141389
0 0.477031 0.967778 0.095312 0.064444
0 0.225859 0.393056 0.044531 0.124444
0 0.252891 0.570972 0.133594 0.243056
0 0.425469 0.186667 0.144687 0.096111
0 0.181406 0.736528 0.124063 0.308056
0 0.756875 0.500278 0.105000 0.395556
0 0.202891 0.271528 0.042969 0.107500
0 0.246563 0.229028 0.076250 0.084722
0 0.290234 0.236111 0.065156 0.223333
0 0.125000 0.634583 0.090625 0.144167