0 0.554609 0.184167 0.162969 0.091111
0 0.558984 0.232778 0.162969 0.116111
0 0.592969 0.323472 0.169687 0.213611
0 0.671406 0.242778 0.082187 0.220556
0 0.734531 0.290972 0.093437 0.270833
0 0.765156 0.246806 0.063438 0.225833
0 0.066562 0.635417 0.056875 0.156389
0 0.102969 0.538611 0.044375 0.133889
0 0.141641 0.794722 0.086719 0.162222
0 0.305938 0.916667 0.191250 0.158333
0 0.502891 0.913889 0.116406 0.168333
0 0.306016 0.543056 0.163281 0.160556
0 0.256250 0.658889 0.121250 0.204444
0 0.367422 0.274444 0.124219 0.165556
0 0.141406 0.660278 0.119375 0.143333
0 0.145781 0.583889 0.076875 0.067778
0 0.483594 0.338472 0.104062 0.218056
0 0.416797 0.391944 0.077656 0.253889
0 0.402422 0.301250 0.107031 0.168056
0 0.558594 0.507639 0.143750 0.365833
0 0.261484 0.377222 0.069531 0.190000
0 0.440156 0.586806 0.135937 0.365833
0 0.671719 0.717639 0.224688 0.289167
0 0.681172 0.885556 0.151094 0.228889
0 0.227109 0.380972 0.050469 0.103611
0 0.324766 0.222361 0.097344 0.101389
0 0.421641 0.200278 0.125469 0.104444
0 0.299609 0.419306 0.137031 0.229722
0 0.208906 0.260972 0.059688 0.075833
0 0.231406 0.300417 0.064375 0.081389
0 0.121094 0.516944 0.030000 0.061667
0 0.267656 0.214722 0.077187 0.142778