0 0.282813 0.811111 0.146875 0.372222
0 0.238281 0.437500 0.114062 0.319444
0 0.578906 0.744444 0.210938 0.338889
0 0.651563 0.797222 0.200000 0.172222
0 0.682031 0.930556 0.214062 0.133333
0 0.472656 0.343056 0.126562 0.263889
0 0.392188 0.341667 0.106250 0.266667
0 0.292187 0.311111 0.175000 0.172222
0 0.442969 0.191667 0.126562 0.100000
0 0.280469 0.211111 0.160938 0.100000
0 0.299219 0.161111 0.160938 0.077778
0 0.566406 0.231944 0.135937 0.180556
0 0.655469 0.240278 0.073438 0.119444
0 0.630469 0.180556 0.098437 0.066667
0 0.728125 0.636111 0.137500 0.183333
0 0.804688 0.740278 0.150000 0.247222
0 0.906250 0.581944 0.065625 0.180556
0 0.521875 0.255556 0.093750 0.216667
0 0.731250 0.301389 0.040625 0.163889
0 0.762500 0.243056 0.056250 0.102778
0 0.795312 0.327778 0.025000 0.061111
0 0.751563 0.315278 0.037500 0.147222
0 0.716406 0.222222 0.070312 0.083333
0 0.696875 0.427778 0.140625 0.283333
0 0.834375 0.659722 0.084375 0.197222
0 0.878125 0.768056 0.075000 0.163889
0 0.700781 0.269444 0.045312 0.161111
0 0.672656 0.872222 0.195312 0.172222
0 0.777344 0.337500 0.032813 0.125000
0 0.759375 0.431944 0.046875 0.091667
0 0.854688 0.555556 0.071875 0.088889