0 0.548594 0.211250 0.147812 0.080833
0 0.552969 0.255417 0.147812 0.103611
0 0.584297 0.337778 0.153594 0.192222
0 0.655234 0.263194 0.073906 0.199722
0 0.712891 0.306250 0.083906 0.245278
0 0.740625 0.265694 0.056875 0.204722
0 0.106562 0.628333 0.051250 0.141667
0 0.139141 0.539861 0.039844 0.121389
0 0.175391 0.772500 0.078281 0.146667
0 0.325469 0.881111 0.173437 0.141667
0 0.502422 0.910278 0.061094 0.083333
0 0.323906 0.541250 0.147812 0.144167
0 0.279297 0.647222 0.109531 0.184444
0 0.378828 0.295972 0.112344 0.149167
0 0.171094 0.649722 0.100937 0.128889
0 0.191094 0.577778 0.044062 0.055556
0 0.484766 0.352778 0.093906 0.197222
0 0.424219 0.402222 0.069687 0.230000
0 0.410703 0.320000 0.096719 0.151667
0 0.553594 0.505833 0.129375 0.331111
0 0.282813 0.390694 0.062500 0.171944
0 0.447656 0.584167 0.113750 0.316111
0 0.657422 0.695417 0.203281 0.260278
0 0.666719 0.848333 0.136563 0.207222
0 0.251484 0.394583 0.045469 0.093611
0 0.339687 0.249167 0.088125 0.091111
0 0.427813 0.227639 0.113750 0.093611
0 0.317656 0.428611 0.123750 0.207222
0 0.227969 0.287083 0.072500 0.126389
0 0.286406 0.283333 0.064062 0.133889
0 0.257109 0.392222 0.042656 0.063333
0 0.267891 0.256667 0.058281 0.106111
0 0.157656 0.543750 0.031250 0.103611