0 0.542500 0.177083 0.160938 0.108611
0 0.549297 0.224861 0.162031 0.133611
0 0.578125 0.320278 0.179062 0.248889
0 0.659453 0.219306 0.089844 0.229167
0 0.708516 0.250556 0.080156 0.258333
0 0.753047 0.210139 0.071406 0.232500
0 0.123828 0.670556 0.072344 0.141667
0 0.399531 0.320556 0.124063 0.192222
0 0.081719 0.695417 0.058750 0.150833
0 0.161719 0.600139 0.086563 0.107500
0 0.153281 0.816944 0.112500 0.135556
0 0.303984 0.495833 0.162656 0.188889
0 0.340312 0.915556 0.206562 0.168889
0 0.395937 0.656806 0.128438 0.377500
0 0.473516 0.366944 0.132969 0.259444
0 0.371406 0.303333 0.140000 0.163889
0 0.304141 0.459444 0.148594 0.225556
0 0.336094 0.321667 0.119687 0.200000
0 0.489453 0.610000 0.177656 0.370000
0 0.409141 0.207917 0.129531 0.099167
0 0.747969 0.473889 0.127812 0.402222
0 0.245625 0.428056 0.068750 0.127222
0 0.277266 0.685694 0.122344 0.189167
0 0.198750 0.312778 0.046250 0.110556
0 0.362812 0.865556 0.209375 0.268889
0 0.340313 0.581667 0.174063 0.242778
0 0.308750 0.242917 0.105625 0.118056
0 0.230313 0.282222 0.090000 0.118889
0 0.209375 0.363056 0.032813 0.045556