0 0.706875 0.795139 0.140000 0.354722
0 0.749375 0.439167 0.108750 0.304444
0 0.424687 0.731806 0.200937 0.323056
0 0.355469 0.781806 0.190625 0.164167
0 0.326328 0.909028 0.203906 0.126944
0 0.522969 0.349028 0.126562 0.251389
0 0.602656 0.347917 0.101250 0.254167
0 0.696406 0.313333 0.169687 0.148333
0 0.555078 0.216944 0.131094 0.113889
0 0.699375 0.232500 0.140000 0.076667
0 0.694141 0.181111 0.147344 0.079444
0 0.438828 0.239306 0.131094 0.174722
0 0.345078 0.245972 0.086406 0.119167
0 0.377891 0.199583 0.086406 0.074167
0 0.272188 0.653333 0.134063 0.177222
0 0.197734 0.826806 0.137031 0.174722
0 0.112813 0.576806 0.062500 0.171944
0 0.566875 0.649583 0.214375 0.365278
0 0.285469 0.320000 0.044688 0.156111
0 0.249766 0.254028 0.053594 0.098056
0 0.218437 0.334722 0.023750 0.058333
0 0.260937 0.324028 0.031250 0.143056
0 0.304844 0.443056 0.113125 0.291111
0 0.183438 0.652222 0.099687 0.211667
0 0.136641 0.738194 0.059531 0.108611
0 0.324219 0.253750 0.083437 0.150833
0 0.339766 0.850694 0.203906 0.174722
0 0.235625 0.343889 0.031250 0.124444
0 0.252812 0.437917 0.044688 0.084722
0 0.148438 0.574028 0.062500 0.108611