0 0.580625 0.200833 0.163437 0.128333
0 0.581328 0.250139 0.165469 0.153056
0 0.591094 0.341250 0.197500 0.250278
0 0.689531 0.286806 0.098125 0.238056
0 0.748437 0.349583 0.113125 0.290278
0 0.782109 0.313472 0.080156 0.238611
0 0.121875 0.643472 0.070938 0.163611
0 0.170781 0.645000 0.091875 0.308889
0 0.275781 0.865833 0.201250 0.202778
0 0.386016 0.244444 0.135469 0.193889
0 0.108281 0.443472 0.049688 0.125833
0 0.418516 0.279722 0.118594 0.192222
0 0.557422 0.521806 0.170156 0.396389
0 0.064297 0.527500 0.052031 0.137222
0 0.238906 0.314306 0.058125 0.192500
0 0.135625 0.564306 0.120938 0.200833
0 0.649844 0.897083 0.166875 0.205833
0 0.079844 0.541389 0.080000 0.163333
0 0.433047 0.585139 0.144844 0.400833
0 0.314219 0.456111 0.145937 0.228889
0 0.357266 0.594861 0.161094 0.359167
0 0.363359 0.202222 0.117969 0.221667
0 0.463672 0.355694 0.118594 0.245833
0 0.457891 0.174722 0.109844 0.103889
0 0.653438 0.680000 0.277188 0.297778
0 0.321172 0.369444 0.124844 0.156111
0 0.230625 0.184583 0.088438 0.192500
0 0.330469 0.199167 0.065312 0.095000
0 0.221797 0.610417 0.130156 0.313611
0 0.292734 0.167083 0.056719 0.119722
0 0.128438 0.457083 0.042812 0.134722