0 0.560156 0.185972 0.159062 0.096389
0 0.564141 0.234861 0.159531 0.121389
0 0.587812 0.326250 0.173437 0.219167
0 0.674141 0.248611 0.084531 0.223333
0 0.736719 0.300139 0.096250 0.276389
0 0.767813 0.255556 0.065938 0.227778
0 0.106406 0.536806 0.044375 0.146389
0 0.306328 0.910417 0.186719 0.164167
0 0.409844 0.308056 0.120000 0.191667
0 0.559297 0.509722 0.149219 0.370556
0 0.072969 0.621528 0.055313 0.146944
0 0.154375 0.559861 0.081250 0.111944
0 0.137500 0.755000 0.109688 0.127222
0 0.439063 0.598472 0.121250 0.380278
0 0.352266 0.506944 0.155156 0.246111
0 0.373906 0.624583 0.144063 0.345278
0 0.467734 0.362222 0.100469 0.248889
0 0.384609 0.276389 0.133594 0.164444
0 0.299687 0.418194 0.140937 0.234167
0 0.340859 0.278472 0.115156 0.183056
0 0.680859 0.790694 0.163281 0.376944
0 0.425703 0.188056 0.127969 0.100556
0 0.226797 0.682917 0.117031 0.313611
0 0.254766 0.381389 0.074531 0.183889
0 0.283750 0.593750 0.129688 0.214167
0 0.751641 0.500694 0.108594 0.371389
0 0.210469 0.261250 0.043750 0.107500
0 0.237500 0.229028 0.030625 0.068056
0 0.294063 0.210972 0.116250 0.152500