0 0.731328 0.816389 0.155781 0.367222
0 0.768594 0.433611 0.140937 0.338889
0 0.417109 0.759583 0.223906 0.359722
0 0.340000 0.815556 0.212188 0.182778
0 0.307812 0.943056 0.227188 0.113889
0 0.530000 0.333333 0.134375 0.280000
0 0.615313 0.332083 0.112813 0.283056
0 0.634297 0.387917 0.127656 0.265278
0 0.561406 0.177222 0.140937 0.115000
0 0.733828 0.208056 0.170781 0.117778
0 0.713984 0.140417 0.170781 0.082500
0 0.431172 0.231806 0.139219 0.170833
0 0.320156 0.181667 0.069687 0.088333
0 0.378125 0.171250 0.076250 0.061944
0 0.260469 0.650278 0.145937 0.200556
0 0.169219 0.744722 0.152500 0.271111
0 0.069844 0.586944 0.069687 0.191667
0 0.304453 0.299444 0.154219 0.194444
0 0.262891 0.264306 0.051406 0.147500
0 0.236406 0.203750 0.054688 0.044167
0 0.185859 0.323194 0.019844 0.064722
0 0.233984 0.303889 0.039844 0.156111
0 0.192500 0.258333 0.059688 0.088333
0 0.291953 0.423333 0.149219 0.300556
0 0.146875 0.659167 0.087813 0.182778
0 0.091406 0.769722 0.053125 0.144444
0 0.291094 0.222778 0.031563 0.058889
0 0.322734 0.902500 0.223906 0.191667
0 0.207422 0.327500 0.036406 0.126667
0 0.227344 0.432222 0.053125 0.094444