0 0.710156 0.811111 0.160938 0.372222
0 0.761719 0.412500 0.114062 0.375000
0 0.400781 0.777778 0.226562 0.277778
0 0.343750 0.847222 0.209375 0.233333
0 0.314844 0.937500 0.220312 0.119444
0 0.524219 0.343056 0.132812 0.263889
0 0.607812 0.337500 0.106250 0.275000
0 0.681250 0.304167 0.150000 0.241667
0 0.735938 0.309722 0.128125 0.247222
0 0.559375 0.204167 0.134375 0.119444
0 0.695312 0.183333 0.162500 0.122222
0 0.433594 0.233333 0.151562 0.166667
0 0.366406 0.218056 0.120313 0.102778
0 0.358594 0.172222 0.085938 0.055556
0 0.289844 0.522222 0.148438 0.188889
0 0.209375 0.820833 0.125000 0.252778
0 0.111719 0.761111 0.057813 0.144444
0 0.341406 0.291667 0.082812 0.116667
0 0.128125 0.572222 0.050000 0.055556
0 0.283594 0.672222 0.173437 0.177778
0 0.152344 0.650000 0.126562 0.194444
0 0.309375 0.425000 0.162500 0.205556
0 0.282031 0.319444 0.067187 0.177778
0 0.260156 0.312500 0.057813 0.169444
0 0.245312 0.227778 0.062500 0.100000
0 0.203125 0.323611 0.021875 0.058333
0 0.237500 0.300000 0.056250 0.122222
0 0.121094 0.513889 0.023438 0.038889
0 0.292187 0.219444 0.081250 0.072222
0 0.220312 0.390278 0.028125 0.080556
0 0.128906 0.562500 0.060937 0.108333