0 0.441406 0.754167 0.179688 0.275000
0 0.452344 0.500000 0.157812 0.311111
0 0.521094 0.469444 0.110937 0.233333
0 0.535937 0.345833 0.131250 0.186111
0 0.138281 0.404167 0.070312 0.308333
0 0.223438 0.298611 0.125000 0.241667
0 0.289062 0.304167 0.153125 0.219444
0 0.245312 0.202778 0.109375 0.111111
0 0.375000 0.241667 0.165625 0.111111
0 0.442188 0.351389 0.165625 0.141667
0 0.164844 0.312500 0.073438 0.186111
0 0.167187 0.698611 0.118750 0.475000
0 0.382812 0.302778 0.156250 0.116667
0 0.246094 0.550000 0.104688 0.322222
0 0.267969 0.866667 0.157812 0.261111
0 0.339062 0.513889 0.096875 0.300000
0 0.798438 0.740278 0.068750 0.141667
0 0.678125 0.681944 0.078125 0.091667
0 0.760938 0.577778 0.078125 0.122222
0 0.743750 0.633333 0.065625 0.122222
0 0.628906 0.379167 0.085938 0.108333
0 0.629687 0.368056 0.075000 0.080556
0 0.575781 0.431944 0.060937 0.113889
0 0.696094 0.436111 0.070312 0.138889
0 0.700781 0.509722 0.095312 0.158333
0 0.580469 0.952778 0.092188 0.088889
0 0.503125 0.862500 0.153125 0.269444
0 0.729688 0.686111 0.046875 0.122222