0 0.282813 0.811111 0.146875 0.372222
0 0.248438 0.437500 0.134375 0.319444
0 0.578906 0.736111 0.210938 0.355556
0 0.651563 0.797222 0.200000 0.172222
0 0.682031 0.930556 0.214062 0.133333
0 0.472656 0.343056 0.126562 0.263889
0 0.395313 0.341667 0.140625 0.266667
0 0.387500 0.429167 0.159375 0.286111
0 0.442969 0.195833 0.132812 0.108333
0 0.280469 0.238889 0.160938 0.111111
0 0.301563 0.166667 0.156250 0.088889
0 0.564844 0.243056 0.132812 0.158333
0 0.664062 0.226389 0.084375 0.147222
0 0.621094 0.194444 0.079687 0.061111
0 0.726562 0.634722 0.137500 0.202778
0 0.826562 0.769444 0.112500 0.283333
0 0.913281 0.616667 0.042188 0.122222
0 0.728125 0.302778 0.034375 0.144444
0 0.754687 0.230556 0.068750 0.066667
0 0.748437 0.318056 0.037500 0.147222
0 0.784375 0.298611 0.059375 0.102778
0 0.698438 0.450000 0.146875 0.277778
0 0.828125 0.620833 0.071875 0.119444
0 0.880469 0.768056 0.064062 0.163889
0 0.695312 0.284722 0.053125 0.163889
0 0.667188 0.877778 0.212500 0.172222
0 0.776563 0.337500 0.037500 0.119444
0 0.759375 0.433333 0.046875 0.083333
0 0.850000 0.565278 0.078125 0.086111
0 0.898438 0.552778 0.053125 0.150000