0 0.707031 0.796389 0.139688 0.353889
0 0.742812 0.435833 0.121875 0.293333
0 0.526563 0.351389 0.120313 0.251111
0 0.599375 0.344583 0.132187 0.243056
0 0.396563 0.876944 0.220000 0.171667
0 0.517578 0.940556 0.117344 0.066111
0 0.224844 0.711944 0.108438 0.185000
0 0.710000 0.264167 0.145625 0.140000
0 0.680313 0.199167 0.175313 0.105556
0 0.438203 0.261528 0.130781 0.155833
0 0.333359 0.261389 0.081719 0.108333
0 0.377891 0.211250 0.087656 0.060833
0 0.318516 0.427917 0.150156 0.256389
0 0.207813 0.828194 0.104062 0.179722
0 0.112656 0.585000 0.059375 0.153333
0 0.303594 0.293194 0.043125 0.124167
0 0.258281 0.248333 0.065312 0.066111
0 0.271016 0.282500 0.034219 0.055556
0 0.236016 0.304861 0.050469 0.089722
0 0.259766 0.350000 0.089219 0.116111
0 0.169844 0.638056 0.090625 0.174444
0 0.137188 0.748889 0.066875 0.153333
0 0.532422 0.603611 0.191719 0.258889
0 0.322969 0.907500 0.188750 0.132222
0 0.351250 0.764861 0.212500 0.169167
0 0.268672 0.643194 0.172344 0.169167
0 0.238906 0.359167 0.035625 0.140000
0 0.254609 0.438472 0.046094 0.092500
0 0.216016 0.347222 0.022344 0.052778
0 0.139375 0.558472 0.041563 0.089722
0 0.131328 0.505694 0.028281 0.036944
0 0.161641 0.577222 0.032656 0.042222