0 0.717187 0.811111 0.146875 0.372222
0 0.751563 0.437500 0.134375 0.319444
0 0.421094 0.736111 0.210938 0.355556
0 0.348438 0.797222 0.200000 0.172222
0 0.317969 0.930556 0.214062 0.133333
0 0.527344 0.343056 0.126562 0.263889
0 0.604688 0.341667 0.140625 0.266667
0 0.612500 0.429167 0.159375 0.286111
0 0.557031 0.195833 0.132812 0.108333
0 0.719531 0.238889 0.160938 0.111111
0 0.698438 0.166667 0.156250 0.088889
0 0.435156 0.243056 0.132812 0.158333
0 0.335938 0.226389 0.084375 0.147222
0 0.378906 0.194444 0.079687 0.061111
0 0.273438 0.634722 0.137500 0.202778
0 0.203125 0.726389 0.125000 0.302778
0 0.277344 0.302778 0.045312 0.144444
0 0.245312 0.230556 0.068750 0.066667
0 0.251563 0.318056 0.037500 0.147222
0 0.214844 0.295833 0.057813 0.108333
0 0.303125 0.433333 0.137500 0.277778
0 0.160156 0.663889 0.070312 0.205556
0 0.119531 0.768056 0.064062 0.163889
0 0.293750 0.270833 0.056250 0.147222
0 0.332813 0.877778 0.212500 0.172222
0 0.223438 0.337500 0.037500 0.119444
0 0.240625 0.433333 0.046875 0.083333
0 0.145313 0.559722 0.078125 0.097222
0 0.097656 0.518056 0.048438 0.141667