0 0.571328 0.193611 0.161719 0.113889
0 0.573516 0.242639 0.162969 0.138611
0 0.593359 0.344861 0.181094 0.254167
0 0.682734 0.268611 0.092031 0.231667
0 0.728359 0.313472 0.082656 0.260278
0 0.776016 0.286528 0.073594 0.234167
0 0.112187 0.581250 0.074063 0.151944
0 0.292422 0.879444 0.192344 0.201111
0 0.417109 0.294306 0.125781 0.195833
0 0.069453 0.573056 0.060156 0.152222
0 0.157031 0.504722 0.087188 0.104444
0 0.129141 0.713611 0.113594 0.138889
0 0.385234 0.442500 0.126094 0.173889
0 0.383047 0.624722 0.132031 0.380556
0 0.485938 0.361111 0.135313 0.263333
0 0.399453 0.270417 0.124219 0.165278
0 0.304141 0.419861 0.147656 0.262500
0 0.348594 0.267778 0.120313 0.181111
0 0.309453 0.360694 0.140781 0.220278
0 0.479766 0.605417 0.181094 0.374722
0 0.436953 0.180278 0.130781 0.114444
0 0.747109 0.545139 0.131719 0.405278
0 0.268125 0.307917 0.057500 0.099722
0 0.259531 0.616111 0.134063 0.238333
0 0.219609 0.229028 0.047344 0.111944
0 0.234219 0.358333 0.057813 0.165556
0 0.331406 0.821667 0.211563 0.275556
0 0.311484 0.567361 0.126406 0.239722
0 0.265313 0.195833 0.086875 0.098889
0 0.334531 0.191806 0.106563 0.121389