0 0.555234 0.175417 0.153281 0.075833
0 0.559141 0.231667 0.164219 0.115000
0 0.593906 0.323056 0.170625 0.213333
0 0.672969 0.240139 0.082187 0.221944
0 0.736875 0.287917 0.093125 0.272500
0 0.767656 0.242917 0.063125 0.227500
0 0.063281 0.645833 0.056875 0.157222
0 0.099609 0.547639 0.044219 0.134722
0 0.139844 0.805833 0.086875 0.162778
0 0.306484 0.924028 0.192656 0.151944
0 0.503203 0.956389 0.067969 0.087222
0 0.304922 0.506944 0.164219 0.250000
0 0.304141 0.307361 0.099531 0.188056
0 0.255156 0.666944 0.121562 0.205000
0 0.365703 0.276667 0.124844 0.165556
0 0.049766 0.683611 0.077344 0.115000
0 0.170625 0.586944 0.053750 0.095556
0 0.483359 0.339861 0.104219 0.219167
0 0.418672 0.393056 0.072656 0.252778
0 0.401172 0.289306 0.107344 0.140278
0 0.548203 0.487083 0.132656 0.294722
0 0.442266 0.585417 0.107344 0.328611
0 0.675312 0.720139 0.225937 0.289167
0 0.685469 0.887500 0.151562 0.225000
0 0.218047 0.386111 0.037969 0.103889
0 0.288281 0.262639 0.093125 0.086944
0 0.325469 0.200833 0.091563 0.053333
0 0.426563 0.196667 0.113750 0.095556
0 0.297812 0.424028 0.137500 0.230278
0 0.237031 0.227639 0.085312 0.123611
0 0.255156 0.370556 0.061562 0.157222
0 0.200625 0.317222 0.031563 0.056111
0 0.118438 0.555972 0.034687 0.118056