0 0.717187 0.811111 0.146875 0.372222
0 0.753906 0.431944 0.129688 0.308333
0 0.527344 0.343056 0.126562 0.263889
0 0.603906 0.336111 0.139063 0.255556
0 0.390625 0.895833 0.231250 0.180556
0 0.517969 0.962500 0.123438 0.069444
0 0.246875 0.675000 0.112500 0.200000
0 0.720313 0.251389 0.153125 0.147222
0 0.689063 0.183333 0.184375 0.111111
0 0.434375 0.248611 0.137500 0.163889
0 0.324219 0.248611 0.085938 0.113889
0 0.371094 0.195833 0.092188 0.063889
0 0.308594 0.423611 0.157812 0.269444
0 0.192188 0.844444 0.109375 0.188889
0 0.092188 0.588889 0.062500 0.161111
0 0.292187 0.265278 0.050000 0.097222
0 0.245312 0.234722 0.068750 0.069444
0 0.259375 0.270833 0.040625 0.063889
0 0.219531 0.298611 0.057813 0.102778
0 0.257031 0.343056 0.101562 0.136111
0 0.158594 0.650000 0.107813 0.183333
0 0.117969 0.761111 0.070312 0.161111
0 0.548438 0.620833 0.225000 0.352778
0 0.314844 0.926389 0.207813 0.141667
0 0.342969 0.777778 0.223438 0.177778
0 0.296094 0.623611 0.170313 0.191667
0 0.225000 0.351389 0.037500 0.147222
0 0.241406 0.434722 0.048438 0.097222
0 0.200781 0.338889 0.023438 0.055556
0 0.120313 0.561111 0.043750 0.094444
0 0.111719 0.505556 0.029687 0.038889
0 0.142187 0.580556 0.028125 0.044444