0 0.712969 0.804861 0.164375 0.376944
0 0.760781 0.404722 0.117500 0.378333
0 0.415781 0.769167 0.229375 0.306667
0 0.347031 0.851667 0.211563 0.239444
0 0.318984 0.940000 0.221406 0.120000
0 0.522813 0.342222 0.135313 0.267778
0 0.606250 0.334306 0.108750 0.278056
0 0.679531 0.308611 0.152500 0.265556
0 0.734922 0.308194 0.125781 0.256389
0 0.556641 0.202500 0.135469 0.123333
0 0.708906 0.202222 0.168437 0.138333
0 0.696016 0.159306 0.158594 0.085278
0 0.429609 0.235417 0.143594 0.148611
0 0.363516 0.192917 0.105156 0.053056
0 0.338203 0.246528 0.104219 0.114167
0 0.278281 0.606528 0.146875 0.176389
0 0.202578 0.854722 0.134531 0.184444
0 0.091484 0.588472 0.067344 0.182500
0 0.342578 0.462917 0.110469 0.286389
0 0.288594 0.282639 0.044688 0.098611
0 0.265234 0.294583 0.063906 0.154722
0 0.242813 0.235417 0.063438 0.101944
0 0.201563 0.328333 0.019375 0.061667
0 0.239531 0.297917 0.065000 0.104722
0 0.284062 0.221528 0.067812 0.065833
0 0.232656 0.399444 0.058750 0.101667
0 0.279844 0.435694 0.103750 0.244722
0 0.129141 0.774861 0.082656 0.152500
0 0.160859 0.582222 0.093281 0.125000
0 0.116953 0.569583 0.033594 0.084167
0 0.235547 0.457778 0.035156 0.078889