0 0.732031 0.817917 0.156562 0.364167
0 0.765313 0.435833 0.150000 0.340556
0 0.529531 0.335139 0.135000 0.281389
0 0.611172 0.333889 0.148281 0.284444
0 0.339688 0.911389 0.275000 0.160000
0 0.534531 0.969028 0.131562 0.061944
0 0.289531 0.487917 0.151562 0.272500
0 0.735391 0.216806 0.163281 0.145278
0 0.702031 0.165139 0.196563 0.118611
0 0.430312 0.234583 0.146562 0.174722
0 0.306328 0.238889 0.101719 0.124444
0 0.360469 0.179722 0.100000 0.071111
0 0.250469 0.653611 0.146562 0.177778
0 0.186250 0.830000 0.155000 0.186667
0 0.059688 0.607917 0.065000 0.163056
0 0.272187 0.273056 0.050000 0.168889
0 0.228828 0.219861 0.073281 0.074167
0 0.240547 0.301250 0.036719 0.154167
0 0.202969 0.277361 0.065000 0.094722
0 0.292109 0.390139 0.143281 0.236944
0 0.149609 0.671528 0.101719 0.219167
0 0.092969 0.781250 0.075000 0.171944
0 0.317109 0.824167 0.173281 0.115556
0 0.311328 0.949861 0.218281 0.100278
0 0.342109 0.791528 0.203281 0.163056
0 0.207109 0.335417 0.033281 0.127500
0 0.416172 0.730833 0.218281 0.320000
0 0.225391 0.428472 0.053281 0.094722
0 0.125469 0.616806 0.100000 0.163056
0 0.180391 0.327778 0.023281 0.071111
0 0.093828 0.581250 0.053281 0.127500
0 0.082187 0.508472 0.030000 0.041389