0 0.555469 0.183333 0.157812 0.088889
0 0.560156 0.231944 0.157812 0.113889
0 0.585156 0.330556 0.170313 0.227778
0 0.670312 0.240278 0.081250 0.219444
0 0.717969 0.277778 0.070312 0.250000
0 0.764062 0.243056 0.062500 0.225000
0 0.175781 0.668056 0.123438 0.169444
0 0.420312 0.308333 0.143750 0.177778
0 0.081250 0.630556 0.065625 0.166667
0 0.146875 0.568056 0.093750 0.091667
0 0.136719 0.784722 0.064062 0.113889
0 0.303125 0.401389 0.137500 0.180556
0 0.314063 0.913889 0.181250 0.166667
0 0.407031 0.637500 0.085938 0.352778
0 0.478906 0.363889 0.123438 0.244444
0 0.379688 0.287500 0.134375 0.147222
0 0.281250 0.704167 0.156250 0.202778
0 0.344531 0.268056 0.101562 0.136111
0 0.483594 0.609722 0.107813 0.347222
0 0.421094 0.197222 0.126562 0.083333
0 0.746875 0.505556 0.096875 0.388889
0 0.265625 0.372222 0.062500 0.183333
0 0.339844 0.561111 0.129688 0.177778
0 0.207031 0.287500 0.042188 0.080556
0 0.348438 0.847222 0.200000 0.244444
0 0.281250 0.575000 0.131250 0.161111
0 0.235937 0.291667 0.065625 0.155556
0 0.319531 0.219444 0.101562 0.105556
0 0.216406 0.331944 0.032813 0.063889