0 0.696016 0.826528 0.169531 0.346944
0 0.750781 0.487778 0.160000 0.345556
0 0.537188 0.349583 0.142500 0.287500
0 0.613984 0.354028 0.153906 0.273611
0 0.327188 0.853750 0.254688 0.220278
0 0.488516 0.958194 0.127031 0.083611
0 0.297266 0.436667 0.155469 0.298333
0 0.735391 0.284722 0.159844 0.152222
0 0.707969 0.223194 0.190312 0.147500
0 0.450703 0.237083 0.147031 0.190278
0 0.341328 0.214861 0.092656 0.130278
0 0.391328 0.170417 0.095469 0.079167
0 0.263516 0.582222 0.157344 0.208889
0 0.190859 0.749306 0.152344 0.202500
0 0.083125 0.515000 0.070312 0.163889
0 0.300937 0.243056 0.056563 0.166667
0 0.263672 0.185278 0.072656 0.082778
0 0.270469 0.265139 0.044688 0.148056
0 0.236250 0.234444 0.066250 0.100556
0 0.312656 0.354722 0.148125 0.256111
0 0.158984 0.607222 0.103281 0.200556
0 0.103828 0.682917 0.080156 0.174167
0 0.306250 0.762778 0.170000 0.143333
0 0.291484 0.884167 0.217344 0.188333
0 0.337812 0.737083 0.203750 0.190833
0 0.404453 0.702917 0.218906 0.379167
0 0.236953 0.283333 0.045469 0.137222
0 0.246016 0.377361 0.050469 0.094722
0 0.212969 0.280000 0.026875 0.060000
0 0.117109 0.487083 0.046719 0.107500
0 0.113828 0.427639 0.032031 0.044722
0 0.129375 0.516111 0.056563 0.117778