0 0.557266 0.184444 0.158281 0.091667
0 0.561562 0.233056 0.158438 0.116667
0 0.578359 0.316528 0.183906 0.200278
0 0.671719 0.243194 0.082500 0.220833
0 0.734766 0.293056 0.093594 0.273889
0 0.765469 0.247778 0.063750 0.226111
0 0.310234 0.916250 0.185156 0.158611
0 0.374609 0.282500 0.125781 0.149444
0 0.101953 0.553056 0.058594 0.148333
0 0.407969 0.310972 0.118125 0.188056
0 0.553047 0.507778 0.133281 0.366111
0 0.064141 0.632778 0.036719 0.147778
0 0.158906 0.571944 0.100312 0.062778
0 0.678438 0.877361 0.134063 0.245278
0 0.128984 0.774167 0.071094 0.151111
0 0.440078 0.600417 0.117656 0.376944
0 0.364609 0.554583 0.115781 0.310278
0 0.364844 0.632500 0.126875 0.355000
0 0.454766 0.363056 0.106094 0.246111
0 0.423516 0.194444 0.125469 0.093889
0 0.291953 0.397639 0.118594 0.271389
0 0.307500 0.264722 0.104062 0.165556
0 0.538203 0.810278 0.162969 0.372222
0 0.227891 0.388333 0.039531 0.081111
0 0.287344 0.228194 0.044062 0.064722
0 0.276172 0.574028 0.141719 0.208056
0 0.197031 0.747500 0.104688 0.279444
0 0.199531 0.291944 0.063125 0.112222
0 0.248359 0.209583 0.056719 0.095278
0 0.219219 0.264583 0.080312 0.112500
0 0.124844 0.514444 0.028437 0.053333