0 0.540156 0.175972 0.161562 0.112500
0 0.547109 0.223750 0.162656 0.137500
0 0.576328 0.310000 0.179844 0.236111
0 0.657266 0.215417 0.091406 0.230833
0 0.722578 0.254306 0.104844 0.285278
0 0.750781 0.204028 0.073125 0.233611
0 0.096016 0.543333 0.056406 0.143333
0 0.333203 0.927500 0.191094 0.145000
0 0.367031 0.277639 0.097500 0.163056
0 0.398281 0.327222 0.125625 0.203333
0 0.559531 0.498056 0.160625 0.384444
0 0.083203 0.702917 0.060469 0.163056
0 0.152813 0.650556 0.102813 0.081667
0 0.156953 0.849028 0.113906 0.151944
0 0.445625 0.610000 0.133125 0.391111
0 0.349688 0.538194 0.195312 0.268611
0 0.382578 0.648750 0.154844 0.358611
0 0.459297 0.369722 0.108281 0.258333
0 0.295078 0.445972 0.150156 0.294722
0 0.320859 0.262500 0.112656 0.220556
0 0.464609 0.980694 0.056406 0.038611
0 0.226719 0.427222 0.051250 0.101111
0 0.693047 0.830417 0.178281 0.301944
0 0.406562 0.204722 0.130625 0.113333
0 0.246875 0.732222 0.138437 0.276667
0 0.256875 0.400417 0.057500 0.168056
0 0.281641 0.672500 0.116719 0.210000
0 0.750703 0.461806 0.121406 0.403056
0 0.197266 0.320278 0.047031 0.111667
0 0.238125 0.272222 0.078750 0.094444
0 0.241953 0.317639 0.059219 0.138056
0 0.129375 0.602361 0.053438 0.115278
0 0.148672 0.744583 0.137031 0.183056