0 0.282813 0.811111 0.146875 0.372222
0 0.246094 0.437500 0.129688 0.319444
0 0.578906 0.744444 0.210938 0.338889
0 0.651563 0.797222 0.200000 0.172222
0 0.682031 0.930556 0.214062 0.133333
0 0.472656 0.343056 0.126562 0.263889
0 0.400000 0.341667 0.121875 0.266667
0 0.385937 0.408333 0.153125 0.283333
0 0.442969 0.195833 0.132812 0.108333
0 0.280469 0.225000 0.160938 0.111111
0 0.299219 0.161111 0.160938 0.077778
0 0.565625 0.247222 0.137500 0.161111
0 0.664062 0.226389 0.084375 0.147222
0 0.615625 0.190278 0.071875 0.058333
0 0.726562 0.641667 0.137500 0.188889
0 0.804688 0.736111 0.140625 0.261111
0 0.906250 0.581944 0.065625 0.180556
0 0.757031 0.336111 0.095312 0.127778
0 0.721094 0.265278 0.035937 0.108333
0 0.749219 0.220833 0.054688 0.041667
0 0.797656 0.331944 0.020313 0.041667
0 0.746875 0.272222 0.028125 0.044444
0 0.785937 0.273611 0.053125 0.080556
0 0.696875 0.427778 0.140625 0.283333
0 0.835938 0.645833 0.078125 0.158333
0 0.696875 0.272222 0.043750 0.138889
0 0.667969 0.879167 0.210938 0.180556
0 0.776563 0.337500 0.034375 0.119444
0 0.757812 0.436111 0.050000 0.088889