0 0.720313 0.814583 0.148438 0.370833
0 0.765312 0.439583 0.115312 0.323056
0 0.421016 0.749861 0.213281 0.342500
0 0.347500 0.803194 0.202188 0.174167
0 0.316797 0.935278 0.216406 0.129444
0 0.528359 0.343889 0.127969 0.266667
0 0.609766 0.342500 0.107344 0.269444
0 0.710781 0.311806 0.176875 0.174167
0 0.558359 0.191111 0.127969 0.101111
0 0.722734 0.210556 0.162656 0.101111
0 0.703672 0.160139 0.162656 0.078611
0 0.433672 0.231806 0.137344 0.182500
0 0.343516 0.240139 0.074219 0.120833
0 0.368828 0.179861 0.099531 0.067500
0 0.270156 0.640139 0.139063 0.185278
0 0.192656 0.745556 0.151562 0.250000
0 0.090078 0.585417 0.066406 0.182500
0 0.478672 0.255694 0.094844 0.219167
0 0.266953 0.301944 0.041094 0.165556
0 0.235469 0.243056 0.056875 0.103889
0 0.202188 0.328611 0.025312 0.061667
0 0.246484 0.315833 0.037969 0.148889
0 0.281953 0.221806 0.071094 0.084167
0 0.301719 0.429583 0.142187 0.286389
0 0.162812 0.664167 0.085312 0.199444
0 0.118516 0.773611 0.075781 0.165556
0 0.297734 0.269444 0.045781 0.162778
0 0.326250 0.879028 0.197500 0.174167
0 0.220312 0.338472 0.033125 0.126389
0 0.238516 0.433889 0.047344 0.092778
0 0.142266 0.558750 0.072656 0.089722