0 0.727969 0.817361 0.173437 0.365278
0 0.783516 0.405694 0.122969 0.404167
0 0.386875 0.799444 0.229063 0.299444
0 0.332969 0.874306 0.225625 0.251389
0 0.301875 0.953611 0.237500 0.092778
0 0.527500 0.330833 0.143125 0.284444
0 0.617734 0.324861 0.114531 0.296389
0 0.687500 0.302361 0.143125 0.257500
0 0.745703 0.269583 0.148281 0.233611
0 0.525859 0.708194 0.139844 0.458056
0 0.565391 0.176667 0.141406 0.113889
0 0.711172 0.151389 0.183594 0.098889
0 0.423984 0.227500 0.158281 0.191667
0 0.359922 0.187083 0.144844 0.110833
0 0.256406 0.483611 0.133125 0.230556
0 0.171250 0.887639 0.165000 0.212500
0 0.077031 0.772500 0.064062 0.113889
0 0.327891 0.266389 0.080781 0.107778
0 0.128359 0.664583 0.119531 0.227500
0 0.258984 0.646806 0.161719 0.179722
0 0.168828 0.712639 0.075781 0.305278
0 0.333828 0.515000 0.170156 0.215556
0 0.279922 0.302500 0.058906 0.185556
0 0.248906 0.292083 0.064062 0.194722
0 0.226953 0.202222 0.067344 0.116667
0 0.184766 0.305417 0.020156 0.071944
0 0.215156 0.266667 0.064062 0.113889
0 0.271484 0.197778 0.058906 0.060000
0 0.202578 0.369722 0.045469 0.116667
0 0.097344 0.535833 0.033750 0.101667