0 0.733125 0.817083 0.156875 0.365833
0 0.766484 0.433889 0.150156 0.341111
0 0.530391 0.333194 0.135156 0.281944
0 0.612031 0.331528 0.148438 0.284722
0 0.360938 0.916389 0.303750 0.167222
0 0.527813 0.978750 0.136875 0.042500
0 0.559531 0.175833 0.146875 0.115556
0 0.734687 0.218889 0.166875 0.112778
0 0.713125 0.144722 0.166875 0.095000
0 0.431875 0.229306 0.148438 0.169167
0 0.321719 0.227778 0.088438 0.130556
0 0.361016 0.169861 0.100156 0.056389
0 0.259219 0.644444 0.146875 0.216667
0 0.184922 0.834306 0.158594 0.180833
0 0.062266 0.592639 0.070156 0.195833
0 0.266641 0.282639 0.051719 0.186944
0 0.229219 0.217361 0.073438 0.074167
0 0.239219 0.297361 0.040000 0.151389
0 0.290078 0.434028 0.155156 0.317500
0 0.205000 0.275000 0.058437 0.088889
0 0.151641 0.677083 0.105156 0.222500
0 0.090703 0.770694 0.070156 0.160278
0 0.305156 0.852222 0.161875 0.068333
0 0.303359 0.944583 0.208594 0.110833
0 0.354297 0.794306 0.193594 0.136389
0 0.208281 0.331667 0.035000 0.130556
0 0.226719 0.427778 0.058437 0.115556
0 0.421094 0.727639 0.210312 0.335278
0 0.118281 0.599861 0.068437 0.145278
0 0.181641 0.327222 0.018281 0.068333
0 0.095625 0.573333 0.053438 0.115556
0 0.082344 0.499167 0.030000 0.050556