0 0.580937 0.201111 0.163437 0.128889
0 0.581641 0.250417 0.165469 0.153611
0 0.598906 0.346250 0.185938 0.253056
0 0.689844 0.287500 0.098437 0.238333
0 0.733984 0.336944 0.090156 0.265556
0 0.782344 0.314722 0.080312 0.238889
0 0.104453 0.478750 0.055156 0.173056
0 0.280625 0.857778 0.196563 0.218333
0 0.423438 0.290417 0.131250 0.214722
0 0.067813 0.529444 0.064375 0.156667
0 0.151484 0.474306 0.096406 0.140833
0 0.122891 0.675833 0.116719 0.148889
0 0.349297 0.480000 0.177656 0.299444
0 0.366094 0.599583 0.165938 0.376944
0 0.490313 0.359722 0.142187 0.273889
0 0.403672 0.254306 0.136719 0.189167
0 0.319063 0.405972 0.149688 0.181944
0 0.356328 0.252917 0.124844 0.191389
0 0.316719 0.339444 0.133125 0.201667
0 0.476328 0.603333 0.191094 0.388889
0 0.447266 0.174583 0.132969 0.126389
0 0.738672 0.506667 0.135781 0.342222
0 0.200703 0.622083 0.104844 0.315278
0 0.265547 0.327361 0.084844 0.202500
0 0.228672 0.200972 0.050469 0.115278
0 0.248594 0.570000 0.131875 0.257778
0 0.320000 0.793750 0.233438 0.279167
0 0.275312 0.172778 0.089063 0.106667
0 0.346172 0.175833 0.095469 0.111111