0 0.544609 0.178056 0.160469 0.105556
0 0.551016 0.225833 0.161406 0.130556
0 0.579297 0.321667 0.177656 0.245556
0 0.661172 0.222500 0.088594 0.227778
0 0.710078 0.254861 0.078594 0.256944
0 0.754844 0.215417 0.070000 0.231389
0 0.138125 0.699028 0.089063 0.106389
0 0.413984 0.317222 0.149531 0.192778
0 0.080547 0.686944 0.057969 0.150000
0 0.150000 0.635000 0.107187 0.088889
0 0.127969 0.812639 0.065000 0.128611
0 0.300156 0.422778 0.143437 0.195000
0 0.328437 0.920139 0.186563 0.159722
0 0.411875 0.647361 0.097812 0.361389
0 0.474375 0.366389 0.131562 0.257222
0 0.372656 0.300694 0.139063 0.161389
0 0.303125 0.647778 0.182188 0.331667
0 0.337734 0.286389 0.104531 0.149444
0 0.487344 0.611250 0.119375 0.358056
0 0.411016 0.206111 0.129219 0.096667
0 0.732578 0.480556 0.137969 0.401667
0 0.266562 0.380278 0.070000 0.184444
0 0.200156 0.729722 0.108438 0.310000
0 0.200391 0.319444 0.044844 0.085000
0 0.360547 0.862778 0.207969 0.265556
0 0.283750 0.562222 0.131250 0.157778
0 0.310312 0.239167 0.105000 0.116111
0 0.222266 0.320972 0.056719 0.160833
0 0.211172 0.362500 0.034844 0.067222