0 0.701172 0.818194 0.171094 0.363611
0 0.763750 0.435694 0.124375 0.384722
0 0.393125 0.768750 0.234063 0.297500
0 0.334219 0.833056 0.215625 0.251667
0 0.302813 0.920556 0.223438 0.138889
0 0.528594 0.345417 0.140000 0.275278
0 0.612187 0.347361 0.113750 0.284167
0 0.686250 0.330139 0.157187 0.274167
0 0.740938 0.330833 0.128750 0.263333
0 0.567500 0.209722 0.137500 0.131111
0 0.722187 0.217778 0.162500 0.133333
0 0.712109 0.186250 0.158281 0.094167
0 0.437812 0.231667 0.149375 0.165556
0 0.375391 0.174583 0.106094 0.064722
0 0.348047 0.227778 0.106094 0.120000
0 0.286875 0.568750 0.155000 0.199167
0 0.189297 0.840833 0.153594 0.204444
0 0.243594 0.326944 0.087500 0.123889
0 0.146797 0.655000 0.103906 0.263889
0 0.160078 0.546389 0.092969 0.149444
0 0.318359 0.422639 0.175781 0.220278
0 0.291406 0.267500 0.060937 0.121667
0 0.263750 0.248194 0.056875 0.088056
0 0.253203 0.205417 0.065156 0.105278
0 0.206875 0.294722 0.020000 0.048889
0 0.235937 0.268194 0.041875 0.048056
0 0.115156 0.471528 0.017813 0.023611
0 0.300469 0.197222 0.070312 0.064444
0 0.217422 0.340139 0.011719 0.031389
0 0.114453 0.525833 0.039844 0.089444
0 0.242422 0.370000 0.051406 0.167778