0 0.434375 0.680556 0.184375 0.244444
0 0.171875 0.695833 0.128125 0.452778
0 0.293750 0.884722 0.184375 0.225000
0 0.488281 0.836111 0.145313 0.305556
0 0.805469 0.754167 0.057813 0.108333
0 0.444531 0.498611 0.170313 0.286111
0 0.518750 0.463889 0.118750 0.211111
0 0.534375 0.337500 0.140625 0.180556
0 0.137500 0.391667 0.071875 0.300000
0 0.224219 0.293056 0.123438 0.230556
0 0.287500 0.300000 0.153125 0.216667
0 0.242188 0.200000 0.112500 0.111111
0 0.446094 0.366667 0.173437 0.150000
0 0.163281 0.309722 0.073438 0.186111
0 0.385937 0.297222 0.159375 0.111111
0 0.249219 0.551389 0.107813 0.308333
0 0.337500 0.500000 0.090625 0.311111
0 0.395313 0.231944 0.112500 0.097222
0 0.793750 0.662500 0.059375 0.130556
0 0.672656 0.681944 0.070312 0.091667
0 0.754687 0.575000 0.068750 0.144444
0 0.743750 0.652778 0.065625 0.111111
0 0.629687 0.362500 0.075000 0.141667
0 0.629687 0.368056 0.075000 0.080556
0 0.575781 0.431944 0.060937 0.113889
0 0.696094 0.436111 0.070312 0.138889
0 0.700781 0.509722 0.095312 0.158333
0 0.586719 0.933333 0.079687 0.127778
0 0.723437 0.683333 0.053125 0.111111