0 0.562109 0.153750 0.172969 0.097500
0 0.567266 0.207083 0.172969 0.124722
0 0.594609 0.315139 0.186719 0.249722
0 0.687969 0.216111 0.089063 0.240556
0 0.740234 0.257361 0.077031 0.274167
0 0.790859 0.219167 0.068594 0.246667
0 0.094375 0.671528 0.118125 0.121944
0 0.405391 0.290833 0.140469 0.195000
0 0.035391 0.656111 0.058281 0.158333
0 0.126953 0.563333 0.090781 0.106667
0 0.108125 0.799444 0.118125 0.133889
0 0.287188 0.469028 0.171250 0.185833
0 0.297500 0.931667 0.198750 0.136667
0 0.394141 0.651667 0.083906 0.386667
0 0.478125 0.351806 0.135313 0.268056
0 0.369453 0.267917 0.147344 0.161389
0 0.295625 0.412639 0.167813 0.261944
0 0.328203 0.275556 0.119844 0.182778
0 0.479063 0.611944 0.109688 0.386667
0 0.414844 0.169028 0.138750 0.091389
0 0.756484 0.507083 0.137031 0.426389
0 0.232344 0.322778 0.075313 0.240556
0 0.242578 0.665417 0.143906 0.231389
0 0.180156 0.254306 0.046250 0.115833
0 0.335078 0.873750 0.219219 0.252500
0 0.313750 0.685278 0.162812 0.234444
0 0.303516 0.193472 0.111406 0.115833
0 0.203203 0.232917 0.058281 0.109722
0 0.192891 0.319722 0.041094 0.063889