0 0.555547 0.186667 0.156094 0.087778
0 0.560234 0.234861 0.156094 0.112500
0 0.585000 0.324167 0.168437 0.208889
0 0.669063 0.243194 0.080312 0.216944
0 0.731641 0.291250 0.091094 0.269167
0 0.761875 0.245972 0.061875 0.222500
0 0.315234 0.914722 0.182344 0.153889
0 0.380156 0.258333 0.089688 0.153889
0 0.092031 0.516528 0.057188 0.115278
0 0.408750 0.314583 0.115937 0.184167
0 0.559375 0.506944 0.142187 0.360000
0 0.080469 0.637500 0.052500 0.153889
0 0.170000 0.572917 0.052500 0.085278
0 0.679297 0.870833 0.131406 0.241667
0 0.119766 0.751528 0.035469 0.085278
0 0.442031 0.600417 0.114375 0.370833
0 0.352344 0.510833 0.170000 0.236111
0 0.377812 0.629306 0.137500 0.335278
0 0.466641 0.365278 0.095781 0.241667
0 0.294531 0.402361 0.115937 0.266389
0 0.335391 0.207639 0.064844 0.134722
0 0.506875 0.920278 0.142187 0.142778
0 0.247266 0.379167 0.071094 0.110000
0 0.258984 0.651111 0.128281 0.192222
0 0.427344 0.195000 0.140625 0.093333
0 0.284375 0.299444 0.030937 0.093333
0 0.182344 0.740556 0.108125 0.255556
0 0.749453 0.500139 0.102031 0.384722
0 0.211016 0.277500 0.041719 0.104444
0 0.253516 0.236250 0.074219 0.082500
0 0.302969 0.251250 0.049375 0.161944
0 0.130547 0.564583 0.038594 0.129167
0 0.146953 0.640000 0.102031 0.098889