0 0.557109 0.184306 0.158281 0.091389
0 0.561562 0.232917 0.158438 0.116389
0 0.586016 0.323611 0.171406 0.213889
0 0.671641 0.243194 0.082344 0.220833
0 0.734609 0.292639 0.093594 0.273611
0 0.765391 0.247222 0.063594 0.226111
0 0.096875 0.485139 0.050625 0.128611
0 0.310391 0.916528 0.185156 0.158611
0 0.379297 0.256250 0.091406 0.151389
0 0.407969 0.310972 0.118125 0.188056
0 0.559375 0.507778 0.145625 0.366111
0 0.074297 0.632083 0.053906 0.156389
0 0.142422 0.590000 0.105156 0.098889
0 0.139844 0.790000 0.108438 0.137778
0 0.440156 0.600417 0.117500 0.376944
0 0.351562 0.503194 0.157187 0.202500
0 0.375078 0.628611 0.140781 0.341111
0 0.466250 0.363333 0.098125 0.246111
0 0.298828 0.411944 0.138906 0.277222
0 0.332500 0.237778 0.097812 0.198889
0 0.510156 0.972500 0.209687 0.053333
0 0.231797 0.381806 0.047344 0.095278
0 0.666250 0.850833 0.115625 0.298333
0 0.422578 0.190417 0.127031 0.096389
0 0.234297 0.669306 0.093281 0.209722
0 0.270313 0.353194 0.052500 0.181389
0 0.276641 0.650694 0.093281 0.215278
0 0.751641 0.504167 0.105156 0.390556
0 0.208203 0.270278 0.042656 0.106111
0 0.251328 0.229444 0.075469 0.084444
0 0.247187 0.283472 0.052187 0.120278
0 0.125547 0.539861 0.048906 0.109167
0 0.137266 0.684306 0.130469 0.165833