0 0.710156 0.811111 0.160938 0.372222
0 0.761719 0.412500 0.114062 0.375000
0 0.400781 0.775000 0.226562 0.272222
0 0.343750 0.847222 0.209375 0.233333
0 0.314844 0.937500 0.220312 0.119444
0 0.524219 0.343056 0.132812 0.263889
0 0.607812 0.337500 0.106250 0.275000
0 0.672656 0.316667 0.132812 0.238889
0 0.726562 0.286111 0.137500 0.216667
0 0.499219 0.631944 0.120313 0.369444
0 0.559375 0.200000 0.131250 0.105556
0 0.694531 0.176389 0.170313 0.091667
0 0.428125 0.247222 0.146875 0.177778
0 0.368750 0.209722 0.134375 0.102778
0 0.273438 0.505556 0.134375 0.200000
0 0.193750 0.859722 0.153125 0.197222
0 0.106250 0.752778 0.059375 0.105556
0 0.334375 0.284722 0.071875 0.097222
0 0.153906 0.652778 0.110937 0.211111
0 0.279687 0.677778 0.175000 0.177778
0 0.214062 0.695833 0.087500 0.269444
0 0.332031 0.418056 0.157812 0.208333
0 0.276562 0.316667 0.065625 0.183333
0 0.267188 0.294444 0.056250 0.161111
0 0.245312 0.223611 0.062500 0.108333
0 0.203125 0.322222 0.015625 0.066667
0 0.234375 0.283333 0.059375 0.105556
0 0.114844 0.520833 0.010937 0.030556
0 0.286719 0.219444 0.054688 0.055556
0 0.222656 0.379167 0.042188 0.108333
0 0.128125 0.531944 0.025000 0.069444