0 0.444531 0.183333 0.157812 0.088889
0 0.439844 0.231944 0.157812 0.113889
0 0.414844 0.330556 0.170313 0.227778
0 0.329688 0.240278 0.081250 0.219444
0 0.282031 0.277778 0.070312 0.250000
0 0.235937 0.243056 0.062500 0.225000
0 0.882031 0.622222 0.067187 0.133333
0 0.587500 0.308333 0.128125 0.177778
0 0.925000 0.641667 0.053125 0.144444
0 0.841406 0.556944 0.082812 0.097222
0 0.858594 0.772222 0.107813 0.122222
0 0.695312 0.470833 0.156250 0.169444
0 0.685937 0.913889 0.181250 0.166667
0 0.597656 0.625000 0.076563 0.327778
0 0.521094 0.363889 0.123438 0.244444
0 0.620313 0.287500 0.134375 0.147222
0 0.687500 0.419444 0.153125 0.238889
0 0.657813 0.294444 0.109375 0.166667
0 0.547656 0.593056 0.098437 0.380556
0 0.578906 0.197222 0.126562 0.083333
0 0.251563 0.505556 0.112500 0.388889
0 0.749219 0.398611 0.051562 0.163889
0 0.735938 0.650000 0.131250 0.211111
0 0.792969 0.275000 0.042188 0.105556
0 0.651563 0.847222 0.200000 0.244444
0 0.681250 0.625000 0.137500 0.205556
0 0.680469 0.219444 0.101562 0.105556
0 0.757812 0.240278 0.062500 0.125000
0 0.781250 0.334722 0.037500 0.058333