0 0.717187 0.811111 0.146875 0.372222
0 0.761719 0.437500 0.114062 0.319444
0 0.421094 0.744444 0.210938 0.338889
0 0.348438 0.797222 0.200000 0.172222
0 0.317969 0.930556 0.214062 0.133333
0 0.524219 0.343056 0.132812 0.263889
0 0.607812 0.341667 0.106250 0.266667
0 0.713281 0.294444 0.179688 0.166667
0 0.557813 0.204167 0.137500 0.119444
0 0.717187 0.213889 0.156250 0.116667
0 0.701562 0.168056 0.162500 0.091667
0 0.433594 0.244444 0.135937 0.155556
0 0.338281 0.244444 0.073438 0.122222
0 0.364063 0.187500 0.100000 0.086111
0 0.266406 0.651389 0.135937 0.169444
0 0.203125 0.758333 0.112500 0.322222
0 0.093750 0.581944 0.065625 0.180556
0 0.524219 0.394444 0.089063 0.333333
0 0.265625 0.298611 0.037500 0.141667
0 0.237500 0.243056 0.056250 0.102778
0 0.204687 0.327778 0.025000 0.061111
0 0.250781 0.318056 0.039062 0.147222
0 0.281250 0.194444 0.071875 0.105556
0 0.297656 0.444444 0.132812 0.277778
0 0.161719 0.652778 0.076563 0.205556
0 0.121094 0.766667 0.067187 0.161111
0 0.296875 0.255556 0.050000 0.205556
0 0.332031 0.875000 0.198437 0.166667
0 0.224219 0.337500 0.032813 0.125000
0 0.240625 0.431944 0.046875 0.091667