0 0.498437 0.836111 0.153125 0.305556
0 0.287500 0.290278 0.159375 0.202778
0 0.805469 0.737500 0.057813 0.141667
0 0.536719 0.526389 0.085938 0.175000
0 0.235937 0.188889 0.121875 0.105556
0 0.642969 0.697222 0.160938 0.100000
0 0.631250 0.368056 0.071875 0.080556
0 0.562500 0.400000 0.068750 0.066667
0 0.696094 0.436111 0.070312 0.138889
0 0.686719 0.491667 0.067187 0.122222
0 0.439063 0.700000 0.175000 0.288889
0 0.238281 0.633333 0.267188 0.355556
0 0.378906 0.280556 0.182812 0.138889
0 0.261719 0.397222 0.154688 0.211111
0 0.267188 0.902778 0.115625 0.188889
0 0.571094 0.933333 0.104688 0.127778
0 0.734375 0.591667 0.065625 0.138889
0 0.409375 0.563889 0.175000 0.172222
0 0.189844 0.800000 0.139063 0.394444
0 0.498437 0.388889 0.087500 0.177778
0 0.197656 0.294444 0.076563 0.322222
0 0.248438 0.312500 0.075000 0.169444
0 0.415625 0.352778 0.103125 0.111111
0 0.153906 0.326389 0.060937 0.191667
0 0.400000 0.479167 0.187500 0.175000
0 0.414062 0.248611 0.109375 0.113889
0 0.771094 0.634722 0.035937 0.069444
0 0.750000 0.691667 0.075000 0.105556
0 0.538281 0.311111 0.104688 0.083333
0 0.319531 0.434722 0.142187 0.191667