0 0.282813 0.811111 0.146875 0.372222
0 0.245312 0.431944 0.128125 0.308333
0 0.472656 0.343056 0.126562 0.263889
0 0.396094 0.336111 0.139063 0.255556
0 0.637500 0.869444 0.243750 0.155556
0 0.482031 0.962500 0.123438 0.069444
0 0.279687 0.251389 0.153125 0.147222
0 0.698438 0.386111 0.118750 0.238889
0 0.563281 0.247222 0.142187 0.172222
0 0.677344 0.262500 0.098437 0.108333
0 0.725781 0.518056 0.117188 0.169444
0 0.810156 0.841667 0.110937 0.183333
0 0.910937 0.588889 0.065625 0.161111
0 0.715625 0.283333 0.031250 0.111111
0 0.755469 0.236111 0.070312 0.077778
0 0.739844 0.302778 0.039062 0.144444
0 0.780469 0.300000 0.051562 0.100000
0 0.640625 0.186111 0.125000 0.100000
0 0.882031 0.761111 0.070312 0.161111
0 0.681250 0.620833 0.181250 0.163889
0 0.686719 0.927778 0.195312 0.138889
0 0.656250 0.776389 0.209375 0.191667
0 0.800781 0.705556 0.135937 0.194444
0 0.767188 0.341667 0.040625 0.133333
0 0.754687 0.438889 0.056250 0.122222
0 0.798438 0.336111 0.021875 0.061111
0 0.888281 0.505556 0.029687 0.038889
0 0.853906 0.591667 0.045312 0.088889
0 0.881250 0.573611 0.040625 0.108333