0 0.699922 0.797639 0.153281 0.354722
0 0.748984 0.418056 0.108594 0.357222
0 0.408984 0.719583 0.223281 0.171944
0 0.351016 0.831944 0.199531 0.222222
0 0.323359 0.918056 0.209844 0.113889
0 0.522813 0.351806 0.126562 0.251389
0 0.602500 0.346528 0.101250 0.261944
0 0.664219 0.326528 0.126562 0.227500
0 0.731328 0.304306 0.117656 0.240833
0 0.494531 0.837361 0.177187 0.275278
0 0.556250 0.215556 0.125000 0.100556
0 0.685000 0.193056 0.162187 0.087222
0 0.435781 0.261806 0.136875 0.161389
0 0.371094 0.226111 0.120625 0.090000
0 0.315156 0.411389 0.119063 0.232778
0 0.209609 0.832083 0.142969 0.174722
0 0.129844 0.752639 0.058125 0.105833
0 0.346484 0.294861 0.071406 0.095278
0 0.141719 0.513333 0.025312 0.045000
0 0.168672 0.630972 0.117656 0.185278
0 0.300312 0.613750 0.136875 0.209167
0 0.225781 0.679861 0.080312 0.251389
0 0.344141 0.515972 0.147344 0.161389
0 0.300391 0.305556 0.041719 0.142778
0 0.276484 0.313472 0.053594 0.164167
0 0.260078 0.236806 0.065469 0.105833
0 0.217734 0.325417 0.016406 0.060833
0 0.246719 0.295000 0.056563 0.100556
0 0.145391 0.539722 0.026719 0.045000
0 0.299531 0.230139 0.058125 0.060833
0 0.236328 0.375556 0.035781 0.076667