0 0.558672 0.171667 0.164531 0.092778
0 0.563516 0.222361 0.164531 0.118611
0 0.589531 0.325139 0.177500 0.237500
0 0.678438 0.230972 0.084687 0.228611
0 0.728047 0.270000 0.073281 0.260556
0 0.776172 0.233889 0.065156 0.234444
0 0.111641 0.779722 0.071719 0.138889
0 0.230547 0.892778 0.211719 0.214444
0 0.223203 0.313472 0.063594 0.115833
0 0.436562 0.631944 0.154688 0.399444
0 0.486172 0.371389 0.159531 0.231667
0 0.386875 0.258611 0.123750 0.150556
0 0.724766 0.829028 0.151406 0.341944
0 0.348516 0.225139 0.073281 0.118611
0 0.411250 0.303472 0.140000 0.182500
0 0.274453 0.624583 0.149844 0.228611
0 0.765547 0.507361 0.089531 0.405278
0 0.269609 0.285972 0.065156 0.113056
0 0.658047 0.672500 0.112344 0.382222
0 0.207656 0.262917 0.068437 0.113056
0 0.434141 0.178889 0.133594 0.095556
0 0.186563 0.691250 0.107500 0.321389
0 0.521250 0.753472 0.206875 0.405278
0 0.095312 0.503194 0.045625 0.078056
0 0.308672 0.209167 0.081406 0.098333
0 0.305391 0.474306 0.143281 0.199722
0 0.283437 0.375833 0.092812 0.193889
0 0.212656 0.413333 0.045625 0.165000
0 0.087969 0.593056 0.092812 0.176667
0 0.145000 0.611806 0.122188 0.104167