0 0.805469 0.738889 0.057813 0.138889
0 0.507812 0.852778 0.175000 0.272222
0 0.499219 0.493056 0.110937 0.208333
0 0.384375 0.287500 0.156250 0.113889
0 0.405469 0.437500 0.139063 0.219444
0 0.298438 0.738889 0.162500 0.477778
0 0.437500 0.677778 0.184375 0.227778
0 0.170313 0.713889 0.121875 0.472222
0 0.237500 0.433333 0.118750 0.283333
0 0.331250 0.925000 0.175000 0.144444
0 0.528125 0.348611 0.137500 0.180556
0 0.137500 0.419444 0.068750 0.322222
0 0.217969 0.252778 0.101562 0.172222
0 0.290625 0.305556 0.143750 0.211111
0 0.162500 0.309722 0.075000 0.191667
0 0.398438 0.231944 0.115625 0.086111
0 0.240625 0.195833 0.115625 0.119444
0 0.636719 0.698611 0.145313 0.130556
0 0.756250 0.593056 0.078125 0.208333
0 0.751563 0.708333 0.078125 0.100000
0 0.594531 0.341667 0.079687 0.088889
0 0.644531 0.368056 0.045312 0.080556
0 0.575781 0.431944 0.060937 0.113889
0 0.696094 0.436111 0.070312 0.138889
0 0.700781 0.509722 0.095312 0.158333
0 0.478906 0.361111 0.054688 0.083333
0 0.408594 0.347222 0.104688 0.094444
0 0.798438 0.616667 0.040625 0.100000
0 0.582031 0.941667 0.073438 0.111111
0 0.712500 0.640278 0.028125 0.063889