0 0.710156 0.811111 0.160938 0.372222
0 0.761719 0.412500 0.114062 0.375000
0 0.413281 0.766667 0.226562 0.300000
0 0.343750 0.847222 0.209375 0.233333
0 0.314844 0.937500 0.220312 0.119444
0 0.524219 0.343056 0.132812 0.263889
0 0.607812 0.337500 0.106250 0.275000
0 0.681250 0.313889 0.150000 0.261111
0 0.735938 0.309722 0.121875 0.252778
0 0.559375 0.204167 0.134375 0.119444
0 0.714844 0.202778 0.167187 0.133333
0 0.702344 0.163889 0.157812 0.066667
0 0.430469 0.237500 0.145313 0.152778
0 0.366406 0.186111 0.104688 0.055556
0 0.340625 0.241667 0.103125 0.111111
0 0.283594 0.586111 0.148438 0.188889
0 0.199219 0.868056 0.148438 0.191667
0 0.073438 0.609722 0.093750 0.191667
0 0.109375 0.552778 0.046875 0.122222
0 0.160156 0.608333 0.098437 0.161111
0 0.309375 0.429167 0.156250 0.208333
0 0.283594 0.304167 0.064062 0.158333
0 0.262500 0.277778 0.053125 0.094444
0 0.245312 0.227778 0.062500 0.100000
0 0.202344 0.322222 0.017188 0.061111
0 0.232031 0.301389 0.048438 0.086111
0 0.282813 0.218056 0.065625 0.058333
0 0.214844 0.372222 0.014063 0.044444
0 0.243750 0.395833 0.050000 0.163889
0 0.128125 0.737500 0.071875 0.147222