0 0.549297 0.215417 0.142344 0.080278
0 0.553516 0.259167 0.142344 0.102778
0 0.576016 0.332917 0.153594 0.175278
0 0.652891 0.266667 0.073281 0.197778
0 0.709844 0.310556 0.083125 0.245556
0 0.737422 0.269167 0.056406 0.202778
0 0.330156 0.879028 0.166250 0.140278
0 0.389297 0.280417 0.081719 0.140278
0 0.140781 0.554722 0.052187 0.132778
0 0.415469 0.331667 0.105625 0.167778
0 0.552734 0.507083 0.129531 0.328056
0 0.112578 0.625972 0.037969 0.115278
0 0.182266 0.560833 0.073281 0.065000
0 0.661875 0.838750 0.119687 0.220278
0 0.151953 0.730000 0.032344 0.077778
0 0.445703 0.592083 0.104219 0.338056
0 0.361172 0.540833 0.126719 0.270556
0 0.387187 0.618611 0.125312 0.305556
0 0.468203 0.377917 0.087344 0.220278
0 0.428828 0.221667 0.112656 0.092778
0 0.311094 0.412083 0.105625 0.243056
0 0.286484 0.369444 0.070469 0.152778
0 0.543672 0.842500 0.173281 0.212778
0 0.259766 0.399444 0.047969 0.097778
0 0.305547 0.585972 0.131094 0.200278
0 0.229453 0.718750 0.139531 0.205278
0 0.640156 0.400694 0.140937 0.205278
0 0.221094 0.295417 0.066250 0.090278
0 0.273828 0.260278 0.067656 0.075000
0 0.314609 0.281667 0.118281 0.122778
0 0.161797 0.522083 0.029531 0.057500