0 0.559766 0.160417 0.169219 0.095278
0 0.564766 0.212778 0.169219 0.122222
0 0.591641 0.309306 0.182656 0.226389
0 0.682969 0.221528 0.087188 0.235278
0 0.750703 0.273750 0.098906 0.291944
0 0.783359 0.224583 0.067031 0.241389
0 0.072969 0.559722 0.033437 0.155000
0 0.299141 0.933194 0.197656 0.133611
0 0.360312 0.249861 0.115625 0.178611
0 0.400469 0.298889 0.125625 0.199444
0 0.563984 0.507639 0.154219 0.390278
0 0.044453 0.657917 0.057031 0.143056
0 0.124844 0.581944 0.097188 0.116111
0 0.115781 0.791944 0.115625 0.131111
0 0.436562 0.608889 0.124063 0.402222
0 0.331094 0.515000 0.184375 0.256111
0 0.367031 0.640000 0.149063 0.363333
0 0.463359 0.354167 0.103906 0.262222
0 0.284062 0.422639 0.147500 0.244167
0 0.320078 0.270556 0.108906 0.190556
0 0.470937 0.995833 0.065312 0.008333
0 0.691172 0.834861 0.247969 0.330278
0 0.415703 0.169583 0.135781 0.101389
0 0.203594 0.716111 0.107187 0.271111
0 0.226250 0.380833 0.088750 0.196667
0 0.254688 0.649167 0.112187 0.262222
0 0.770000 0.500139 0.110625 0.416944
0 0.186094 0.258750 0.045312 0.113056
0 0.208594 0.223056 0.033437 0.065556
0 0.267344 0.224444 0.107187 0.163889