0 0.550156 0.192083 0.137813 0.045833
0 0.555156 0.254861 0.145000 0.104722
0 0.588828 0.314583 0.149219 0.148056
0 0.656406 0.262500 0.074687 0.201667
0 0.714531 0.305694 0.084687 0.247500
0 0.742422 0.265000 0.057344 0.206667
0 0.102422 0.631111 0.051719 0.142778
0 0.135391 0.541806 0.040156 0.122500
0 0.173359 0.625972 0.096094 0.148056
0 0.171953 0.776528 0.078906 0.148056
0 0.323359 0.886111 0.175156 0.142778
0 0.502109 0.915417 0.061719 0.084167
0 0.307656 0.586528 0.120625 0.191389
0 0.321172 0.330000 0.090469 0.158333
0 0.277422 0.650139 0.117656 0.186389
0 0.377187 0.295556 0.113437 0.150556
0 0.401562 0.313472 0.101875 0.160833
0 0.495547 0.352778 0.117656 0.198889
0 0.425234 0.359306 0.066094 0.165833
0 0.517813 0.507500 0.159375 0.227222
0 0.423125 0.504861 0.119063 0.334167
0 0.686406 0.845278 0.126250 0.224444
0 0.640625 0.693611 0.244062 0.283333
0 0.550938 0.368194 0.159375 0.229722
0 0.247969 0.268750 0.053125 0.101944
0 0.325469 0.234306 0.087500 0.165833
0 0.425312 0.221389 0.123438 0.099444
0 0.316875 0.452500 0.127812 0.224444
0 0.260859 0.383472 0.064531 0.101944
0 0.219297 0.317361 0.044531 0.066389