0 0.442734 0.667500 0.210156 0.225556
0 0.178437 0.726389 0.141875 0.463333
0 0.305156 0.889722 0.176250 0.220556
0 0.495937 0.839583 0.156250 0.306944
0 0.812031 0.727639 0.060625 0.113056
0 0.519219 0.460833 0.118125 0.223333
0 0.527578 0.333472 0.147031 0.195278
0 0.135078 0.426944 0.082656 0.292222
0 0.217500 0.321250 0.129688 0.249167
0 0.281641 0.321389 0.157344 0.235000
0 0.236016 0.223611 0.115469 0.123333
0 0.442344 0.364444 0.174063 0.161667
0 0.157812 0.341528 0.076875 0.191944
0 0.379062 0.307361 0.162187 0.124722
0 0.248203 0.589722 0.128281 0.307222
0 0.336719 0.504167 0.103125 0.299444
0 0.383516 0.242917 0.124219 0.104722
0 0.798516 0.634306 0.061406 0.140833
0 0.678281 0.668194 0.071250 0.100278
0 0.754844 0.553194 0.072500 0.144722
0 0.747578 0.631667 0.068594 0.116667
0 0.625781 0.351528 0.078750 0.148056
0 0.625859 0.357083 0.077031 0.086944
0 0.573828 0.425556 0.063906 0.118889
0 0.694219 0.419306 0.074063 0.144722
0 0.700859 0.492639 0.099531 0.166389
0 0.433437 0.472222 0.146562 0.239444
0 0.605391 0.955556 0.040781 0.070000
0 0.725625 0.655694 0.061250 0.132500