0 0.501563 0.836111 0.153125 0.305556
0 0.712500 0.290278 0.159375 0.202778
0 0.764062 0.188889 0.121875 0.105556
0 0.357031 0.697222 0.160938 0.100000
0 0.453906 0.331944 0.117188 0.141667
0 0.368750 0.368056 0.071875 0.080556
0 0.425781 0.395833 0.060937 0.047222
0 0.303906 0.436111 0.070312 0.138889
0 0.304688 0.493056 0.084375 0.125000
0 0.557813 0.688889 0.181250 0.227778
0 0.760938 0.594444 0.268750 0.277778
0 0.621094 0.280556 0.182812 0.138889
0 0.728906 0.397222 0.173437 0.211111
0 0.712500 0.919444 0.153125 0.155556
0 0.428906 0.933333 0.104688 0.127778
0 0.283594 0.591667 0.042188 0.144444
0 0.510938 0.479167 0.093750 0.263889
0 0.796875 0.800000 0.165625 0.394444
0 0.525781 0.369444 0.051562 0.094444
0 0.802344 0.291667 0.095312 0.283333
0 0.760156 0.297222 0.092188 0.200000
0 0.604688 0.411111 0.118750 0.205556
0 0.846094 0.326389 0.060937 0.191667
0 0.435937 0.452778 0.071875 0.105556
0 0.585938 0.248611 0.109375 0.113889
0 0.223438 0.619444 0.090625 0.150000
0 0.195312 0.770833 0.068750 0.069444
0 0.250000 0.691667 0.075000 0.105556
0 0.466406 0.358333 0.064062 0.105556