0 0.555469 0.183333 0.157812 0.088889
0 0.560156 0.231944 0.157812 0.113889
0 0.585156 0.322222 0.170313 0.211111
0 0.670312 0.240278 0.081250 0.219444
0 0.733594 0.288889 0.092188 0.272222
0 0.764062 0.243056 0.062500 0.225000
0 0.312500 0.919444 0.184375 0.155556
0 0.378125 0.258333 0.090625 0.150000
0 0.089844 0.515278 0.051562 0.125000
0 0.407031 0.312500 0.117188 0.186111
0 0.559375 0.506944 0.143750 0.363889
0 0.075000 0.638889 0.053125 0.155556
0 0.148438 0.602778 0.103125 0.066667
0 0.680469 0.875000 0.132812 0.244444
0 0.118750 0.759722 0.037500 0.102778
0 0.440625 0.601389 0.115625 0.375000
0 0.354687 0.497222 0.206250 0.244444
0 0.375781 0.630556 0.139063 0.338889
0 0.465625 0.363889 0.096875 0.244444
0 0.291406 0.401389 0.117188 0.269444
0 0.312500 0.197222 0.078125 0.122222
0 0.585156 0.829167 0.201563 0.336111
0 0.243750 0.377778 0.071875 0.111111
0 0.257812 0.666667 0.121875 0.211111
0 0.421094 0.191667 0.126562 0.094444
0 0.287500 0.316667 0.043750 0.066667
0 0.192969 0.754167 0.135937 0.230556
0 0.751563 0.500000 0.103125 0.388889
0 0.207031 0.275000 0.042188 0.105556
0 0.250000 0.233333 0.075000 0.083333
0 0.280469 0.258333 0.095312 0.127778
0 0.121875 0.568056 0.053125 0.108333
0 0.156250 0.673611 0.125000 0.119444