0 0.739922 0.752778 0.175156 0.405556
0 0.740859 0.375139 0.164844 0.351944
0 0.376875 0.802222 0.196250 0.160556
0 0.353125 0.953889 0.215625 0.092222
0 0.514453 0.337778 0.146406 0.293333
0 0.593984 0.315833 0.166719 0.301111
0 0.384609 0.912083 0.265156 0.175833
0 0.561797 0.950417 0.132344 0.099167
0 0.529766 0.185139 0.144844 0.141944
0 0.695312 0.183472 0.163125 0.144167
0 0.669609 0.119861 0.161719 0.127500
0 0.415469 0.264861 0.150313 0.191944
0 0.313203 0.289583 0.091719 0.141944
0 0.345234 0.226667 0.097031 0.076111
0 0.286484 0.690833 0.152344 0.235556
0 0.231953 0.884306 0.160469 0.205278
0 0.100156 0.689306 0.079687 0.198056
0 0.266328 0.353611 0.062031 0.185556
0 0.226641 0.301944 0.073594 0.086111
0 0.244219 0.373056 0.050000 0.150000
0 0.299297 0.488333 0.167656 0.331111
0 0.208516 0.361250 0.060781 0.096389
0 0.185156 0.735139 0.097188 0.208056
0 0.139766 0.847500 0.077031 0.165000
0 0.340938 0.874722 0.171563 0.135556
0 0.436797 0.723889 0.214219 0.345556
0 0.215859 0.412639 0.042344 0.129167
0 0.240156 0.497778 0.062813 0.121111
0 0.153594 0.685556 0.087813 0.148889
0 0.189297 0.406806 0.022344 0.051389
0 0.124453 0.639583 0.047969 0.106389
0 0.120156 0.604167 0.031250 0.048333