0 0.555469 0.183333 0.157812 0.088889
0 0.560156 0.231944 0.157812 0.113889
0 0.585156 0.330556 0.170313 0.227778
0 0.670312 0.240278 0.081250 0.219444
0 0.717969 0.277778 0.070312 0.250000
0 0.764062 0.243056 0.062500 0.225000
0 0.113281 0.772222 0.064062 0.105556
0 0.296875 0.722222 0.100000 0.333333
0 0.307812 0.443056 0.150000 0.208333
0 0.237500 0.311111 0.046875 0.088889
0 0.407031 0.634722 0.085938 0.363889
0 0.485156 0.361111 0.126562 0.238889
0 0.387500 0.277778 0.137500 0.155556
0 0.714844 0.823611 0.145313 0.347222
0 0.360156 0.229167 0.089063 0.108333
0 0.407031 0.320833 0.151562 0.175000
0 0.475000 0.606944 0.090625 0.352778
0 0.753906 0.505556 0.085938 0.388889
0 0.233594 0.394444 0.057813 0.166667
0 0.315625 0.509722 0.121875 0.191667
0 0.207031 0.287500 0.042188 0.080556
0 0.438281 0.173611 0.123438 0.136111
0 0.240625 0.652778 0.121875 0.222222
0 0.521875 0.768056 0.193750 0.402778
0 0.101562 0.543056 0.071875 0.130556
0 0.326562 0.200000 0.134375 0.194444
0 0.164844 0.577778 0.057813 0.111111
0 0.178125 0.763889 0.106250 0.272222
0 0.072656 0.644444 0.107813 0.127778
0 0.142187 0.668056 0.087500 0.097222