0 0.558359 0.173333 0.163594 0.092222
0 0.563203 0.223750 0.163594 0.118056
0 0.589141 0.325833 0.176406 0.236111
0 0.677422 0.232361 0.084219 0.227500
0 0.726719 0.271250 0.072813 0.259167
0 0.774531 0.235139 0.064687 0.233056
0 0.105156 0.649444 0.069687 0.146667
0 0.404609 0.302917 0.121406 0.184167
0 0.060469 0.648194 0.055000 0.149722
0 0.147109 0.560417 0.085781 0.100833
0 0.129297 0.783611 0.111719 0.126667
0 0.352734 0.461111 0.176406 0.161111
0 0.317969 0.917639 0.207187 0.164722
0 0.386719 0.649583 0.118125 0.376944
0 0.479141 0.360278 0.127969 0.253333
0 0.376172 0.281250 0.139219 0.152500
0 0.300234 0.444028 0.145781 0.195833
0 0.339062 0.295556 0.116562 0.192778
0 0.485469 0.613611 0.170000 0.362778
0 0.419141 0.187639 0.131094 0.086389
0 0.758281 0.507083 0.116562 0.403056
0 0.237813 0.391944 0.072813 0.172778
0 0.261328 0.651111 0.155469 0.224444
0 0.197344 0.268333 0.043750 0.109444
0 0.343750 0.861111 0.207187 0.253333
0 0.340703 0.564861 0.155469 0.230278
0 0.313828 0.210833 0.105156 0.109444
0 0.235469 0.235139 0.061562 0.106389
0 0.205469 0.327361 0.037187 0.071944