0 0.723281 0.816111 0.170000 0.367778
0 0.777734 0.407639 0.120469 0.395833
0 0.396641 0.793333 0.239219 0.293333
0 0.336328 0.866806 0.221094 0.246389
0 0.305859 0.949444 0.232656 0.101111
0 0.526953 0.334306 0.140156 0.278611
0 0.615156 0.328472 0.112187 0.290278
0 0.692812 0.303611 0.158438 0.275556
0 0.750469 0.299306 0.128750 0.266944
0 0.564063 0.187778 0.141875 0.126111
0 0.727344 0.186389 0.178125 0.135000
0 0.713359 0.143750 0.163281 0.067500
0 0.427969 0.222917 0.153438 0.161389
0 0.360234 0.168750 0.110469 0.058611
0 0.333047 0.227222 0.108906 0.117222
0 0.280312 0.589444 0.165000 0.178889
0 0.183828 0.888750 0.156719 0.202500
0 0.087266 0.580833 0.098906 0.190556
0 0.133516 0.720278 0.102344 0.228889
0 0.157422 0.595278 0.097344 0.149444
0 0.304219 0.432639 0.183125 0.216944
0 0.271953 0.290417 0.062656 0.161389
0 0.248906 0.259583 0.059375 0.099722
0 0.232344 0.212778 0.065938 0.105556
0 0.187109 0.312500 0.021406 0.064444
0 0.219219 0.283194 0.052812 0.099722
0 0.271953 0.202500 0.069219 0.061667
0 0.198594 0.362222 0.018125 0.052778
0 0.231563 0.388611 0.047813 0.187778