0 0.542266 0.177083 0.161094 0.109167
0 0.548984 0.224861 0.162031 0.134167
0 0.569609 0.305833 0.190469 0.220556
0 0.659062 0.218889 0.090000 0.229444
0 0.724141 0.257639 0.102969 0.280833
0 0.752812 0.209306 0.071563 0.232500
0 0.330313 0.926528 0.190312 0.146944
0 0.364922 0.301806 0.130781 0.163056
0 0.106797 0.612639 0.052969 0.155833
0 0.399609 0.325139 0.124531 0.200833
0 0.553281 0.500000 0.145937 0.380000
0 0.071719 0.696528 0.041875 0.151389
0 0.150469 0.665417 0.100312 0.139722
0 0.695469 0.850556 0.142500 0.261111
0 0.143359 0.834861 0.088906 0.163056
0 0.444922 0.609028 0.130781 0.389167
0 0.362422 0.565278 0.142344 0.332778
0 0.371484 0.651806 0.139219 0.368056
0 0.448516 0.370417 0.114531 0.257500
0 0.409531 0.206944 0.128438 0.107778
0 0.287891 0.428611 0.127969 0.283889
0 0.297266 0.294028 0.109531 0.176944
0 0.676406 0.541111 0.171563 0.512778
0 0.223672 0.428889 0.042344 0.085556
0 0.275469 0.260556 0.046250 0.069444
0 0.286172 0.632222 0.147969 0.203889
0 0.205156 0.797361 0.127188 0.303056
0 0.185703 0.341806 0.056406 0.125833
0 0.231562 0.242500 0.064375 0.096667
0 0.212656 0.314583 0.059062 0.118056
0 0.129844 0.585833 0.036562 0.095556