0 0.289844 0.811111 0.160938 0.372222
0 0.238281 0.412500 0.114062 0.375000
0 0.586719 0.766667 0.226562 0.300000
0 0.656250 0.847222 0.209375 0.233333
0 0.685156 0.937500 0.220312 0.119444
0 0.475781 0.343056 0.132812 0.263889
0 0.392188 0.337500 0.106250 0.275000
0 0.318750 0.313889 0.150000 0.261111
0 0.264062 0.309722 0.121875 0.252778
0 0.440625 0.204167 0.134375 0.119444
0 0.285156 0.202778 0.167187 0.133333
0 0.297656 0.163889 0.157812 0.066667
0 0.567969 0.233333 0.142187 0.144444
0 0.633594 0.186111 0.104688 0.055556
0 0.659375 0.241667 0.103125 0.111111
0 0.712500 0.593056 0.156250 0.175000
0 0.800781 0.845833 0.132812 0.180556
0 0.918750 0.565278 0.078125 0.175000
0 0.846094 0.602778 0.104688 0.150000
0 0.689844 0.431944 0.164062 0.213889
0 0.709375 0.288889 0.050000 0.138889
0 0.730469 0.258333 0.032813 0.055556
0 0.754687 0.227778 0.062500 0.100000
0 0.796875 0.325000 0.018750 0.061111
0 0.767969 0.301389 0.048438 0.086111
0 0.717187 0.218056 0.065625 0.058333
0 0.778906 0.379167 0.026562 0.063889
0 0.746094 0.373611 0.060937 0.191667
0 0.868750 0.765278 0.075000 0.158333
0 0.883594 0.538889 0.029687 0.061111
0 0.883594 0.509722 0.014063 0.030556