0 0.289844 0.811111 0.160938 0.372222
0 0.238281 0.412500 0.114062 0.375000
0 0.586719 0.766667 0.226562 0.300000
0 0.656250 0.847222 0.209375 0.233333
0 0.685156 0.937500 0.220312 0.119444
0 0.475781 0.343056 0.132812 0.263889
0 0.392188 0.337500 0.106250 0.275000
0 0.317969 0.306944 0.148438 0.225000
0 0.263281 0.316667 0.129688 0.261111
0 0.440625 0.204167 0.134375 0.119444
0 0.287500 0.209722 0.171875 0.130556
0 0.295312 0.161111 0.156250 0.083333
0 0.567969 0.236111 0.145313 0.144444
0 0.657031 0.245833 0.098437 0.102778
0 0.628125 0.187500 0.100000 0.063889
0 0.702344 0.565278 0.179688 0.241667
0 0.820312 0.837500 0.150000 0.191667
0 0.921875 0.612500 0.040625 0.102778
0 0.717187 0.316667 0.068750 0.183333
0 0.736719 0.315278 0.017188 0.075000
0 0.756250 0.238889 0.065625 0.105556
0 0.796094 0.323611 0.020313 0.069444
0 0.749219 0.302778 0.042188 0.138889
0 0.710156 0.208333 0.060937 0.050000
0 0.707031 0.406944 0.117188 0.258333
0 0.847656 0.655556 0.126562 0.244444
0 0.883594 0.765278 0.060937 0.102778
0 0.910156 0.509722 0.051562 0.152778
0 0.892969 0.587500 0.064062 0.180556
0 0.781250 0.344444 0.031250 0.111111
0 0.764062 0.431944 0.043750 0.097222