0 0.544063 0.177639 0.160625 0.106389
0 0.550469 0.225694 0.161562 0.131389
0 0.578750 0.312917 0.177500 0.229722
0 0.660703 0.221528 0.088906 0.228056
0 0.725703 0.262917 0.101719 0.281944
0 0.754375 0.213889 0.070312 0.231667
0 0.109844 0.599722 0.047188 0.148889
0 0.327734 0.925833 0.189531 0.148333
0 0.361484 0.281667 0.113594 0.178333
0 0.400547 0.323333 0.123594 0.198889
0 0.559453 0.500278 0.156406 0.379444
0 0.080938 0.689167 0.058125 0.150000
0 0.153359 0.615556 0.094219 0.118333
0 0.151719 0.812083 0.111875 0.134167
0 0.444375 0.607778 0.128750 0.387222
0 0.352344 0.530556 0.161250 0.255556
0 0.380703 0.644167 0.150781 0.353889
0 0.460781 0.367917 0.105313 0.254722
0 0.296250 0.450556 0.145313 0.242778
0 0.324766 0.305556 0.107656 0.188889
0 0.716641 0.758194 0.152969 0.411944
0 0.410313 0.201250 0.129688 0.108611
0 0.231094 0.732083 0.108750 0.263611
0 0.251953 0.413889 0.083281 0.202778
0 0.290547 0.643194 0.116406 0.217500
0 0.750625 0.460694 0.115937 0.377500
0 0.199609 0.308333 0.045781 0.110000
0 0.216250 0.268889 0.026875 0.055556
0 0.274141 0.267917 0.105156 0.163611