0 0.576875 0.197639 0.162812 0.122500
0 0.578203 0.247083 0.164531 0.147500
0 0.596250 0.350417 0.184688 0.263056
0 0.686953 0.279444 0.095781 0.235556
0 0.731641 0.326944 0.087031 0.263333
0 0.779844 0.302639 0.077500 0.236944
0 0.111016 0.558750 0.076406 0.155278
0 0.421016 0.289583 0.128594 0.201944
0 0.068359 0.548056 0.062656 0.155000
0 0.157266 0.481944 0.088906 0.114444
0 0.125391 0.691806 0.115469 0.144722
0 0.360781 0.430139 0.179688 0.191389
0 0.296563 0.868056 0.210625 0.217222
0 0.380859 0.618056 0.138281 0.386111
0 0.488438 0.360278 0.139375 0.269444
0 0.395234 0.262917 0.143594 0.175278
0 0.311641 0.402639 0.152656 0.218056
0 0.358672 0.268750 0.124531 0.209167
0 0.477891 0.604306 0.187031 0.383056
0 0.442578 0.182361 0.131406 0.110278
0 0.746094 0.559722 0.138437 0.410556
0 0.255312 0.339861 0.081250 0.180833
0 0.260469 0.593056 0.163750 0.247778
0 0.224766 0.212778 0.049219 0.113889
0 0.325625 0.811389 0.215313 0.286111
0 0.342266 0.526944 0.164219 0.253333
0 0.340312 0.182361 0.108125 0.126944
0 0.263516 0.189167 0.066094 0.115000
0 0.228672 0.271111 0.040469 0.076667