0 0.699141 0.785556 0.134219 0.340000
0 0.730469 0.444306 0.122812 0.291944
0 0.428594 0.717222 0.192812 0.325000
0 0.367188 0.772917 0.172812 0.157500
0 0.334375 0.894861 0.195625 0.121944
0 0.525625 0.357778 0.115625 0.241111
0 0.596250 0.356528 0.128438 0.243611
0 0.603438 0.436528 0.145625 0.261389
0 0.552734 0.223333 0.121406 0.098889
0 0.701172 0.262778 0.147031 0.101667
0 0.682031 0.196667 0.142813 0.081111
0 0.442031 0.267778 0.125625 0.142222
0 0.357187 0.266667 0.075625 0.093889
0 0.388516 0.227083 0.078594 0.060833
0 0.293594 0.624306 0.125625 0.185278
0 0.190156 0.782917 0.135625 0.208056
0 0.300078 0.314722 0.044219 0.160000
0 0.267969 0.253889 0.062813 0.053333
0 0.277969 0.332500 0.040000 0.134444
0 0.244453 0.308333 0.058594 0.076111
0 0.323516 0.444167 0.139844 0.271667
0 0.196563 0.638472 0.080000 0.172500
0 0.146562 0.732361 0.040000 0.121944
0 0.130156 0.517778 0.050000 0.088889
0 0.347891 0.846528 0.194219 0.157500
0 0.249297 0.357917 0.031406 0.119167
0 0.264297 0.442778 0.044219 0.081111
0 0.176484 0.555833 0.071406 0.088889
0 0.132266 0.576250 0.071406 0.154722