0 0.726641 0.815694 0.152344 0.368611
0 0.758984 0.437083 0.145781 0.331389
0 0.529687 0.339028 0.131250 0.273611
0 0.609141 0.337778 0.144219 0.276667
0 0.344922 0.899444 0.267344 0.155556
0 0.519922 0.972778 0.127969 0.054444
0 0.296406 0.487500 0.147500 0.265000
0 0.729844 0.223889 0.158750 0.141111
0 0.697500 0.173472 0.191250 0.115278
0 0.433359 0.241111 0.142656 0.170000
0 0.318281 0.241111 0.087500 0.112222
0 0.365156 0.187917 0.097188 0.069167
0 0.258359 0.648889 0.142656 0.172778
0 0.197578 0.827361 0.144219 0.149722
0 0.072656 0.604167 0.063125 0.158333
0 0.279297 0.278472 0.048594 0.164167
0 0.237188 0.226806 0.071250 0.071944
0 0.248594 0.305972 0.035625 0.149722
0 0.212031 0.283056 0.063125 0.092222
0 0.298828 0.388056 0.142656 0.250556
0 0.160234 0.665972 0.098906 0.213056
0 0.105234 0.772778 0.072969 0.167222
0 0.324766 0.808611 0.178281 0.123889
0 0.316562 0.952639 0.210625 0.094722
0 0.345781 0.772500 0.200937 0.126667
0 0.216172 0.339167 0.032344 0.123889
0 0.419609 0.723611 0.212344 0.311111
0 0.232422 0.431389 0.048594 0.095000
0 0.130312 0.605556 0.087500 0.155556
0 0.190234 0.331806 0.022656 0.069167
0 0.105938 0.578333 0.051875 0.123889
0 0.094609 0.507639 0.029219 0.040278