0 0.714063 0.805417 0.144375 0.365833
0 0.747734 0.438056 0.132031 0.313889
0 0.423125 0.731667 0.207187 0.349444
0 0.357109 0.791528 0.185781 0.169167
0 0.321719 0.922500 0.210312 0.131111
0 0.527500 0.345417 0.124375 0.259167
0 0.603437 0.344028 0.138125 0.261944
0 0.694063 0.338611 0.125937 0.212778
0 0.511328 0.959444 0.135156 0.057222
0 0.556641 0.200694 0.130469 0.106389
0 0.716250 0.242917 0.158125 0.109167
0 0.695469 0.171944 0.153438 0.087222
0 0.436172 0.248333 0.132031 0.152778
0 0.345547 0.247222 0.082969 0.101111
0 0.377031 0.196667 0.087500 0.054444
0 0.278047 0.631806 0.135156 0.199167
0 0.176797 0.800972 0.135156 0.166389
0 0.093750 0.607361 0.049062 0.139167
0 0.284922 0.299028 0.047656 0.171944
0 0.250312 0.233333 0.067500 0.057222
0 0.258828 0.316806 0.041406 0.147500
0 0.225078 0.292083 0.062969 0.081944
0 0.306406 0.438194 0.142813 0.291944
0 0.175937 0.648194 0.084375 0.204722
0 0.123047 0.746528 0.061406 0.144722
0 0.119922 0.532222 0.046094 0.098333
0 0.336406 0.870694 0.208750 0.169167
0 0.228203 0.339722 0.029219 0.117222
0 0.248125 0.439444 0.050625 0.092778
0 0.147578 0.566389 0.061406 0.117222