0 0.554688 0.163889 0.150000 0.050000
0 0.579688 0.231944 0.118750 0.113889
0 0.596875 0.322222 0.162500 0.211111
0 0.670312 0.240278 0.081250 0.219444
0 0.733594 0.287500 0.092188 0.269444
0 0.764062 0.243056 0.062500 0.225000
0 0.067187 0.641667 0.056250 0.155556
0 0.103125 0.544444 0.043750 0.133333
0 0.144531 0.636111 0.104688 0.161111
0 0.142969 0.800000 0.085938 0.161111
0 0.307812 0.919444 0.190625 0.155556
0 0.502344 0.951389 0.067187 0.091667
0 0.299219 0.556944 0.148438 0.186111
0 0.305469 0.313889 0.098437 0.172222
0 0.259375 0.662500 0.112500 0.202778
0 0.366406 0.276389 0.123438 0.163889
0 0.392969 0.295833 0.110937 0.175000
0 0.495312 0.338889 0.128125 0.216667
0 0.418750 0.345833 0.071875 0.180556
0 0.519531 0.506944 0.173437 0.247222
0 0.439063 0.597222 0.121875 0.355556
0 0.682813 0.883333 0.150000 0.227778
0 0.715625 0.694444 0.146875 0.450000
0 0.464844 0.213889 0.123438 0.150000
0 0.246875 0.236111 0.071875 0.077778
0 0.289062 0.262500 0.081250 0.086111
0 0.336719 0.201389 0.070312 0.052778
0 0.399219 0.197222 0.045312 0.055556
0 0.300781 0.447222 0.139063 0.244444
0 0.241406 0.391667 0.070312 0.144444
0 0.194531 0.300000 0.048438 0.072222