0 0.717187 0.811111 0.146875 0.372222
0 0.753906 0.431944 0.129688 0.308333
0 0.527344 0.343056 0.126562 0.263889
0 0.603906 0.336111 0.139063 0.255556
0 0.371875 0.876389 0.231250 0.191667
0 0.517969 0.962500 0.123438 0.069444
0 0.197656 0.736111 0.117188 0.188889
0 0.720313 0.251389 0.153125 0.147222
0 0.689063 0.183333 0.184375 0.111111
0 0.434375 0.248611 0.137500 0.163889
0 0.324219 0.248611 0.085938 0.113889
0 0.371094 0.195833 0.092188 0.063889
0 0.308594 0.423611 0.157812 0.269444
0 0.192188 0.844444 0.109375 0.188889
0 0.092188 0.588889 0.062500 0.161111
0 0.289844 0.283333 0.048438 0.150000
0 0.245312 0.234722 0.068750 0.069444
0 0.259375 0.279167 0.037500 0.080556
0 0.221875 0.287500 0.056250 0.086111
0 0.232813 0.352778 0.078125 0.111111
0 0.150781 0.644444 0.110937 0.177778
0 0.117969 0.761111 0.070312 0.161111
0 0.528125 0.623611 0.221875 0.319444
0 0.312500 0.926389 0.193750 0.141667
0 0.342969 0.777778 0.223438 0.177778
0 0.242969 0.661111 0.117188 0.233333
0 0.225000 0.351389 0.037500 0.147222
0 0.241406 0.434722 0.048438 0.097222
0 0.200781 0.338889 0.023438 0.055556
0 0.120313 0.561111 0.043750 0.094444
0 0.111719 0.505556 0.029687 0.038889
0 0.145313 0.579167 0.034375 0.047222