0 0.710156 0.811111 0.160938 0.372222
0 0.761719 0.412500 0.114062 0.375000
0 0.413281 0.766667 0.226562 0.300000
0 0.343750 0.847222 0.209375 0.233333
0 0.314844 0.937500 0.220312 0.119444
0 0.524219 0.343056 0.132812 0.263889
0 0.607812 0.337500 0.106250 0.275000
0 0.681250 0.313889 0.150000 0.261111
0 0.733594 0.311111 0.120313 0.250000
0 0.559375 0.204167 0.134375 0.119444
0 0.711719 0.208333 0.167187 0.133333
0 0.699219 0.165278 0.157812 0.080556
0 0.431250 0.237500 0.143750 0.141667
0 0.371094 0.188889 0.095312 0.050000
0 0.340625 0.241667 0.103125 0.111111
0 0.277344 0.600000 0.145313 0.172222
0 0.199219 0.845833 0.132812 0.180556
0 0.094531 0.579167 0.073438 0.175000
0 0.347656 0.436111 0.164062 0.200000
0 0.290625 0.290278 0.053125 0.125000
0 0.269531 0.277778 0.048438 0.127778
0 0.242969 0.230556 0.067187 0.105556
0 0.203906 0.326389 0.020313 0.058333
0 0.241406 0.290278 0.064062 0.102778
0 0.286719 0.215278 0.067187 0.063889
0 0.245312 0.379167 0.062500 0.125000
0 0.292187 0.423611 0.118750 0.258333
0 0.124219 0.763889 0.076563 0.150000
0 0.116406 0.520833 0.014063 0.030556
0 0.184375 0.691667 0.134375 0.194444
0 0.117969 0.570833 0.042188 0.097222
0 0.232031 0.443056 0.029687 0.075000