0 0.555859 0.183333 0.157969 0.088889
0 0.560547 0.231944 0.157969 0.113889
0 0.585547 0.330556 0.170469 0.227778
0 0.670625 0.240278 0.081250 0.219444
0 0.718281 0.277778 0.070312 0.250000
0 0.764375 0.243056 0.062500 0.225000
0 0.117969 0.643333 0.067187 0.141667
0 0.312734 0.911667 0.184531 0.172222
0 0.407188 0.312500 0.117188 0.186111
0 0.075000 0.641944 0.053125 0.144444
0 0.158594 0.560000 0.082812 0.091667
0 0.141406 0.772500 0.107813 0.122222
0 0.365000 0.475278 0.126562 0.172222
0 0.390000 0.643472 0.114062 0.364167
0 0.479063 0.363889 0.123438 0.244444
0 0.384531 0.281944 0.125000 0.158333
0 0.300937 0.451667 0.135937 0.241667
0 0.337656 0.293056 0.112500 0.163889
0 0.303281 0.391944 0.131250 0.200000
0 0.485391 0.608750 0.164219 0.350278
0 0.421250 0.191667 0.126562 0.094444
0 0.748750 0.505972 0.112500 0.389167
0 0.259531 0.346111 0.053125 0.091667
0 0.272813 0.661389 0.126562 0.227778
0 0.207187 0.275000 0.042188 0.105556
0 0.228281 0.401667 0.050000 0.158333
0 0.343984 0.847500 0.212656 0.244444
0 0.315781 0.597500 0.115625 0.222222
0 0.250937 0.234722 0.082812 0.086111
0 0.319688 0.219444 0.101562 0.105556