0 0.444531 0.183333 0.157812 0.088889
0 0.439844 0.231944 0.157812 0.113889
0 0.422656 0.319444 0.182812 0.205556
0 0.329688 0.240278 0.081250 0.219444
0 0.266406 0.287500 0.092188 0.269444
0 0.235937 0.243056 0.062500 0.225000
0 0.845313 0.675000 0.078125 0.188889
0 0.692187 0.919444 0.190625 0.155556
0 0.626563 0.284722 0.125000 0.147222
0 0.892188 0.544444 0.040625 0.116667
0 0.592969 0.312500 0.117188 0.186111
0 0.446875 0.506944 0.131250 0.363889
0 0.935156 0.640278 0.035937 0.147222
0 0.773438 0.388889 0.043750 0.172222
0 0.911719 0.659722 0.048438 0.208333
0 0.317188 0.883333 0.150000 0.227778
0 0.687500 0.527778 0.178125 0.244444
0 0.559375 0.601389 0.115625 0.375000
0 0.854688 0.601389 0.081250 0.119444
0 0.639062 0.645833 0.131250 0.330556
0 0.546094 0.363889 0.104688 0.244444
0 0.577344 0.188889 0.120313 0.077778
0 0.671094 0.262500 0.129688 0.219444
0 0.318750 0.548611 0.221875 0.280556
0 0.792188 0.256944 0.075000 0.175000
0 0.708594 0.240278 0.051562 0.069444
0 0.691406 0.412500 0.129688 0.197222
0 0.786719 0.691667 0.114062 0.300000
0 0.787500 0.276389 0.106250 0.158333
0 0.875781 0.541667 0.035937 0.105556