0 0.736094 0.763750 0.170313 0.400278
0 0.754219 0.383889 0.137500 0.341667
0 0.437812 0.759167 0.231875 0.380556
0 0.369062 0.826667 0.210000 0.212778
0 0.347578 0.938472 0.221406 0.123056
0 0.516875 0.338333 0.143125 0.288333
0 0.596719 0.320417 0.123125 0.286944
0 0.675781 0.268889 0.173125 0.235000
0 0.536406 0.183472 0.135625 0.129167
0 0.698984 0.167500 0.166406 0.132778
0 0.677031 0.121806 0.165000 0.110833
0 0.418828 0.259583 0.139844 0.192500
0 0.328516 0.274444 0.080781 0.133889
0 0.349375 0.210000 0.102188 0.086667
0 0.284375 0.687778 0.149063 0.216111
0 0.209063 0.811389 0.162812 0.287222
0 0.101953 0.665972 0.077031 0.193056
0 0.414766 0.270139 0.138906 0.178611
0 0.258672 0.347778 0.047656 0.165000
0 0.222422 0.299444 0.062656 0.113889
0 0.195391 0.390417 0.028906 0.065833
0 0.237969 0.368889 0.046875 0.153889
0 0.265234 0.268194 0.081406 0.095833
0 0.299766 0.469167 0.158281 0.310556
0 0.177266 0.721667 0.093906 0.193889
0 0.142187 0.845000 0.085312 0.178333
0 0.285000 0.317083 0.054688 0.177500
0 0.353125 0.899861 0.205313 0.200278
0 0.213828 0.396389 0.040781 0.131111
0 0.237891 0.486528 0.052656 0.100833
0 0.140469 0.630000 0.080937 0.112222