0 0.536875 0.174861 0.162187 0.117500
0 0.544297 0.222222 0.163594 0.142222
0 0.574453 0.307500 0.181719 0.241111
0 0.654297 0.210417 0.093594 0.233056
0 0.720156 0.247222 0.107500 0.287778
0 0.747734 0.195972 0.075156 0.235278
0 0.112344 0.627361 0.050313 0.151389
0 0.337969 0.928611 0.192500 0.142778
0 0.356719 0.291944 0.116875 0.185556
0 0.396641 0.330556 0.127344 0.206667
0 0.559375 0.496111 0.164062 0.388333
0 0.085469 0.718889 0.061250 0.153333
0 0.156328 0.640278 0.096406 0.124444
0 0.159219 0.836528 0.114375 0.141389
0 0.446797 0.611806 0.136719 0.394167
0 0.353125 0.541250 0.166250 0.265833
0 0.383984 0.652639 0.157969 0.362500
0 0.457969 0.370972 0.110625 0.260833
0 0.295312 0.465000 0.150000 0.251667
0 0.320547 0.318056 0.111406 0.195556
0 0.717812 0.733472 0.147500 0.420833
0 0.403672 0.207778 0.131406 0.117222
0 0.236641 0.750972 0.114219 0.269722
0 0.250156 0.431528 0.087500 0.207500
0 0.293984 0.658056 0.120781 0.224444
0 0.749609 0.442639 0.123906 0.383611
0 0.195469 0.330000 0.048125 0.112778
0 0.214453 0.277639 0.032656 0.058056
0 0.268984 0.284306 0.108281 0.170278