0 0.557813 0.183333 0.150000 0.088889
0 0.572656 0.231944 0.132812 0.113889
0 0.592187 0.322222 0.168750 0.211111
0 0.670312 0.240278 0.081250 0.219444
0 0.733594 0.287500 0.092188 0.269444
0 0.764062 0.243056 0.062500 0.225000
0 0.067187 0.641667 0.056250 0.155556
0 0.103125 0.544444 0.043750 0.133333
0 0.142969 0.800000 0.085938 0.161111
0 0.307812 0.919444 0.190625 0.155556
0 0.306250 0.545833 0.162500 0.158333
0 0.257031 0.683333 0.120313 0.244444
0 0.366406 0.276389 0.123438 0.163889
0 0.327344 0.677778 0.129688 0.277778
0 0.153906 0.637500 0.110937 0.130556
0 0.416406 0.393056 0.076563 0.252778
0 0.120313 0.520833 0.053125 0.086111
0 0.410938 0.302778 0.125000 0.166667
0 0.558594 0.506944 0.142187 0.363889
0 0.246094 0.383333 0.070312 0.183333
0 0.465625 0.226389 0.103125 0.186111
0 0.672656 0.715278 0.223438 0.286111
0 0.682813 0.883333 0.150000 0.227778
0 0.444531 0.594444 0.117188 0.355556
0 0.226562 0.384722 0.050000 0.102778
0 0.337500 0.229167 0.053125 0.175000
0 0.420312 0.201389 0.125000 0.102778
0 0.244531 0.261111 0.051562 0.105556
0 0.299219 0.422222 0.135937 0.227778
0 0.282813 0.225000 0.071875 0.111111