0 0.737109 0.818750 0.160156 0.362500
0 0.771250 0.432917 0.153438 0.348611
0 0.530000 0.329722 0.138125 0.287778
0 0.613516 0.328194 0.151719 0.290833
0 0.366406 0.902500 0.315312 0.160556
0 0.527422 0.983889 0.139844 0.032222
0 0.559844 0.169028 0.150000 0.118056
0 0.738828 0.213194 0.170469 0.115278
0 0.716641 0.137361 0.170469 0.096944
0 0.428594 0.226944 0.150000 0.178889
0 0.316875 0.222222 0.090312 0.133333
0 0.356953 0.166250 0.102344 0.063611
0 0.252969 0.648056 0.150000 0.221111
0 0.177031 0.841806 0.161875 0.184722
0 0.051875 0.595000 0.071563 0.200000
0 0.260625 0.278194 0.052812 0.190833
0 0.222344 0.211528 0.075000 0.075833
0 0.232500 0.293333 0.040938 0.154444
0 0.286172 0.432917 0.151719 0.324167
0 0.197656 0.270694 0.059688 0.090833
0 0.143047 0.681389 0.107344 0.227222
0 0.083359 0.785972 0.076719 0.175833
0 0.333984 0.837500 0.144844 0.072778
0 0.289687 0.939861 0.243750 0.120278
0 0.345000 0.782778 0.194375 0.127222
0 0.201016 0.328333 0.035781 0.133333
0 0.219687 0.426806 0.059688 0.118056
0 0.418359 0.704028 0.214844 0.284722
0 0.105547 0.605694 0.076719 0.148611
0 0.171172 0.317639 0.017031 0.051389
0 0.083437 0.575139 0.052812 0.130278
0 0.072344 0.499583 0.030625 0.051389