0 0.555937 0.184028 0.158438 0.089167
0 0.560625 0.232639 0.158438 0.114167
0 0.585625 0.331806 0.170938 0.228611
0 0.671094 0.241250 0.081563 0.220278
0 0.719063 0.278750 0.070625 0.250833
0 0.765234 0.244028 0.062656 0.225833
0 0.127031 0.787500 0.072188 0.142222
0 0.228828 0.894722 0.153594 0.183889
0 0.326172 0.809861 0.122344 0.365278
0 0.232891 0.320417 0.061094 0.111389
0 0.406875 0.637083 0.086250 0.365278
0 0.492422 0.362361 0.141094 0.217500
0 0.368516 0.268889 0.116094 0.192222
0 0.715859 0.826111 0.145781 0.347778
0 0.352031 0.234167 0.067500 0.128333
0 0.446875 0.274583 0.072188 0.097500
0 0.475156 0.609306 0.090938 0.354167
0 0.755000 0.507361 0.086250 0.390278
0 0.278359 0.300972 0.032969 0.100278
0 0.289219 0.563056 0.098750 0.172778
0 0.217891 0.271806 0.065781 0.108611
0 0.433516 0.169861 0.127031 0.111389
0 0.199844 0.709444 0.108125 0.309444
0 0.519922 0.755417 0.199219 0.412500
0 0.119922 0.512917 0.048594 0.066944
0 0.315156 0.220139 0.078438 0.094722
0 0.347344 0.390278 0.164688 0.284444
0 0.264922 0.387639 0.062656 0.217500
0 0.228203 0.413889 0.045469 0.158889
0 0.427344 0.824722 0.177187 0.350556
0 0.086250 0.668889 0.097188 0.195000
0 0.154453 0.641250 0.136406 0.200833