0 0.431953 0.691111 0.193906 0.257222
0 0.155859 0.707083 0.134844 0.476389
0 0.283984 0.893750 0.193906 0.212500
0 0.488750 0.846944 0.152812 0.306111
0 0.822422 0.768333 0.060781 0.113889
0 0.442734 0.499722 0.179219 0.301111
0 0.520781 0.463056 0.125000 0.222222
0 0.537266 0.330000 0.147969 0.190000
0 0.119687 0.386944 0.075625 0.315556
0 0.210859 0.283194 0.129844 0.242500
0 0.277422 0.290694 0.161094 0.228056
0 0.229766 0.185417 0.118281 0.116944
0 0.444375 0.360833 0.182500 0.157778
0 0.146719 0.300972 0.077187 0.195833
0 0.381016 0.287639 0.167656 0.116944
0 0.237188 0.555000 0.113437 0.324444
0 0.330000 0.501111 0.095312 0.327222
0 0.390859 0.218889 0.118281 0.102222
0 0.810156 0.671944 0.062500 0.137222
0 0.682578 0.692361 0.073906 0.096389
0 0.768984 0.579861 0.072344 0.151944
0 0.757500 0.661806 0.069062 0.116944
0 0.637422 0.356528 0.078906 0.149167
0 0.637422 0.362083 0.078906 0.084722
0 0.580781 0.429306 0.064062 0.119722
0 0.707266 0.433889 0.073906 0.146111
0 0.712344 0.511389 0.100312 0.166667
0 0.592266 0.944861 0.083906 0.110278
0 0.736094 0.694028 0.055937 0.116944