0 0.552813 0.200833 0.149063 0.083889
0 0.557187 0.246806 0.149063 0.107500
0 0.580937 0.340139 0.160938 0.215278
0 0.661328 0.254722 0.076719 0.207222
0 0.706328 0.290278 0.066406 0.236111
0 0.749844 0.257361 0.059062 0.212500
0 0.138047 0.744028 0.045781 0.110278
0 0.255469 0.860833 0.191875 0.207222
0 0.248750 0.329444 0.057500 0.105000
0 0.442109 0.618333 0.140156 0.362222
0 0.487187 0.381944 0.144687 0.210000
0 0.397188 0.279583 0.112187 0.136389
0 0.703359 0.805694 0.137344 0.328056
0 0.366875 0.250972 0.063438 0.110278
0 0.419219 0.320417 0.126875 0.165278
0 0.290937 0.624722 0.118125 0.217778
0 0.740313 0.505278 0.081250 0.367222
0 0.289375 0.302083 0.059062 0.081389
0 0.620703 0.675972 0.152031 0.346389
0 0.234766 0.283611 0.062031 0.102222
0 0.439922 0.207500 0.121094 0.086667
0 0.227422 0.685139 0.097344 0.291389
0 0.518906 0.728333 0.187500 0.367222
0 0.137422 0.506528 0.062031 0.118056
0 0.326250 0.235139 0.073750 0.089167
0 0.323359 0.442500 0.129844 0.246667
0 0.311484 0.354583 0.103281 0.223056
0 0.244375 0.417500 0.042812 0.149444
0 0.146172 0.547361 0.056094 0.125833
0 0.108594 0.632639 0.075313 0.165278
0 0.183828 0.578750 0.072344 0.136389