0 0.717187 0.811111 0.146875 0.372222
0 0.761719 0.437500 0.114062 0.319444
0 0.421094 0.736111 0.210938 0.355556
0 0.353906 0.797222 0.189062 0.172222
0 0.317969 0.930556 0.214062 0.133333
0 0.527344 0.343056 0.126562 0.263889
0 0.604688 0.341667 0.140625 0.266667
0 0.703125 0.368056 0.103125 0.258333
0 0.510938 0.968056 0.137500 0.058333
0 0.557031 0.195833 0.132812 0.108333
0 0.719531 0.238889 0.160938 0.111111
0 0.698438 0.166667 0.156250 0.088889
0 0.434375 0.244444 0.134375 0.155556
0 0.342187 0.243056 0.084375 0.102778
0 0.375000 0.193056 0.096875 0.052778
0 0.273438 0.634722 0.137500 0.202778
0 0.168750 0.831944 0.134375 0.191667
0 0.086719 0.595833 0.048438 0.158333
0 0.280469 0.295833 0.048438 0.175000
0 0.245312 0.233333 0.068750 0.066667
0 0.206250 0.334722 0.021875 0.052778
0 0.255469 0.312500 0.039062 0.147222
0 0.302344 0.437500 0.145313 0.297222
0 0.215625 0.281944 0.068750 0.075000
0 0.170313 0.658333 0.090625 0.211111
0 0.112500 0.751389 0.056250 0.147222
0 0.332813 0.865278 0.206250 0.180556
0 0.222656 0.337500 0.029687 0.119444
0 0.242969 0.438889 0.051562 0.094444
0 0.142187 0.602778 0.078125 0.144444
0 0.121094 0.543056 0.035937 0.080556
0 0.114062 0.505556 0.025000 0.038889