0 0.718672 0.807778 0.148594 0.374444
0 0.748125 0.433611 0.142187 0.321667
0 0.526563 0.342639 0.127812 0.265833
0 0.603125 0.340000 0.140313 0.268889
0 0.386172 0.886528 0.269531 0.173611
0 0.534297 0.952361 0.123906 0.090833
0 0.302344 0.489167 0.143437 0.257778
0 0.719062 0.228611 0.153750 0.138333
0 0.687422 0.180556 0.184844 0.113889
0 0.433203 0.249722 0.138281 0.166111
0 0.316875 0.255417 0.095937 0.118056
0 0.367344 0.195139 0.094063 0.059722
0 0.274062 0.638333 0.138437 0.205000
0 0.206953 0.811389 0.146094 0.177222
0 0.089609 0.603472 0.063281 0.161944
0 0.284922 0.288194 0.047656 0.159167
0 0.244062 0.238611 0.069062 0.070556
0 0.252969 0.315000 0.036562 0.145000
0 0.220078 0.293194 0.061406 0.089722
0 0.304219 0.408611 0.141875 0.246667
0 0.173437 0.670139 0.099375 0.209722
0 0.119297 0.766944 0.071094 0.162222
0 0.308516 0.818056 0.152344 0.155000
0 0.325469 0.929722 0.197500 0.140556
0 0.356719 0.768889 0.186563 0.130556
0 0.224219 0.347222 0.031875 0.120000
0 0.422031 0.690139 0.205938 0.253056
0 0.241953 0.434583 0.050469 0.089722
0 0.142656 0.605278 0.081875 0.140000
0 0.197656 0.337917 0.022187 0.061389
0 0.120000 0.580833 0.045937 0.122778
0 0.107891 0.511667 0.028281 0.039444