0 0.568359 0.191528 0.161094 0.109167
0 0.571016 0.240417 0.162031 0.134167
0 0.591953 0.342222 0.179219 0.249444
0 0.680469 0.263056 0.090000 0.229444
0 0.726484 0.306806 0.080469 0.258611
0 0.773906 0.278194 0.071563 0.232500
0 0.113125 0.593056 0.072813 0.150000
0 0.296094 0.885694 0.190938 0.195833
0 0.415234 0.296806 0.124219 0.192500
0 0.070234 0.585972 0.058906 0.150833
0 0.157109 0.515278 0.086406 0.102222
0 0.131094 0.724861 0.112500 0.135833
0 0.384766 0.445833 0.124844 0.170556
0 0.384219 0.628333 0.128750 0.377778
0 0.484531 0.361528 0.133125 0.259722
0 0.397422 0.273472 0.122969 0.161944
0 0.303359 0.425694 0.145469 0.258611
0 0.346484 0.272361 0.118906 0.178056
0 0.308125 0.366389 0.139063 0.216667
0 0.480703 0.605972 0.177969 0.370278
0 0.433984 0.182222 0.130156 0.110556
0 0.747578 0.537917 0.128281 0.402500
0 0.266328 0.315000 0.056719 0.098333
0 0.260781 0.623333 0.132187 0.235000
0 0.217109 0.237639 0.046406 0.110833
0 0.232891 0.366389 0.056406 0.164444
0 0.334609 0.826528 0.209531 0.269722
0 0.312109 0.573056 0.124531 0.236667
0 0.262422 0.203056 0.086094 0.096667
0 0.331562 0.196806 0.105625 0.118611