0 0.704375 0.792778 0.138437 0.351111
0 0.746406 0.440278 0.107500 0.301111
0 0.425234 0.721806 0.198906 0.335278
0 0.361797 0.779583 0.178281 0.162500
0 0.327969 0.905417 0.201875 0.125833
0 0.525469 0.351389 0.119375 0.248889
0 0.598359 0.349861 0.132656 0.251389
0 0.688906 0.374861 0.092812 0.233056
0 0.510000 0.940556 0.129688 0.055000
0 0.553438 0.212500 0.125312 0.102222
0 0.706641 0.252917 0.151719 0.104722
0 0.686797 0.185000 0.147344 0.083889
0 0.437734 0.258333 0.126719 0.146667
0 0.350703 0.257083 0.079531 0.096944
0 0.381016 0.208472 0.083906 0.052500
0 0.285938 0.626111 0.129688 0.191111
0 0.211562 0.736250 0.113437 0.217500
0 0.109844 0.584306 0.057500 0.159722
0 0.292500 0.306667 0.045625 0.165000
0 0.259453 0.243889 0.064844 0.055000
0 0.223438 0.352639 0.016250 0.031389
0 0.269063 0.322500 0.036875 0.138889
0 0.313203 0.440417 0.137031 0.280278
0 0.231484 0.298750 0.064844 0.075833
0 0.187266 0.636806 0.085469 0.170278
0 0.132734 0.729722 0.050156 0.120556
0 0.341875 0.855417 0.200312 0.162500
0 0.238047 0.345972 0.027969 0.112500
0 0.257266 0.441806 0.048594 0.089167
0 0.156328 0.580556 0.070781 0.110000
0 0.139375 0.543750 0.030937 0.078611