0 0.719453 0.814167 0.148281 0.371667
0 0.751016 0.439028 0.142031 0.322500
0 0.527656 0.343472 0.127812 0.266389
0 0.605078 0.342083 0.140469 0.269167
0 0.343984 0.893333 0.252344 0.171111
0 0.518281 0.966944 0.124687 0.066111
0 0.291094 0.483750 0.137187 0.271944
0 0.722578 0.238333 0.154531 0.123333
0 0.691016 0.182222 0.186094 0.112222
0 0.433750 0.248333 0.138750 0.165556
0 0.322578 0.248333 0.086719 0.115000
0 0.370000 0.193611 0.093125 0.061667
0 0.268203 0.632500 0.148281 0.182222
0 0.205859 0.814722 0.143594 0.176667
0 0.082812 0.601528 0.061562 0.154167
0 0.283984 0.284583 0.047344 0.159722
0 0.242969 0.234167 0.069375 0.070000
0 0.254844 0.312639 0.036250 0.143056
0 0.218594 0.288750 0.061562 0.089722
0 0.300547 0.405417 0.140469 0.249722
0 0.164844 0.663194 0.093125 0.215833
0 0.114375 0.765556 0.070938 0.162778
0 0.322656 0.805000 0.165625 0.112222
0 0.321797 0.945972 0.211406 0.108056
0 0.353437 0.762917 0.198750 0.145833
0 0.417344 0.725000 0.200312 0.345000
0 0.222500 0.337917 0.037812 0.131944
0 0.237422 0.430417 0.045781 0.086944
0 0.198047 0.339444 0.023594 0.056111
0 0.118359 0.573611 0.050469 0.120556
0 0.108125 0.507639 0.030000 0.039167
0 0.129453 0.593333 0.050469 0.109444