0 0.552813 0.193472 0.152188 0.085833
0 0.557344 0.240417 0.152188 0.109722
0 0.573906 0.320694 0.176250 0.190278
0 0.663516 0.248333 0.078281 0.211667
0 0.724609 0.295139 0.088906 0.262500
0 0.754063 0.250972 0.060313 0.216944
0 0.318594 0.903333 0.177812 0.150000
0 0.377266 0.291250 0.120469 0.141944
0 0.115859 0.556528 0.055781 0.141944
0 0.409766 0.318056 0.112969 0.179444
0 0.550625 0.505417 0.126562 0.350833
0 0.085781 0.632778 0.040625 0.123333
0 0.160234 0.573889 0.078281 0.091111
0 0.673438 0.860417 0.128125 0.235833
0 0.140781 0.764028 0.066250 0.128611
0 0.442188 0.596667 0.111563 0.361667
0 0.362266 0.541667 0.114531 0.289444
0 0.375000 0.624722 0.119063 0.332222
0 0.466250 0.367639 0.093437 0.235833
0 0.423984 0.205556 0.120469 0.088333
0 0.298203 0.403750 0.112969 0.259722
0 0.312500 0.275139 0.099375 0.158056
0 0.537813 0.811111 0.161250 0.318889
0 0.236484 0.395833 0.037656 0.077778
0 0.274062 0.587222 0.137187 0.192778
0 0.209375 0.766667 0.110000 0.267778
0 0.197266 0.320694 0.061719 0.109722
0 0.258203 0.228472 0.054219 0.085833
0 0.225859 0.284722 0.055781 0.123333
0 0.135547 0.522917 0.022656 0.064167