0 0.701875 0.822917 0.163750 0.354167
0 0.763672 0.476528 0.128594 0.335278
0 0.409922 0.731944 0.226094 0.368889
0 0.335078 0.773611 0.207344 0.201111
0 0.298359 0.901944 0.219531 0.164444
0 0.531406 0.347083 0.144687 0.282500
0 0.614844 0.358194 0.118438 0.281389
0 0.715938 0.342639 0.182500 0.197500
0 0.574609 0.214167 0.136406 0.138333
0 0.728203 0.248056 0.157969 0.136111
0 0.715938 0.192083 0.164062 0.101389
0 0.447891 0.223472 0.140781 0.199722
0 0.350859 0.221389 0.078906 0.132778
0 0.379219 0.168333 0.103750 0.100556
0 0.266250 0.604722 0.133750 0.212222
0 0.202969 0.680278 0.151250 0.322222
0 0.091328 0.521528 0.073906 0.189722
0 0.511562 0.321944 0.110000 0.299444
0 0.271953 0.265417 0.042656 0.149167
0 0.250469 0.205139 0.060937 0.110833
0 0.213750 0.284583 0.027813 0.064722
0 0.260078 0.281806 0.045781 0.152500
0 0.298906 0.175833 0.082187 0.102778
0 0.307031 0.401667 0.147500 0.307778
0 0.157422 0.616528 0.091094 0.228056
0 0.110547 0.711111 0.082344 0.174444
0 0.308984 0.243056 0.066406 0.196667
0 0.310703 0.839861 0.208906 0.201389
0 0.231328 0.296944 0.038594 0.129444
0 0.244688 0.393889 0.050938 0.098333