0 0.535156 0.174167 0.162500 0.120000
0 0.542812 0.221528 0.164062 0.144722
0 0.573359 0.306389 0.182656 0.243889
0 0.652813 0.207778 0.094688 0.234444
0 0.702578 0.235417 0.085781 0.262500
0 0.746172 0.191944 0.076406 0.236111
0 0.129453 0.718750 0.075781 0.154167
0 0.339688 0.920972 0.194062 0.158056
0 0.395703 0.332222 0.128281 0.208333
0 0.086719 0.725972 0.061875 0.154167
0 0.164531 0.627778 0.088125 0.107778
0 0.160859 0.842361 0.114844 0.143056
0 0.350469 0.535556 0.171563 0.263333
0 0.399609 0.664167 0.136406 0.384444
0 0.470469 0.369028 0.138125 0.267500
0 0.371328 0.306389 0.134219 0.182222
0 0.299375 0.497083 0.149688 0.256389
0 0.325469 0.326806 0.122188 0.185278
0 0.302578 0.437639 0.151094 0.207500
0 0.492109 0.610556 0.185156 0.380556
0 0.402109 0.209306 0.131719 0.119167
0 0.747266 0.455833 0.136406 0.408889
0 0.251172 0.395000 0.058594 0.101667
0 0.271094 0.706944 0.125000 0.229444
0 0.194609 0.335000 0.048594 0.113333
0 0.223594 0.456389 0.059688 0.167222
0 0.366719 0.866806 0.226562 0.266389
0 0.320859 0.675833 0.128906 0.243889
0 0.235625 0.286389 0.087813 0.102222
0 0.302891 0.257361 0.107656 0.125278