0 0.535391 0.174444 0.162344 0.119444
0 0.543203 0.221806 0.163906 0.144167
0 0.573516 0.306667 0.182344 0.243333
0 0.653125 0.208472 0.094375 0.234167
0 0.719141 0.244306 0.108594 0.288611
0 0.746484 0.192639 0.076094 0.235833
0 0.112266 0.621389 0.052344 0.173889
0 0.339766 0.929167 0.192969 0.141667
0 0.395859 0.331806 0.127969 0.208056
0 0.559453 0.495278 0.165469 0.390000
0 0.086328 0.724167 0.061719 0.153889
0 0.162344 0.643611 0.085938 0.123333
0 0.160469 0.840972 0.114688 0.142500
0 0.447266 0.612361 0.138281 0.395278
0 0.371094 0.539444 0.131250 0.260556
0 0.384609 0.654028 0.159219 0.364167
0 0.457422 0.371528 0.111406 0.261944
0 0.368438 0.306528 0.140313 0.183056
0 0.302109 0.466389 0.158594 0.255000
0 0.325156 0.319444 0.122812 0.198889
0 0.582109 0.831806 0.307656 0.259722
0 0.402422 0.209028 0.131719 0.118611
0 0.247578 0.751111 0.119844 0.274444
0 0.248047 0.442083 0.082656 0.193611
0 0.303359 0.573750 0.158594 0.230278
0 0.194844 0.333750 0.048438 0.113056
0 0.473438 0.716250 0.251875 0.374167
0 0.235234 0.288333 0.086094 0.101667
0 0.288203 0.256806 0.078281 0.173611