0 0.438203 0.781667 0.193281 0.288889
0 0.145703 0.713333 0.148906 0.474444
0 0.254297 0.900694 0.249844 0.198611
0 0.492969 0.882500 0.172812 0.235000
0 0.835234 0.787639 0.063281 0.100278
0 0.445000 0.508056 0.176250 0.325556
0 0.523750 0.462361 0.121562 0.240278
0 0.537578 0.325556 0.155781 0.197778
0 0.104609 0.386111 0.083906 0.301111
0 0.198672 0.270694 0.135156 0.252500
0 0.269609 0.279861 0.167656 0.234167
0 0.219219 0.171667 0.121562 0.121667
0 0.384375 0.205278 0.136875 0.109444
0 0.441719 0.348333 0.190000 0.152222
0 0.132812 0.291944 0.082187 0.203889
0 0.374844 0.276806 0.176250 0.118611
0 0.226094 0.549028 0.114688 0.340833
0 0.324453 0.500278 0.099219 0.346667
0 0.826641 0.690417 0.063281 0.149167
0 0.690625 0.701111 0.075313 0.103333
0 0.782109 0.590139 0.080469 0.155278
0 0.767656 0.667500 0.071875 0.121667
0 0.642656 0.349861 0.082187 0.155278
0 0.642656 0.355833 0.082187 0.088333
0 0.583672 0.425694 0.066719 0.124722
0 0.715391 0.430556 0.077031 0.152222
0 0.720625 0.510833 0.104375 0.173333
0 0.592266 0.978333 0.073594 0.043333
0 0.747891 0.701111 0.056406 0.115556