0 0.553750 0.195417 0.151562 0.085278
0 0.558281 0.242222 0.151562 0.109444
0 0.582266 0.328889 0.163594 0.202778
0 0.663984 0.250139 0.077969 0.210833
0 0.724766 0.296806 0.088594 0.261389
0 0.754062 0.252778 0.060000 0.216111
0 0.117812 0.552917 0.030000 0.138611
0 0.320391 0.902500 0.177031 0.149444
0 0.375234 0.275556 0.103594 0.160000
0 0.411094 0.319583 0.112500 0.178611
0 0.557422 0.506389 0.137969 0.349444
0 0.092344 0.640972 0.050938 0.128056
0 0.164297 0.568889 0.087031 0.106667
0 0.156172 0.760972 0.103594 0.117500
0 0.443516 0.596944 0.111094 0.360000
0 0.354922 0.514306 0.177031 0.231944
0 0.381172 0.625000 0.133594 0.325556
0 0.467422 0.368750 0.092969 0.234722
0 0.306953 0.430139 0.132031 0.218611
0 0.339219 0.294306 0.097500 0.170833
0 0.462109 0.955833 0.055469 0.042778
0 0.242344 0.390278 0.045000 0.090556
0 0.674453 0.803750 0.222031 0.314722
0 0.424687 0.203333 0.121562 0.090556
0 0.234922 0.693056 0.096094 0.242778
0 0.259609 0.399444 0.064531 0.173333
0 0.280547 0.632917 0.100469 0.234722
0 0.742031 0.499444 0.099062 0.373333
0 0.219141 0.283472 0.040469 0.101389
0 0.239375 0.251528 0.030000 0.058611
0 0.285938 0.258333 0.084062 0.136111