0 0.555469 0.183333 0.157812 0.088889
0 0.560156 0.231944 0.157812 0.113889
0 0.585156 0.330556 0.170313 0.227778
0 0.670312 0.240278 0.081250 0.219444
0 0.717969 0.277778 0.070312 0.250000
0 0.764062 0.243056 0.062500 0.225000
0 0.134375 0.788889 0.084375 0.150000
0 0.229687 0.877778 0.153125 0.211111
0 0.233594 0.319444 0.060937 0.111111
0 0.421875 0.634722 0.115625 0.363889
0 0.492188 0.361111 0.140625 0.216667
0 0.396875 0.277778 0.100000 0.166667
0 0.714844 0.823611 0.145313 0.347222
0 0.358594 0.236111 0.067187 0.116667
0 0.420312 0.306944 0.140625 0.175000
0 0.405469 0.454167 0.198437 0.158333
0 0.753906 0.505556 0.085938 0.388889
0 0.276562 0.290278 0.062500 0.086111
0 0.314063 0.515278 0.168750 0.158333
0 0.218750 0.270833 0.065625 0.108333
0 0.435937 0.169444 0.128125 0.133333
0 0.217188 0.661111 0.125000 0.277778
0 0.519531 0.752778 0.198437 0.411111
0 0.114062 0.498611 0.050000 0.080556
0 0.315625 0.219444 0.078125 0.094444
0 0.307812 0.413889 0.146875 0.211111
0 0.304688 0.338889 0.112500 0.183333
0 0.228906 0.412500 0.045312 0.158333
0 0.306250 0.688889 0.159375 0.272222
0 0.084375 0.665278 0.093750 0.163889
0 0.147656 0.669444 0.132812 0.183333