0 0.289844 0.811111 0.160938 0.372222
0 0.238281 0.412500 0.114062 0.375000
0 0.602344 0.730556 0.220312 0.183333
0 0.656250 0.847222 0.209375 0.233333
0 0.685156 0.937500 0.220312 0.119444
0 0.475781 0.343056 0.132812 0.263889
0 0.392188 0.337500 0.106250 0.275000
0 0.327344 0.316667 0.132812 0.238889
0 0.257031 0.293056 0.123438 0.252778
0 0.513281 0.829167 0.189062 0.336111
0 0.440625 0.200000 0.131250 0.105556
0 0.305469 0.176389 0.170313 0.091667
0 0.567187 0.248611 0.143750 0.169444
0 0.631250 0.209722 0.134375 0.102778
0 0.701562 0.416667 0.112500 0.238889
0 0.804688 0.847222 0.150000 0.183333
0 0.893750 0.752778 0.059375 0.105556
0 0.660937 0.283333 0.075000 0.100000
0 0.847656 0.636111 0.123438 0.194444
0 0.709375 0.618056 0.143750 0.219444
0 0.787500 0.687500 0.084375 0.263889
0 0.664062 0.513889 0.165625 0.172222
0 0.710156 0.294444 0.042188 0.138889
0 0.733594 0.305556 0.057813 0.188889
0 0.751563 0.222222 0.068750 0.111111
0 0.795312 0.319444 0.018750 0.066667
0 0.765625 0.283333 0.059375 0.105556
0 0.868750 0.534722 0.028125 0.058333
0 0.710156 0.215278 0.060937 0.063889
0 0.778125 0.370833 0.037500 0.097222