0 0.579219 0.199861 0.163125 0.126389
0 0.580156 0.249167 0.165000 0.151111
0 0.597891 0.344583 0.184844 0.250278
0 0.688672 0.284028 0.097344 0.236944
0 0.747656 0.347361 0.112187 0.291944
0 0.781328 0.309306 0.079219 0.238056
0 0.282109 0.870278 0.194531 0.198889
0 0.398047 0.228333 0.101719 0.176111
0 0.101484 0.462639 0.068594 0.159722
0 0.422187 0.291667 0.130312 0.212778
0 0.558281 0.521250 0.170313 0.395278
0 0.064375 0.533750 0.051562 0.136944
0 0.174688 0.504722 0.059062 0.095556
0 0.650000 0.889028 0.150313 0.221944
0 0.098906 0.658333 0.042188 0.093889
0 0.433359 0.586111 0.143281 0.399444
0 0.352656 0.508889 0.150000 0.328333
0 0.366875 0.599167 0.163750 0.369444
0 0.476406 0.356667 0.114688 0.265556
0 0.300859 0.351806 0.136719 0.295278
0 0.306172 0.253472 0.103906 0.165833
0 0.240234 0.330000 0.052656 0.131667
0 0.273125 0.517361 0.162500 0.255833
0 0.450156 0.176528 0.148125 0.128056
0 0.156875 0.654444 0.115625 0.276667
0 0.749297 0.560972 0.132031 0.410278
0 0.226953 0.205972 0.049844 0.114722
0 0.272813 0.175417 0.080625 0.100833
0 0.357578 0.159444 0.095469 0.174444
0 0.118359 0.468333 0.046719 0.151667