0 0.552734 0.173472 0.146094 0.048611
0 0.572578 0.239861 0.124844 0.110833
0 0.593828 0.327778 0.158281 0.205556
0 0.665312 0.247917 0.079063 0.213611
0 0.727109 0.294028 0.089844 0.262500
0 0.756719 0.250694 0.060937 0.219167
0 0.078047 0.638750 0.054844 0.151389
0 0.112891 0.544167 0.042656 0.130000
0 0.153359 0.633472 0.102031 0.156944
0 0.151719 0.793194 0.083750 0.156944
0 0.312344 0.909306 0.185625 0.151389
0 0.501797 0.940417 0.065469 0.089167
0 0.295625 0.579306 0.127812 0.178611
0 0.310000 0.319722 0.095937 0.167778
0 0.265078 0.659306 0.109531 0.197500
0 0.369297 0.283194 0.120156 0.159722
0 0.395313 0.302222 0.108125 0.170556
0 0.494922 0.343889 0.124844 0.211111
0 0.420312 0.350694 0.070000 0.175833
0 0.518516 0.507639 0.168906 0.240833
0 0.441719 0.599583 0.118750 0.321944
0 0.656328 0.871667 0.146094 0.227222
0 0.714219 0.696944 0.155313 0.478889
0 0.478984 0.231667 0.114219 0.192222
0 0.242266 0.235694 0.085156 0.119167
0 0.300859 0.234444 0.074531 0.148889
0 0.349687 0.208750 0.047188 0.054167
0 0.413438 0.195139 0.080625 0.075833
0 0.305547 0.449583 0.135469 0.238056
0 0.257500 0.385972 0.079063 0.116389
0 0.202031 0.305972 0.047188 0.070278