0 0.557891 0.175278 0.162969 0.091667
0 0.562734 0.225417 0.162969 0.117500
0 0.588516 0.318750 0.175781 0.218056
0 0.676484 0.234167 0.083906 0.226667
0 0.741797 0.284444 0.095156 0.281111
0 0.773203 0.236944 0.064531 0.232222
0 0.089219 0.559583 0.032188 0.149167
0 0.307031 0.927500 0.190312 0.145000
0 0.374766 0.252639 0.093594 0.154722
0 0.404531 0.308889 0.120938 0.192222
0 0.561875 0.509444 0.148438 0.375556
0 0.061797 0.654444 0.054844 0.137778
0 0.136016 0.586806 0.103281 0.100278
0 0.130312 0.796111 0.111250 0.163333
0 0.439219 0.606944 0.119375 0.387222
0 0.344063 0.518056 0.190312 0.249444
0 0.372266 0.637222 0.143594 0.350000
0 0.465000 0.361806 0.100000 0.252500
0 0.292578 0.427917 0.142031 0.235278
0 0.327109 0.281528 0.104844 0.183611
0 0.477266 0.981944 0.062969 0.036111
0 0.223125 0.384861 0.048438 0.097500
0 0.691719 0.819028 0.227500 0.329722
0 0.419063 0.184028 0.130625 0.097500
0 0.220703 0.702917 0.095156 0.275278
0 0.250547 0.371944 0.074219 0.175000
0 0.264219 0.645694 0.108125 0.252500
0 0.760234 0.502361 0.106406 0.401389
0 0.198203 0.270000 0.043594 0.108889
0 0.219844 0.235694 0.032188 0.063056
0 0.254609 0.248472 0.066094 0.151944
0 0.106953 0.552500 0.035469 0.088889