0 0.716641 0.814583 0.164844 0.370833
0 0.769531 0.411528 0.116875 0.384167
0 0.399688 0.785694 0.232187 0.284722
0 0.341328 0.857083 0.214531 0.239167
0 0.311641 0.944167 0.225781 0.111667
0 0.526172 0.340417 0.136094 0.270278
0 0.611797 0.334722 0.108906 0.281667
0 0.687031 0.310417 0.153750 0.267500
0 0.741406 0.306111 0.131250 0.258889
0 0.562109 0.198194 0.137656 0.122500
0 0.725469 0.183889 0.166563 0.133889
0 0.703047 0.158333 0.147344 0.065556
0 0.433281 0.220833 0.155313 0.162222
0 0.344453 0.213611 0.099219 0.073889
0 0.372422 0.179583 0.100781 0.056944
0 0.283672 0.536667 0.147344 0.167778
0 0.188359 0.866944 0.148906 0.207778
0 0.103594 0.757222 0.065625 0.119444
0 0.323672 0.280556 0.099219 0.133889
0 0.163594 0.713333 0.118438 0.162222
0 0.145937 0.637639 0.128125 0.153611
0 0.304375 0.438472 0.156875 0.170833
0 0.282813 0.299167 0.040000 0.113889
0 0.240469 0.222361 0.064062 0.102500
0 0.196328 0.320417 0.020781 0.059722
0 0.233125 0.294861 0.052812 0.122500
0 0.113125 0.515417 0.024063 0.039722
0 0.288516 0.209306 0.070469 0.059722
0 0.216328 0.385833 0.035156 0.088333
0 0.112344 0.562361 0.038437 0.076944
0 0.258047 0.380139 0.073594 0.201944