0 0.580078 0.200417 0.163281 0.127500
0 0.580781 0.249722 0.165313 0.152222
0 0.597734 0.353472 0.186719 0.268056
0 0.689219 0.285417 0.097812 0.237500
0 0.733438 0.334444 0.089375 0.265000
0 0.781719 0.311667 0.079687 0.238333
0 0.109141 0.670417 0.078594 0.149167
0 0.212578 0.817222 0.218281 0.265556
0 0.250547 0.254583 0.069219 0.125278
0 0.428984 0.608333 0.177344 0.416667
0 0.496016 0.372778 0.169219 0.258333
0 0.404219 0.256944 0.143125 0.197778
0 0.687109 0.842083 0.171406 0.315833
0 0.419453 0.196111 0.114219 0.158333
0 0.424219 0.294306 0.174063 0.224722
0 0.259219 0.618472 0.139375 0.283056
0 0.750938 0.569167 0.115937 0.406667
0 0.296797 0.239583 0.070469 0.123056
0 0.618047 0.689722 0.150781 0.388333
0 0.239766 0.202639 0.073594 0.123611
0 0.489063 0.184444 0.078438 0.108889
0 0.173125 0.610833 0.120313 0.310556
0 0.500234 0.744028 0.227344 0.434722
0 0.114766 0.403750 0.049219 0.085278
0 0.346719 0.177778 0.098750 0.116667
0 0.303125 0.445833 0.179375 0.290556
0 0.293281 0.321250 0.109062 0.226944
0 0.232969 0.346944 0.055937 0.167778
0 0.058828 0.550972 0.100781 0.160278
0 0.149141 0.506528 0.117031 0.137500