0 0.734688 0.818333 0.158125 0.363333
0 0.771563 0.435000 0.144687 0.343889
0 0.415859 0.756389 0.227031 0.382778
0 0.343516 0.822083 0.203594 0.185278
0 0.304766 0.946944 0.230469 0.106111
0 0.530156 0.333194 0.136250 0.284167
0 0.613516 0.331667 0.151406 0.287222
0 0.621875 0.425972 0.171563 0.308056
0 0.562109 0.174722 0.142969 0.116667
0 0.737109 0.221250 0.173281 0.119722
0 0.714453 0.143472 0.168281 0.095833
0 0.431797 0.227083 0.147969 0.167500
0 0.331797 0.225556 0.089219 0.110556
0 0.368750 0.179167 0.092500 0.071667
0 0.256797 0.647222 0.147969 0.218333
0 0.143281 0.837083 0.163125 0.191389
0 0.264531 0.282222 0.052187 0.188333
0 0.226562 0.210556 0.074063 0.062778
0 0.235859 0.301806 0.045469 0.161389
0 0.198828 0.274861 0.068906 0.089722
0 0.292266 0.435000 0.164844 0.320000
0 0.142578 0.663611 0.094219 0.203333
0 0.055000 0.527639 0.060625 0.128611
0 0.320781 0.908056 0.228750 0.183889
0 0.204766 0.333333 0.037031 0.140556
0 0.222344 0.433472 0.052187 0.095833
0 0.122344 0.581389 0.074063 0.134444
0 0.070078 0.563472 0.063906 0.152500