0 0.498437 0.836111 0.153125 0.305556
0 0.287500 0.290278 0.159375 0.202778
0 0.235937 0.188889 0.121875 0.105556
0 0.673438 0.684722 0.059375 0.091667
0 0.742188 0.715278 0.031250 0.080556
0 0.557813 0.334722 0.103125 0.102778
0 0.631250 0.368056 0.071875 0.080556
0 0.572656 0.426389 0.067187 0.125000
0 0.697656 0.452778 0.073438 0.172222
0 0.687500 0.484722 0.068750 0.108333
0 0.442188 0.688889 0.181250 0.227778
0 0.175781 0.690278 0.145313 0.463889
0 0.386719 0.270833 0.167187 0.158333
0 0.294531 0.469444 0.167187 0.233333
0 0.350000 0.952778 0.140625 0.088889
0 0.571094 0.933333 0.104688 0.127778
0 0.436719 0.434722 0.139063 0.230556
0 0.495312 0.486111 0.096875 0.250000
0 0.257812 0.866667 0.271875 0.261111
0 0.198437 0.281944 0.106250 0.236111
0 0.249219 0.293056 0.057813 0.136111
0 0.384375 0.406944 0.096875 0.197222
0 0.157031 0.313889 0.070312 0.183333
0 0.539062 0.522222 0.053125 0.116667
0 0.411719 0.219444 0.104688 0.133333
0 0.771094 0.576389 0.092188 0.169444
0 0.805469 0.768056 0.073438 0.086111
0 0.509375 0.325000 0.115625 0.155556
0 0.742969 0.666667 0.082812 0.172222