0 0.707500 0.819167 0.157812 0.361667
0 0.763281 0.462361 0.123438 0.329722
0 0.413828 0.736667 0.220781 0.358333
0 0.339766 0.782361 0.204844 0.190833
0 0.305312 0.912778 0.217813 0.153333
0 0.528828 0.345556 0.140469 0.276111
0 0.612344 0.352083 0.114062 0.276389
0 0.713203 0.330972 0.179844 0.188611
0 0.566563 0.210000 0.140937 0.132222
0 0.724531 0.236111 0.157812 0.128333
0 0.711250 0.187639 0.165000 0.106944
0 0.441328 0.237083 0.140469 0.170833
0 0.346172 0.229444 0.077031 0.128889
0 0.373594 0.175000 0.102500 0.095556
0 0.262813 0.612361 0.141875 0.215278
0 0.203203 0.719306 0.130156 0.344167
0 0.091875 0.543472 0.070938 0.186389
0 0.507891 0.343472 0.127031 0.291389
0 0.267266 0.276389 0.041719 0.145000
0 0.245547 0.218750 0.059219 0.108056
0 0.210234 0.300000 0.026719 0.063333
0 0.256563 0.294861 0.043438 0.150833
0 0.294297 0.185556 0.069844 0.100556
0 0.301172 0.424028 0.143906 0.287500
0 0.161953 0.632083 0.089219 0.224167
0 0.114453 0.731806 0.079844 0.170833
0 0.297578 0.256806 0.058281 0.179722
0 0.318828 0.852778 0.201406 0.179444
0 0.227969 0.311528 0.036562 0.128056
0 0.243047 0.407361 0.049531 0.095833