0 0.700937 0.786389 0.135937 0.344444
0 0.731250 0.440833 0.127188 0.295556
0 0.427109 0.724861 0.195156 0.313611
0 0.359844 0.773611 0.185000 0.159444
0 0.331641 0.896944 0.197969 0.123333
0 0.525234 0.353472 0.117031 0.244167
0 0.589609 0.352222 0.118594 0.246667
0 0.601875 0.421667 0.143125 0.267222
0 0.552813 0.217361 0.122812 0.100278
0 0.703047 0.257222 0.148906 0.102778
0 0.685703 0.185139 0.148906 0.071944
0 0.439375 0.264861 0.127188 0.149167
0 0.348281 0.245556 0.078125 0.136111
0 0.393125 0.212222 0.066562 0.053889
0 0.290469 0.623194 0.127188 0.187500
0 0.187109 0.738750 0.091094 0.269722
0 0.124297 0.574306 0.060781 0.166944
0 0.289062 0.316250 0.031875 0.133611
0 0.264453 0.249444 0.063594 0.061667
0 0.268828 0.329028 0.037656 0.133611
0 0.232734 0.310972 0.049219 0.092500
0 0.324453 0.437083 0.117031 0.277500
0 0.200937 0.633472 0.066562 0.146389
0 0.145937 0.741528 0.055000 0.141389
0 0.318672 0.293056 0.044844 0.138889
0 0.344609 0.849306 0.195156 0.166944
0 0.244219 0.348333 0.031875 0.110556
0 0.262266 0.443333 0.044844 0.090000
0 0.180625 0.538472 0.069375 0.079722