0 0.722656 0.811111 0.135937 0.372222
0 0.761719 0.412500 0.114062 0.375000
0 0.421094 0.758333 0.210938 0.316667
0 0.348438 0.837500 0.200000 0.252778
0 0.317969 0.930556 0.214062 0.133333
0 0.524219 0.343056 0.132812 0.263889
0 0.607812 0.337500 0.106250 0.275000
0 0.682031 0.295833 0.145313 0.275000
0 0.735938 0.311111 0.131250 0.250000
0 0.560937 0.204167 0.131250 0.119444
0 0.710156 0.187500 0.160938 0.141667
0 0.687500 0.161111 0.125000 0.061111
0 0.437500 0.231944 0.134375 0.175000
0 0.346875 0.236111 0.090625 0.116667
0 0.370312 0.184722 0.087500 0.058333
0 0.271875 0.643056 0.121875 0.225000
0 0.182812 0.844444 0.143750 0.183333
0 0.094531 0.583333 0.076563 0.200000
0 0.378906 0.338889 0.098437 0.211111
0 0.285156 0.294444 0.060937 0.155556
0 0.251563 0.223611 0.050000 0.097222
0 0.205469 0.323611 0.023438 0.063889
0 0.253125 0.316667 0.043750 0.161111
0 0.286719 0.215278 0.051562 0.058333
0 0.296094 0.434722 0.123438 0.286111
0 0.150000 0.634722 0.128125 0.186111
0 0.127344 0.748611 0.060937 0.102778
0 0.204687 0.250000 0.065625 0.122222
0 0.220312 0.336111 0.031250 0.105556
0 0.230469 0.431944 0.039062 0.097222