0 0.720469 0.814167 0.138437 0.371667
0 0.762266 0.418194 0.116719 0.377500
0 0.419375 0.756528 0.213125 0.321389
0 0.346172 0.834167 0.201719 0.257222
0 0.315000 0.926528 0.215000 0.138056
0 0.525313 0.343611 0.134688 0.266667
0 0.608906 0.339722 0.108125 0.277222
0 0.690547 0.283194 0.145156 0.216944
0 0.723125 0.323056 0.148438 0.228333
0 0.561328 0.205417 0.135156 0.122500
0 0.712266 0.210139 0.161719 0.109167
0 0.703984 0.165556 0.153594 0.064444
0 0.435469 0.230417 0.140313 0.183611
0 0.343359 0.222917 0.089844 0.110278
0 0.373281 0.180694 0.083125 0.057500
0 0.259922 0.640694 0.142031 0.200278
0 0.180469 0.837361 0.145000 0.186389
0 0.093984 0.574444 0.077969 0.201667
0 0.314219 0.465417 0.173437 0.236944
0 0.282734 0.285556 0.057344 0.153889
0 0.256562 0.220972 0.060000 0.093056
0 0.205234 0.318611 0.023906 0.061667
0 0.255234 0.310000 0.046406 0.159444
0 0.288672 0.210556 0.052031 0.059444
0 0.322813 0.369861 0.164062 0.234167
0 0.152266 0.611667 0.107031 0.113333
0 0.208828 0.239306 0.064844 0.109722
0 0.135313 0.694861 0.121250 0.135833
0 0.221484 0.330000 0.032031 0.106111
0 0.230937 0.425972 0.039688 0.098056
0 0.144141 0.540694 0.064531 0.070833