0 0.546719 0.179028 0.160000 0.102500
0 0.552734 0.227083 0.160781 0.127500
0 0.580156 0.315000 0.175937 0.225556
0 0.662969 0.225833 0.087188 0.226111
0 0.711641 0.259306 0.077031 0.255833
0 0.756797 0.220694 0.068594 0.230278
0 0.109688 0.615833 0.046562 0.167222
0 0.323984 0.916389 0.188906 0.167222
0 0.402031 0.320833 0.122188 0.196111
0 0.079453 0.678333 0.057031 0.148889
0 0.155313 0.595139 0.090625 0.126944
0 0.149297 0.802917 0.111094 0.131389
0 0.349922 0.532500 0.164844 0.274444
0 0.379609 0.643889 0.148281 0.356111
0 0.475156 0.365694 0.130000 0.254722
0 0.378516 0.292222 0.129219 0.168889
0 0.312266 0.470417 0.142969 0.159167
0 0.332031 0.307222 0.116875 0.173333
0 0.305234 0.415417 0.145469 0.192500
0 0.488125 0.609444 0.173437 0.363889
0 0.412812 0.198750 0.129062 0.105278
0 0.728672 0.424444 0.128906 0.326667
0 0.215859 0.720833 0.080469 0.264444
0 0.251250 0.411806 0.075313 0.191944
0 0.201250 0.300694 0.045000 0.109167
0 0.269062 0.665972 0.117500 0.256389
0 0.355469 0.850417 0.223125 0.243611
0 0.243750 0.256528 0.085000 0.093056
0 0.313672 0.235139 0.091406 0.096389