0 0.560625 0.155417 0.172187 0.096944
0 0.565625 0.208472 0.172187 0.124167
0 0.592891 0.307083 0.185781 0.230278
0 0.685859 0.217778 0.088594 0.239444
0 0.754844 0.270694 0.100625 0.296944
0 0.787969 0.220694 0.068125 0.245278
0 0.060391 0.491944 0.054531 0.139444
0 0.295547 0.936806 0.201094 0.126389
0 0.367109 0.237361 0.098906 0.163611
0 0.398594 0.296528 0.127812 0.203056
0 0.564766 0.508472 0.156719 0.396944
0 0.036484 0.652361 0.057969 0.169722
0 0.110703 0.605556 0.114219 0.106111
0 0.108984 0.823611 0.117656 0.148333
0 0.435234 0.611389 0.126094 0.408889
0 0.338203 0.506806 0.170469 0.218056
0 0.364609 0.643472 0.151719 0.369722
0 0.462500 0.352500 0.105625 0.266667
0 0.280156 0.408611 0.150000 0.300000
0 0.315937 0.217500 0.105625 0.215000
0 0.513750 0.994306 0.228437 0.011389
0 0.206953 0.376806 0.051094 0.103056
0 0.683281 0.859583 0.124375 0.280833
0 0.413984 0.164583 0.137969 0.103056
0 0.211250 0.690278 0.100625 0.227222
0 0.248750 0.344861 0.056250 0.196944
0 0.257188 0.669167 0.100625 0.233333
0 0.774375 0.500972 0.112500 0.424167
0 0.180469 0.255556 0.045937 0.115000
0 0.227344 0.210139 0.081875 0.090833
0 0.223125 0.269028 0.056250 0.130278
0 0.091875 0.550972 0.052812 0.118056
0 0.105547 0.708611 0.141406 0.178889