0 0.512344 0.835417 0.165313 0.324722
0 0.279453 0.318472 0.167344 0.223056
0 0.223906 0.224167 0.125937 0.121111
0 0.654375 0.688611 0.176250 0.100000
0 0.550859 0.327639 0.107031 0.115833
0 0.625469 0.351250 0.075000 0.089722
0 0.556094 0.417361 0.060000 0.101389
0 0.695156 0.427361 0.080312 0.181389
0 0.694453 0.467500 0.089219 0.135556
0 0.449531 0.683472 0.189062 0.225833
0 0.241719 0.599167 0.282187 0.265556
0 0.370234 0.296944 0.187969 0.162222
0 0.286172 0.444306 0.199844 0.185833
0 0.358359 0.965278 0.177656 0.069444
0 0.588750 0.923056 0.109688 0.141111
0 0.492266 0.482917 0.102344 0.264167
0 0.254844 0.824444 0.243750 0.351111
0 0.471562 0.379861 0.052187 0.136389
0 0.189922 0.331667 0.106719 0.295000
0 0.228281 0.315417 0.092500 0.177500
0 0.391875 0.425000 0.126875 0.220556
0 0.147578 0.371806 0.068594 0.199167
0 0.541406 0.535139 0.056875 0.136944
0 0.408594 0.259861 0.106563 0.104722
0 0.783047 0.581528 0.092031 0.163611
0 0.815703 0.727778 0.076719 0.095556
0 0.757266 0.658611 0.079219 0.115000
0 0.510000 0.325972 0.131250 0.176944