0 0.710156 0.811111 0.160938 0.372222
0 0.761719 0.412500 0.114062 0.375000
0 0.400781 0.763889 0.226562 0.250000
0 0.348438 0.861111 0.240625 0.205556
0 0.314844 0.937500 0.220312 0.119444
0 0.524219 0.343056 0.132812 0.263889
0 0.593750 0.348611 0.078125 0.252778
0 0.642188 0.325000 0.065625 0.266667
0 0.753906 0.279167 0.089063 0.219444
0 0.690625 0.344444 0.093750 0.350000
0 0.556250 0.201389 0.134375 0.108333
0 0.694531 0.176389 0.170313 0.091667
0 0.400781 0.240278 0.073438 0.141667
0 0.366406 0.202778 0.101562 0.094444
0 0.460156 0.234722 0.089063 0.230556
0 0.314063 0.468056 0.143750 0.202778
0 0.190625 0.855556 0.150000 0.194444
0 0.341406 0.275000 0.079687 0.116667
0 0.160156 0.731944 0.101562 0.152778
0 0.147656 0.631944 0.120313 0.175000
0 0.290625 0.615278 0.134375 0.225000
0 0.218750 0.645833 0.084375 0.186111
0 0.297656 0.355556 0.098437 0.194444
0 0.288281 0.263889 0.042188 0.066667
0 0.259375 0.234722 0.093750 0.080556
0 0.301563 0.209722 0.031250 0.036111
0 0.246875 0.336111 0.053125 0.177778
0 0.203125 0.241667 0.043750 0.122222
0 0.205469 0.322222 0.023438 0.066667
0 0.128125 0.536111 0.025000 0.061111
0 0.225781 0.329167 0.042188 0.119444