0 0.529922 0.829306 0.179531 0.341389
0 0.270859 0.355972 0.176094 0.246944
0 0.823438 0.643889 0.070312 0.156667
0 0.538672 0.515139 0.101094 0.198056
0 0.210469 0.271111 0.130000 0.140000
0 0.659297 0.652222 0.167969 0.146111
0 0.617188 0.331111 0.078438 0.100556
0 0.552344 0.383056 0.074063 0.086111
0 0.687422 0.379167 0.082344 0.157778
0 0.683359 0.436528 0.077656 0.140278
0 0.455469 0.723194 0.217813 0.291389
0 0.251563 0.670278 0.290937 0.353333
0 0.360078 0.319306 0.193281 0.190833
0 0.256797 0.467083 0.175156 0.251944
0 0.311406 0.929167 0.143437 0.141667
0 0.610547 0.906250 0.115156 0.156944
0 0.737891 0.519028 0.078281 0.161944
0 0.371016 0.578056 0.211719 0.244444
0 0.222109 0.836250 0.173906 0.327500
0 0.488047 0.390833 0.102969 0.201111
0 0.182656 0.386528 0.105625 0.340278
0 0.234453 0.389306 0.089844 0.189167
0 0.402656 0.392500 0.103125 0.140000
0 0.142422 0.430972 0.077969 0.206944
0 0.416563 0.505278 0.208125 0.206111
0 0.391719 0.277639 0.118438 0.144722
0 0.781094 0.539861 0.038125 0.085833
0 0.764375 0.615000 0.083750 0.126111
0 0.520078 0.302361 0.111094 0.113056
0 0.345156 0.453472 0.189688 0.168611