0 0.712891 0.813611 0.162969 0.372778
0 0.765078 0.412083 0.115469 0.379722
0 0.396406 0.732778 0.223125 0.182778
0 0.341797 0.852361 0.212031 0.236389
0 0.312500 0.941667 0.223125 0.116667
0 0.524609 0.341944 0.134531 0.267222
0 0.609297 0.336111 0.107656 0.278333
0 0.674922 0.315139 0.134531 0.241944
0 0.725469 0.265833 0.150313 0.182778
0 0.485781 0.844583 0.151875 0.310833
0 0.560234 0.197083 0.132969 0.106944
0 0.697031 0.173056 0.172500 0.092778
0 0.427188 0.244722 0.148750 0.180000
0 0.367109 0.206806 0.136094 0.104167
0 0.295859 0.426111 0.113906 0.261667
0 0.189844 0.864861 0.155000 0.199722
0 0.101328 0.756806 0.060156 0.106944
0 0.337031 0.281528 0.075938 0.101389
0 0.149609 0.655556 0.112344 0.213889
0 0.288125 0.620278 0.145625 0.222222
0 0.208984 0.690556 0.085469 0.267222
0 0.333828 0.514722 0.167656 0.174444
0 0.287969 0.293889 0.047500 0.132222
0 0.263516 0.302500 0.061719 0.182778
0 0.242109 0.220972 0.063281 0.109722
0 0.201094 0.316528 0.019062 0.070278
0 0.231016 0.281250 0.060156 0.106944
0 0.284062 0.216806 0.055313 0.056389
0 0.219141 0.378472 0.042656 0.109722
0 0.121172 0.533194 0.036406 0.104167