0 0.728359 0.784861 0.160469 0.388611
0 0.750781 0.402083 0.140937 0.323056
0 0.521328 0.340278 0.136094 0.278333
0 0.597578 0.324306 0.148281 0.271389
0 0.386172 0.890694 0.237969 0.218611
0 0.535234 0.958750 0.125781 0.082500
0 0.207109 0.771111 0.123906 0.202222
0 0.710547 0.225833 0.158281 0.165000
0 0.676875 0.161528 0.188125 0.132500
0 0.425078 0.256806 0.143281 0.179722
0 0.315156 0.270000 0.090000 0.123889
0 0.360000 0.211806 0.094375 0.074722
0 0.306094 0.446250 0.167500 0.287500
0 0.205781 0.880139 0.116250 0.201389
0 0.096406 0.636806 0.068437 0.168056
0 0.282266 0.308472 0.053906 0.155278
0 0.235937 0.265417 0.071250 0.077500
0 0.251641 0.307917 0.040469 0.084722
0 0.214531 0.320694 0.059375 0.092500
0 0.227891 0.384722 0.082031 0.120000
0 0.156953 0.685278 0.117344 0.190556
0 0.128594 0.805694 0.076250 0.169167
0 0.532734 0.620000 0.233281 0.345000
0 0.328828 0.932778 0.198594 0.134444
0 0.353672 0.795694 0.229531 0.203611
0 0.249531 0.691111 0.125625 0.246667
0 0.220078 0.384306 0.042969 0.151389
0 0.239609 0.465278 0.052031 0.102778
0 0.195391 0.374722 0.025469 0.058333
0 0.123438 0.605833 0.047188 0.099444
0 0.112734 0.551389 0.031094 0.042222
0 0.149141 0.620833 0.036094 0.051111