0 0.555469 0.183333 0.157812 0.088889
0 0.560156 0.231944 0.157812 0.113889
0 0.610156 0.322222 0.117188 0.211111
0 0.670312 0.240278 0.081250 0.219444
0 0.733594 0.288889 0.092188 0.272222
0 0.764062 0.243056 0.062500 0.225000
0 0.312500 0.919444 0.184375 0.155556
0 0.378125 0.255556 0.090625 0.155556
0 0.102344 0.559722 0.057813 0.147222
0 0.407031 0.312500 0.117188 0.186111
0 0.559375 0.506944 0.143750 0.363889
0 0.071094 0.638889 0.042188 0.127778
0 0.148438 0.566667 0.081250 0.072222
0 0.680469 0.875000 0.132812 0.244444
0 0.114844 0.754167 0.035937 0.086111
0 0.440625 0.601389 0.115625 0.375000
0 0.346875 0.544444 0.140625 0.300000
0 0.375781 0.630556 0.139063 0.338889
0 0.465625 0.363889 0.096875 0.244444
0 0.421875 0.195833 0.125000 0.091667
0 0.291406 0.401389 0.117188 0.269444
0 0.264062 0.354167 0.078125 0.169444
0 0.557813 0.848611 0.128125 0.297222
0 0.234375 0.387500 0.053125 0.108333
0 0.285156 0.594444 0.145313 0.222222
0 0.185156 0.741667 0.126562 0.266667
0 0.579688 0.323611 0.140625 0.213889
0 0.191406 0.272222 0.073438 0.100000
0 0.250000 0.233333 0.075000 0.083333
0 0.303906 0.247222 0.123438 0.122222
0 0.127344 0.529167 0.032813 0.069444