0 0.558984 0.164167 0.167656 0.094444
0 0.563984 0.216111 0.167656 0.121111
0 0.590625 0.320694 0.180938 0.241944
0 0.681172 0.224722 0.086406 0.233333
0 0.731719 0.264722 0.074687 0.265556
0 0.780703 0.227639 0.066406 0.239167
0 0.091641 0.785833 0.039844 0.103333
0 0.229453 0.875833 0.156094 0.248333
0 0.300781 0.462361 0.169375 0.295278
0 0.221172 0.300000 0.049844 0.094444
0 0.401328 0.643889 0.091406 0.386667
0 0.484297 0.353333 0.134531 0.253889
0 0.380547 0.264583 0.146094 0.165278
0 0.728437 0.830139 0.154375 0.339722
0 0.331563 0.229167 0.127812 0.141667
0 0.401328 0.310556 0.161094 0.186111
0 0.473594 0.614444 0.096250 0.375000
0 0.770078 0.506667 0.091406 0.413333
0 0.215391 0.379722 0.044844 0.141667
0 0.278359 0.335417 0.077969 0.194722
0 0.188828 0.275000 0.044844 0.085556
0 0.422891 0.150972 0.144531 0.109167
0 0.216172 0.691111 0.156094 0.262778
0 0.523438 0.785694 0.205938 0.428056
0 0.090078 0.521389 0.059844 0.076667
0 0.294141 0.192500 0.136094 0.186111
0 0.125625 0.589306 0.074687 0.106389
0 0.148984 0.760694 0.097969 0.248056
0 0.057266 0.654306 0.114531 0.135833
0 0.110781 0.695694 0.094688 0.100278