0 0.717187 0.811111 0.146875 0.372222
0 0.754687 0.431944 0.128125 0.308333
0 0.527344 0.343056 0.126562 0.263889
0 0.603906 0.336111 0.139063 0.255556
0 0.371875 0.880556 0.218750 0.172222
0 0.517969 0.962500 0.123438 0.069444
0 0.152344 0.641667 0.114062 0.188889
0 0.720313 0.251389 0.153125 0.147222
0 0.689063 0.183333 0.184375 0.111111
0 0.434375 0.248611 0.137500 0.163889
0 0.324219 0.248611 0.085938 0.113889
0 0.371094 0.194444 0.092188 0.061111
0 0.293750 0.436111 0.143750 0.288889
0 0.192188 0.844444 0.109375 0.188889
0 0.088281 0.593056 0.060937 0.175000
0 0.296875 0.279167 0.053125 0.136111
0 0.245312 0.234722 0.068750 0.069444
0 0.265625 0.301389 0.031250 0.141667
0 0.228125 0.283333 0.065625 0.155556
0 0.117969 0.761111 0.070312 0.161111
0 0.520312 0.737500 0.209375 0.247222
0 0.304688 0.925000 0.184375 0.144444
0 0.346875 0.769444 0.215625 0.205556
0 0.238281 0.661111 0.104688 0.216667
0 0.235937 0.351389 0.031250 0.108333
0 0.241406 0.430556 0.048438 0.094444
0 0.200781 0.338889 0.023438 0.055556
0 0.118750 0.572222 0.043750 0.111111
0 0.111719 0.505556 0.029687 0.038889