0 0.709922 0.817639 0.155156 0.364722
0 0.756719 0.455833 0.133750 0.328333
0 0.530937 0.345278 0.132500 0.272778
0 0.607500 0.343750 0.144687 0.265278
0 0.351562 0.877222 0.223750 0.173889
0 0.507422 0.962083 0.124844 0.075833
0 0.248203 0.568194 0.125781 0.186389
0 0.726016 0.254861 0.155781 0.133056
0 0.696016 0.197083 0.186719 0.124167
0 0.440078 0.244028 0.141094 0.173611
0 0.330000 0.236389 0.088438 0.120000
0 0.378047 0.186944 0.093594 0.070556
0 0.294609 0.596389 0.172344 0.311667
0 0.184063 0.815278 0.115312 0.205000
0 0.084844 0.569028 0.064375 0.156944
0 0.291016 0.269722 0.050469 0.161667
0 0.251563 0.216528 0.070312 0.074167
0 0.263906 0.291389 0.043750 0.141667
0 0.226172 0.269028 0.062969 0.093056
0 0.302813 0.399722 0.141562 0.265000
0 0.150781 0.591806 0.103125 0.145833
0 0.112422 0.733611 0.073906 0.166111
0 0.547266 0.763194 0.217031 0.361944
0 0.311328 0.923056 0.197969 0.136111
0 0.336641 0.777500 0.214844 0.192778
0 0.409687 0.658889 0.169063 0.236667
0 0.231172 0.323611 0.042031 0.133333
0 0.241719 0.409167 0.050625 0.103333
0 0.204687 0.317500 0.024688 0.057222
0 0.117656 0.536667 0.042812 0.102778
0 0.111797 0.477778 0.030469 0.041111
0 0.135703 0.565694 0.067656 0.099167