0 0.444531 0.183333 0.157812 0.088889
0 0.439844 0.231944 0.157812 0.113889
0 0.414844 0.330556 0.170313 0.227778
0 0.329688 0.240278 0.081250 0.219444
0 0.282031 0.277778 0.070312 0.250000
0 0.235937 0.243056 0.062500 0.225000
0 0.885938 0.766667 0.050000 0.100000
0 0.700000 0.770833 0.100000 0.330556
0 0.692187 0.443056 0.150000 0.208333
0 0.762500 0.311111 0.046875 0.088889
0 0.592969 0.634722 0.085938 0.363889
0 0.514844 0.361111 0.126562 0.238889
0 0.612500 0.277778 0.137500 0.155556
0 0.285156 0.823611 0.145313 0.347222
0 0.644531 0.238889 0.089063 0.127778
0 0.585938 0.320833 0.134375 0.175000
0 0.525000 0.606944 0.090625 0.352778
0 0.246094 0.505556 0.085938 0.388889
0 0.749219 0.383333 0.070312 0.177778
0 0.698438 0.498611 0.131250 0.197222
0 0.792969 0.287500 0.042188 0.080556
0 0.567969 0.198611 0.132812 0.113889
0 0.753906 0.663889 0.095312 0.200000
0 0.478125 0.768056 0.193750 0.402778
0 0.882031 0.511111 0.057813 0.094444
0 0.666406 0.202778 0.132812 0.188889
0 0.832812 0.608333 0.065625 0.138889
0 0.824219 0.758333 0.104688 0.266667
0 0.918750 0.623611 0.100000 0.202778
0 0.862500 0.666667 0.087500 0.105556