0 0.560312 0.166528 0.167187 0.094167
0 0.565156 0.217778 0.167187 0.120556
0 0.591797 0.313472 0.180469 0.223611
0 0.681953 0.226806 0.086094 0.232500
0 0.748984 0.278333 0.097656 0.288333
0 0.781250 0.229722 0.066250 0.238333
0 0.302969 0.931806 0.195312 0.136389
0 0.367422 0.256111 0.132344 0.191111
0 0.080313 0.565139 0.061250 0.155833
0 0.402969 0.303333 0.124063 0.197222
0 0.557813 0.509167 0.139063 0.385556
0 0.047188 0.649028 0.044688 0.135278
0 0.129141 0.572361 0.086094 0.076389
0 0.692656 0.884861 0.140625 0.230278
0 0.117578 0.810833 0.109219 0.158889
0 0.438594 0.609167 0.122500 0.397222
0 0.339297 0.548889 0.148906 0.317778
0 0.364922 0.640139 0.130781 0.364722
0 0.465078 0.357778 0.102656 0.258889
0 0.418672 0.179722 0.132344 0.097222
0 0.280469 0.397361 0.124063 0.285278
0 0.284688 0.261944 0.105937 0.138333
0 0.502344 0.914167 0.167187 0.171667
0 0.220156 0.382639 0.056250 0.114722
0 0.273984 0.601806 0.153906 0.235278
0 0.153828 0.723889 0.148906 0.167778
0 0.174688 0.260417 0.077812 0.105833
0 0.235859 0.220972 0.074531 0.073611
0 0.303750 0.219444 0.127500 0.117778
0 0.106797 0.526806 0.041406 0.085278