0 0.561016 0.160833 0.169531 0.095556
0 0.566016 0.213194 0.169531 0.122500
0 0.592891 0.319028 0.182969 0.244722
0 0.684453 0.222083 0.087344 0.235833
0 0.735625 0.262361 0.075625 0.268611
0 0.785156 0.225000 0.067187 0.241667
0 0.130391 0.678889 0.127656 0.104444
0 0.407266 0.295278 0.137656 0.191111
0 0.044609 0.653472 0.057031 0.155278
0 0.120234 0.608611 0.114219 0.089444
0 0.116016 0.793750 0.115781 0.131389
0 0.291484 0.499583 0.167969 0.205833
0 0.301641 0.928194 0.194844 0.143611
0 0.396484 0.649028 0.082344 0.379167
0 0.478672 0.355000 0.132656 0.262778
0 0.372031 0.272778 0.144375 0.158333
0 0.311641 0.371250 0.167969 0.211944
0 0.331719 0.280417 0.117500 0.179167
0 0.483672 0.619028 0.115781 0.373056
0 0.416563 0.175833 0.135937 0.089444
0 0.751563 0.507222 0.134375 0.417778
0 0.231016 0.348889 0.073906 0.185000
0 0.247891 0.662361 0.141094 0.226944
0 0.186563 0.272778 0.045312 0.086667
0 0.338594 0.871528 0.215000 0.256944
0 0.317578 0.681806 0.159531 0.229722
0 0.307422 0.199722 0.109219 0.113333
0 0.206719 0.259444 0.045312 0.161111
0 0.199219 0.323611 0.040313 0.062778
0 0.109375 0.541528 0.035313 0.092500