0 0.444531 0.183333 0.157812 0.088889
0 0.439844 0.231944 0.157812 0.113889
0 0.414844 0.330556 0.170313 0.227778
0 0.329688 0.240278 0.081250 0.219444
0 0.282031 0.277778 0.070312 0.250000
0 0.235937 0.243056 0.062500 0.225000
0 0.823438 0.688889 0.087500 0.216667
0 0.579688 0.308333 0.143750 0.177778
0 0.919531 0.636111 0.064062 0.155556
0 0.850781 0.566667 0.089063 0.077778
0 0.864062 0.788889 0.071875 0.122222
0 0.696875 0.420833 0.137500 0.219444
0 0.685937 0.913889 0.181250 0.166667
0 0.592969 0.637500 0.085938 0.352778
0 0.521094 0.363889 0.123438 0.244444
0 0.620313 0.287500 0.134375 0.147222
0 0.718750 0.704167 0.156250 0.202778
0 0.655469 0.268056 0.101562 0.136111
0 0.516406 0.597222 0.107813 0.366667
0 0.578906 0.197222 0.126562 0.083333
0 0.253125 0.505556 0.096875 0.388889
0 0.731250 0.362500 0.068750 0.169444
0 0.677344 0.563889 0.123438 0.172222
0 0.792969 0.287500 0.042188 0.080556
0 0.651563 0.847222 0.200000 0.244444
0 0.733594 0.588889 0.101562 0.161111
0 0.764062 0.291667 0.065625 0.155556
0 0.680469 0.219444 0.101562 0.105556
0 0.783594 0.331944 0.032813 0.063889
0 0.878125 0.505556 0.028125 0.022222