0 0.553828 0.188750 0.155156 0.087500
0 0.558516 0.236250 0.155156 0.111944
0 0.575313 0.318333 0.179688 0.193889
0 0.666797 0.244583 0.079844 0.215833
0 0.729063 0.292361 0.090625 0.267500
0 0.758984 0.247222 0.061406 0.221111
0 0.315000 0.912361 0.181250 0.153056
0 0.374844 0.288194 0.122812 0.144722
0 0.108438 0.558472 0.056875 0.144722
0 0.407891 0.315694 0.115156 0.183056
0 0.551562 0.506667 0.129062 0.357778
0 0.071563 0.637917 0.035313 0.144722
0 0.164453 0.576389 0.098281 0.060000
0 0.676875 0.868472 0.130625 0.240278
0 0.136094 0.775694 0.069062 0.147500
0 0.441016 0.599583 0.113594 0.368611
0 0.366563 0.555694 0.112187 0.303056
0 0.367188 0.632361 0.122812 0.346944
0 0.454141 0.365972 0.102969 0.240278
0 0.422500 0.200833 0.122812 0.090000
0 0.294297 0.403056 0.115156 0.265000
0 0.308828 0.271944 0.101406 0.161111
0 0.538516 0.804444 0.158281 0.363333
0 0.231406 0.394861 0.038437 0.079167
0 0.288828 0.236389 0.042969 0.062778
0 0.279766 0.576250 0.138281 0.201944
0 0.202891 0.748472 0.101406 0.273056
0 0.202891 0.300417 0.061406 0.109167
0 0.250469 0.218611 0.055313 0.092778
0 0.222109 0.273194 0.078281 0.109167
0 0.130703 0.520417 0.027656 0.051944