0 0.282813 0.811111 0.146875 0.372222
0 0.245312 0.431944 0.128125 0.308333
0 0.472656 0.343056 0.126562 0.263889
0 0.396094 0.336111 0.139063 0.255556
0 0.628125 0.880556 0.218750 0.172222
0 0.482031 0.962500 0.123438 0.069444
0 0.845313 0.615278 0.093750 0.141667
0 0.279687 0.251389 0.153125 0.147222
0 0.312500 0.188889 0.184375 0.116667
0 0.565625 0.248611 0.137500 0.163889
0 0.674219 0.244444 0.079687 0.105556
0 0.628906 0.194444 0.092188 0.061111
0 0.690625 0.416667 0.137500 0.250000
0 0.810156 0.834722 0.110937 0.197222
0 0.911719 0.593056 0.060937 0.175000
0 0.703125 0.279167 0.053125 0.136111
0 0.771094 0.245833 0.035937 0.041667
0 0.736719 0.301389 0.039062 0.147222
0 0.784375 0.305556 0.043750 0.094444
0 0.726562 0.195833 0.106250 0.091667
0 0.882031 0.761111 0.070312 0.161111
0 0.682031 0.597222 0.173437 0.172222
0 0.695312 0.925000 0.184375 0.144444
0 0.656250 0.776389 0.209375 0.191667
0 0.761719 0.661111 0.104688 0.216667
0 0.767188 0.341667 0.040625 0.133333
0 0.758594 0.430556 0.048438 0.094444
0 0.800000 0.331944 0.025000 0.063889
0 0.888281 0.505556 0.029687 0.038889
0 0.881250 0.573611 0.040625 0.108333